-0.000000  -0.000001
-0.000002  -0.000004
-0.000007  -0.000008
-0.000017  -0.000014
-0.000031  -0.000020
-0.000051  -0.000026
-0.000078  -0.000031
-0.000111  -0.000035
-0.000151  -0.000037
-0.000200  -0.000037
-0.000257  -0.000034
-0.000323  -0.000028
-0.000399  -0.000017
-0.000485  -0.000001
-0.000582  0.000020
-0.000690  0.000048
-0.000809  0.000083
-0.000941  0.000126
-0.001085  0.000178
-0.001242  0.000239
-0.001412  0.000310
-0.001596  0.000392
-0.001794  0.000486
-0.002005  0.000592
-0.002231  0.000712
-0.002472  0.000845
-0.002727  0.000994
-0.002997  0.001158
-0.003282  0.001338
-0.003582  0.001536
-0.003897  0.001751
-0.004226  0.001985
-0.004571  0.002239
-0.004930  0.002512
-0.005303  0.002806
-0.005691  0.003122
-0.006093  0.003459
-0.006509  0.003819
-0.006938  0.004202
-0.007380  0.004610
-0.007835  0.005041
-0.008302  0.005498
-0.008780  0.005979
-0.009269  0.006487
-0.009769  0.007021
-0.010278  0.007581
-0.010796  0.008169
-0.011322  0.008783
-0.011856  0.009425
-0.012397  0.010095
-0.012942  0.010793
-0.013493  0.011519
-0.014047  0.012273
-0.014604  0.013055
-0.015163  0.013865
-0.015722  0.014704
-0.016280  0.015570
-0.016837  0.016464
-0.017390  0.017386
-0.017939  0.018335
-0.018483  0.019312
-0.019019  0.020315
-0.019547  0.021344
-0.020065  0.022399
-0.020573  0.023479
-0.021067  0.024584
-0.021548  0.025712
-0.022012  0.026864
-0.022460  0.028039
-0.022889  0.029235
-0.023298  0.030451
-0.023684  0.031688
-0.024048  0.032943
-0.024386  0.034217
-0.024698  0.035506
-0.024981  0.036812
-0.025235  0.038131
-0.025456  0.039464
-0.025645  0.040808
-0.025798  0.042162
-0.025916  0.043525
-0.025995  0.044896
-0.026034  0.046272
-0.026031  0.047652
-0.025986  0.049035
-0.025896  0.050419
-0.025760  0.051801
-0.025576  0.053182
-0.025343  0.054557
-0.025060  0.055926
-0.024723  0.057287
-0.024334  0.058638
-0.023889  0.059977
-0.023388  0.061301
-0.022829  0.062609
-0.022210  0.063899
-0.021532  0.065169
-0.020792  0.066416
-0.019989  0.067638
-0.019122  0.068834
-0.018190  0.070000
-0.017193  0.071135
-0.016129  0.072237
-0.014996  0.073304
-0.013796  0.074332
-0.012526  0.075320
-0.011185  0.076266
-0.009775  0.077167
-0.008292  0.078022
-0.006739  0.078827
-0.005113  0.079582
-0.003414  0.080283
-0.001643  0.080928
0.000201  0.081515
0.002118  0.082042
0.004108  0.082508
0.006172  0.082909
0.008308  0.083243
0.010516  0.083510
0.012798  0.083706
0.015151  0.083830
0.017575  0.083879
0.020070  0.083853
0.022636  0.083748
0.025271  0.083564
0.027974  0.083299
0.030745  0.082950
0.033583  0.082517
0.036486  0.081997
0.039453  0.081390
0.042484  0.080693
0.045576  0.079906
0.048727  0.079028
0.051938  0.078056
0.055205  0.076990
0.058527  0.075829
0.061902  0.074572
0.065329  0.073218
0.068804  0.071767
0.072327  0.070217
0.075894  0.068568
0.079504  0.066819
0.083154  0.064971
0.086842  0.063023
0.090564  0.060974
0.094320  0.058824
0.098105  0.056574
0.101917  0.054224
0.105753  0.051773
0.109611  0.049223
0.113487  0.046573
0.117378  0.043825
0.121281  0.040978
0.125194  0.038033
0.129112  0.034992
0.133032  0.031856
0.136951  0.028624
0.140867  0.025300
0.144774  0.021884
0.148670  0.018377
0.152552  0.014781
0.156415  0.011098
0.160257  0.007329
0.164073  0.003477
0.167859  -0.000457
0.171613  -0.004470
0.175331  -0.008561
0.179008  -0.012726
0.182641  -0.016964
0.186227  -0.021271
0.189761  -0.025646
0.193240  -0.030085
0.196661  -0.034585
0.200018  -0.039144
0.203310  -0.043758
0.206532  -0.048425
0.209680  -0.053140
0.212750  -0.057901
0.215740  -0.062704
0.218646  -0.067546
0.221463  -0.072422
0.224189  -0.077329
0.226820  -0.082264
0.229353  -0.087222
0.231783  -0.092199
0.234109  -0.097192
0.236327  -0.102197
0.238433  -0.107208
0.240425  -0.112222
0.242299  -0.117235
0.244053  -0.122242
0.245683  -0.127239
0.247188  -0.132221
0.248563  -0.137184
0.249807  -0.142123
0.250917  -0.147035
0.251891  -0.151913
0.252727  -0.156755
0.253421  -0.161554
0.253973  -0.166306
0.254380  -0.171008
0.254640  -0.175653
0.254752  -0.180238
0.254714  -0.184757
0.254525  -0.189207
0.254183  -0.193582
0.253687  -0.197877
0.253036  -0.202089
0.252229  -0.206213
0.251266  -0.210243
0.250145  -0.214176
0.248867  -0.218007
0.247430  -0.221732
0.245835  -0.225346
0.244081  -0.228845
0.242169  -0.232224
0.240099  -0.235481
0.237872  -0.238609
0.235487  -0.241606
0.232946  -0.244468
0.230249  -0.247190
0.227398  -0.249769
0.224394  -0.252200
0.221238  -0.254482
0.217931  -0.256609
0.214476  -0.258579
0.210874  -0.260389
0.207127  -0.262035
0.203238  -0.263514
0.199207  -0.264824
0.195039  -0.265961
0.190736  -0.266923
0.186300  -0.267708
0.181734  -0.268313
0.177042  -0.268736
0.172226  -0.268975
0.167291  -0.269029
0.162239  -0.268894
0.157074  -0.268571
0.151800  -0.268057
0.146421  -0.267351
0.140941  -0.266452
0.135365  -0.265359
0.129696  -0.264072
0.123938  -0.262590
0.118098  -0.260913
0.112179  -0.259039
0.106186  -0.256971
0.100124  -0.254707
0.093998  -0.252247
0.087813  -0.249594
0.081574  -0.246746
0.075288  -0.243706
0.068959  -0.240474
0.062592  -0.237052
0.056194  -0.233441
0.049769  -0.229643
0.043324  -0.225659
0.036865  -0.221492
0.030397  -0.217145
0.023926  -0.212618
0.017459  -0.207916
0.011000  -0.203041
0.004557  -0.197996
-0.001865  -0.192785
-0.008260  -0.187409
-0.014621  -0.181875
-0.020942  -0.176184
-0.027218  -0.170340
-0.033442  -0.164349
-0.039608  -0.158214
-0.045710  -0.151940
-0.051742  -0.145532
-0.057698  -0.138993
-0.063572  -0.132329
-0.069357  -0.125546
-0.075048  -0.118648
-0.080639  -0.111641
-0.086124  -0.104530
-0.091497  -0.097322
-0.096753  -0.090021
-0.101886  -0.082634
-0.106890  -0.075167
-0.111760  -0.067626
-0.116491  -0.060018
-0.121077  -0.052349
-0.125513  -0.044625
-0.129795  -0.036853
-0.133916  -0.029040
-0.137873  -0.021193
-0.141660  -0.013318
-0.145274  -0.005423
-0.148710  0.002486
-0.151963  0.010401
-0.155029  0.018315
-0.157905  0.026220
-0.160587  0.034111
-0.163071  0.041978
-0.165354  0.049816
-0.167432  0.057616
-0.169303  0.065371
-0.170963  0.073074
-0.172411  0.080718
-0.173643  0.088295
-0.174657  0.095797
-0.175452  0.103217
-0.176024  0.110549
-0.176374  0.117784
-0.176499  0.124916
-0.176398  0.131937
-0.176070  0.138840
-0.175514  0.145618
-0.174731  0.152264
-0.173719  0.158772
-0.172478  0.165133
-0.171010  0.171343
-0.169313  0.177393
-0.167389  0.183278
-0.165239  0.188991
-0.162863  0.194525
-0.160264  0.199875
-0.157443  0.205035
-0.154401  0.209998
-0.151141  0.214760
-0.147665  0.219314
-0.143976  0.223655
-0.140076  0.227778
-0.135968  0.231678
-0.131657  0.235349
-0.127145  0.238788
-0.122436  0.241990
-0.117534  0.244951
-0.112444  0.247666
-0.107169  0.250132
-0.101715  0.252345
-0.096087  0.254302
-0.090288  0.255999
-0.084326  0.257435
-0.078205  0.258605
-0.071932  0.259507
-0.065511  0.260140
-0.058950  0.260502
-0.052254  0.260590
-0.045431  0.260403
-0.038486  0.259941
-0.031428  0.259202
-0.024262  0.258185
-0.016996  0.256891
-0.009638  0.255319
-0.002195  0.253469
0.005325  0.251343
0.012914  0.248939
0.020565  0.246261
0.028270  0.243308
0.036019  0.240083
0.043805  0.236588
0.051619  0.232824
0.059453  0.228794
0.067298  0.224501
0.075145  0.219947
0.082986  0.215137
0.090812  0.210073
0.098614  0.204760
0.106382  0.199201
0.114109  0.193401
0.121784  0.187365
0.129399  0.181097
0.136946  0.174603
0.144414  0.167888
0.151794  0.160958
0.159079  0.153819
0.166258  0.146476
0.173323  0.138938
0.180264  0.131209
0.187074  0.123298
0.193743  0.115210
0.200263  0.106955
0.206624  0.098539
0.212819  0.089970
0.218838  0.081256
0.224674  0.072405
0.230319  0.063427
0.235764  0.054328
0.241001  0.045119
0.246023  0.035808
0.250821  0.026405
0.255389  0.016918
0.259720  0.007356
0.263805  -0.002269
0.267639  -0.011949
0.271214  -0.021675
0.274524  -0.031435
0.277563  -0.041220
0.280325  -0.051020
0.282804  -0.060825
0.284994  -0.070624
0.286890  -0.080407
0.288488  -0.090164
0.289782  -0.099883
0.290768  -0.109556
0.291441  -0.119170
0.291798  -0.128716
0.291836  -0.138184
0.291550  -0.147561
0.290938  -0.156839
0.289997  -0.166007
0.288725  -0.175054
0.287120  -0.183969
0.285180  -0.192743
0.282904  -0.201365
0.280290  -0.209826
0.277338  -0.218114
0.274048  -0.226220
0.270419  -0.234135
0.266452  -0.241847
0.262148  -0.249349
0.257508  -0.256631
0.252533  -0.263682
0.247225  -0.270495
0.241587  -0.277059
0.235620  -0.283367
0.229328  -0.289410
0.222713  -0.295180
0.215781  -0.300668
0.208534  -0.305867
0.200977  -0.310769
0.193115  -0.315366
0.184952  -0.319652
0.176496  -0.323620
0.167750  -0.327263
0.158722  -0.330574
0.149418  -0.333549
0.139845  -0.336181
0.130010  -0.338465
0.119921  -0.340395
0.109585  -0.341968
0.099012  -0.343179
0.088210  -0.344024
0.077187  -0.344498
0.065954  -0.344600
0.054519  -0.344326
0.042892  -0.343673
0.031085  -0.342639
0.019106  -0.341222
0.006968  -0.339422
-0.005319  -0.337237
-0.017744  -0.334666
-0.030294  -0.331709
-0.042959  -0.328366
-0.055725  -0.324638
-0.068580  -0.320527
-0.081513  -0.316032
-0.094509  -0.311157
-0.107557  -0.305903
-0.120642  -0.300274
-0.133752  -0.294271
-0.146872  -0.287900
-0.159990  -0.281163
-0.173090  -0.274065
-0.186160  -0.266611
-0.199185  -0.258807
-0.212150  -0.250657
-0.225041  -0.242168
-0.237845  -0.233346
-0.250545  -0.224198
-0.263128  -0.214732
-0.275579  -0.204955
-0.287883  -0.194875
-0.300025  -0.184502
-0.311991  -0.173842
-0.323766  -0.162907
-0.335336  -0.151706
-0.346684  -0.140249
-0.357797  -0.128545
-0.368661  -0.116607
-0.379260  -0.104445
-0.389580  -0.092071
-0.399608  -0.079497
-0.409327  -0.066734
-0.418726  -0.053796
-0.427789  -0.040695
-0.436502  -0.027444
-0.444853  -0.014057
-0.452827  -0.000548
-0.460412  0.013069
-0.467595  0.026781
-0.474362  0.040572
-0.480701  0.054427
-0.486600  0.068332
-0.492047  0.082272
-0.497030  0.096230
-0.501538  0.110191
-0.505559  0.124139
-0.509083  0.138059
-0.512100  0.151934
-0.514598  0.165747
-0.516569  0.179483
-0.518004  0.193124
-0.518892  0.206653
-0.519226  0.220055
-0.518998  0.233312
-0.518199  0.246408
-0.516822  0.259324
-0.514861  0.272045
-0.512310  0.284553
-0.509161  0.296832
-0.505411  0.308863
-0.501053  0.320631
-0.496083  0.332119
-0.490498  0.343308
-0.484293  0.354184
-0.477467  0.364729
-0.470016  0.374926
-0.461938  0.384760
-0.453233  0.394214
-0.443899  0.403271
-0.433936  0.411916
-0.423345  0.420133
-0.412126  0.427907
-0.400281  0.435222
-0.387812  0.442064
-0.374721  0.448417
-0.361012  0.454266
-0.346688  0.459599
-0.331753  0.464400
-0.316213  0.468657
-0.300072  0.472355
-0.283338  0.475483
-0.266016  0.478027
-0.248114  0.479975
-0.229640  0.481316
-0.210602  0.482038
-0.191009  0.482131
-0.170870  0.481583
-0.150196  0.480384
-0.128997  0.478526
-0.107286  0.475999
-0.085072  0.472794
-0.062370  0.468904
-0.039191  0.464320
-0.015549  0.459035
0.008541  0.453044
0.033066  0.446339
0.058010  0.438916
0.083357  0.430770
0.109092  0.421896
0.135198  0.412291
0.161658  0.401951
0.188454  0.390874
0.215568  0.379057
0.242983  0.366501
0.270678  0.353203
0.298636  0.339164
0.326835  0.324385
0.355256  0.308866
0.383878  0.292609
0.412681  0.275617
0.441642  0.257894
0.470742  0.239442
0.499956  0.220266
0.529264  0.200372
0.558643  0.179764
0.588070  0.158450
0.617521  0.136437
0.646974  0.113731
0.676405  0.090342
0.705789  0.066279
0.735104  0.041551
0.764324  0.016169
0.793426  -0.009857
0.822385  -0.036515
0.851176  -0.063792
0.879775  -0.091675
0.908156  -0.120152
0.936296  -0.149208
0.964168  -0.178828
0.991749  -0.208997
1.019013  -0.239699
1.045935  -0.270917
1.072491  -0.302634
1.098655  -0.334833
1.124403  -0.367495
1.149710  -0.400601
1.174552  -0.434133
1.198904  -0.468069
1.222743  -0.502390
1.246043  -0.537075
1.268782  -0.572102
1.290935  -0.607449
1.312480  -0.643094
1.333393  -0.679015
1.353651  -0.715188
1.373232  -0.751589
1.392114  -0.788194
1.410275  -0.824979
1.427693  -0.861919
1.444347  -0.898989
1.460217  -0.936164
1.475283  -0.973417
1.489525  -1.010722
1.502922  -1.048054
1.515458  -1.085385
1.527112  -1.122688
1.537868  -1.159937
1.547708  -1.197104
1.556616  -1.234162
1.564575  -1.271083
1.571569  -1.307839
1.577584  -1.344403
1.582605  -1.380746
1.586619  -1.416841
1.589613  -1.452659
1.591574  -1.488173
1.592491  -1.523353
1.592352  -1.558173
1.591147  -1.592604
1.588867  -1.626617
1.585503  -1.660186
1.581047  -1.693283
1.575491  -1.725879
1.568828  -1.757947
1.561054  -1.789460
1.552163  -1.820391
1.542150  -1.850713
1.531013  -1.880399
1.518748  -1.909423
1.505354  -1.937759
1.490830  -1.965380
1.475176  -1.992263
1.458392  -2.018381
1.440480  -2.043709
1.421443  -2.068225
1.401283  -2.091903
1.380004  -2.114720
1.357612  -2.136653
1.334112  -2.157681
1.309511  -2.177780
1.283816  -2.196930
1.257035  -2.215110
1.229178  -2.232299
1.200255  -2.248477
1.170276  -2.263626
1.139253  -2.277728
1.107199  -2.290763
1.074127  -2.302715
1.040050  -2.313569
1.004985  -2.323307
0.968946  -2.331914
0.931951  -2.339377
0.894016  -2.345682
0.855161  -2.350816
0.815402  -2.354766
0.774761  -2.357522
0.733258  -2.359074
0.690914  -2.359410
0.647751  -2.358523
0.603790  -2.356405
0.559057  -2.353048
0.513574  -2.348446
0.467366  -2.342593
0.420459  -2.335486
0.372878  -2.327119
0.324650  -2.317492
0.275802  -2.306600
0.226362  -2.294445
0.176358  -2.281025
0.125818  -2.266341
0.074773  -2.250395
0.023252  -2.233189
-0.028714  -2.214728
-0.081096  -2.195016
-0.133861  -2.174058
-0.186978  -2.151860
-0.240414  -2.128429
-0.294139  -2.103775
-0.348118  -2.077906
-0.402318  -2.050831
-0.456707  -2.022563
-0.511250  -1.993112
-0.565914  -1.962492
-0.620664  -1.930716
-0.675466  -1.897799
-0.730286  -1.863756
-0.785088  -1.828604
-0.839838  -1.792359
-0.894502  -1.755040
-0.949044  -1.716665
-1.003428  -1.677255
-1.057621  -1.636830
-1.111586  -1.595410
-1.165290  -1.553020
-1.218696  -1.509680
-1.271771  -1.465416
-1.324479  -1.420251
-1.376786  -1.374211
-1.428657  -1.327322
-1.480058  -1.279610
-1.530955  -1.231103
-1.581315  -1.181828
-1.631103  -1.131816
-1.680287  -1.081094
-1.728833  -1.029692
-1.776710  -0.977642
-1.823885  -0.924975
-1.870327  -0.871721
-1.916003  -0.817913
-1.960884  -0.763585
-2.004939  -0.708768
-2.048138  -0.653497
-2.090452  -0.597806
-2.131852  -0.541729
-2.172310  -0.485301
-2.211798  -0.428557
-2.250290  -0.371533
-2.287758  -0.314264
-2.324179  -0.256787
-2.359526  -0.199139
-2.393775  -0.141355
-2.426904  -0.083473
-2.458888  -0.025529
-2.489707  0.032439
-2.519339  0.090394
-2.547764  0.148299
-2.574962  0.206116
-2.600914  0.263808
-2.625604  0.321337
-2.649013  0.378666
-2.671126  0.435759
-2.691927  0.492576
-2.711403  0.549082
-2.729541  0.605239
-2.746326  0.661011
-2.761750  0.716361
-2.775800  0.771251
-2.788468  0.825647
-2.799745  0.879513
-2.809624  0.932812
-2.818098  0.985510
-2.825161  1.037571
-2.830810  1.088962
-2.835041  1.139648
-2.837851  1.189596
-2.839239  1.238772
-2.839206  1.287144
-2.837751  1.334680
-2.834876  1.381349
-2.830584  1.427119
-2.824879  1.471960
-2.817766  1.515842
-2.809251  1.558737
-2.799340  1.600616
-2.788042  1.641451
-2.775365  1.681216
-2.761320  1.719884
-2.745917  1.757430
-2.729169  1.793829
-2.711088  1.829057
-2.691688  1.863093
-2.670985  1.895912
-2.648994  1.927495
-2.625732  1.957820
-2.601217  1.986869
-2.575468  2.014622
-2.548504  2.041063
-2.520346  2.066174
-2.491015  2.089940
-2.460534  2.112346
-2.428926  2.133378
-2.396214  2.153024
-2.362424  2.171273
-2.327581  2.188112
-2.291712  2.203533
-2.254843  2.217528
-2.217003  2.230088
-2.178220  2.241207
-2.138524  2.250880
-2.097944  2.259102
-2.056511  2.265871
-2.014257  2.271183
-1.971212  2.275039
-1.927411  2.277438
-1.882885  2.278381
-1.837668  2.277870
-1.791794  2.275908
-1.745298  2.272501
-1.698214  2.267653
-1.650578  2.261371
-1.602425  2.253662
-1.553792  2.244536
-1.504715  2.234001
-1.455231  2.222070
-1.405377  2.208753
-1.355190  2.194063
-1.304707  2.178015
-1.253966  2.160624
-1.203004  2.141905
-1.151861  2.121875
-1.100573  2.100552
-1.049180  2.077956
-0.997718  2.054106
-0.946226  2.029023
-0.894742  2.002729
-0.843304  1.975247
-0.791950  1.946599
-0.740718  1.916811
-0.689645  1.885908
-0.638769  1.853916
-0.588128  1.820862
-0.537757  1.786773
-0.487694  1.751679
-0.437975  1.715608
-0.388637  1.678591
-0.339714  1.640659
-0.291243  1.601842
-0.243258  1.562173
-0.195793  1.521684
-0.148884  1.480410
-0.102562  1.438383
-0.056861  1.395638
-0.011813  1.352210
0.032549  1.308135
0.076196  1.263448
0.119095  1.218186
0.161218  1.172385
0.202536  1.126083
0.243019  1.079317
0.282640  1.032125
0.321373  0.984546
0.359191  0.936616
0.396069  0.888376
0.431982  0.839863
0.466906  0.791117
0.500819  0.742176
0.533700  0.693080
0.565526  0.643869
0.596278  0.594580
0.625937  0.545254
0.654484  0.495930
0.681902  0.446647
0.708176  0.397443
0.733289  0.348359
0.757228  0.299432
0.779979  0.250701
0.801531  0.202205
0.821872  0.153982
0.840991  0.106069
0.858881  0.058505
0.875533  0.011325
0.890940  -0.035432
0.905096  -0.081732
0.917997  -0.127537
0.929640  -0.172812
0.940020  -0.217523
0.949138  -0.261634
0.956993  -0.305113
0.963586  -0.347925
0.968917  -0.390039
0.972992  -0.431421
0.975812  -0.472042
0.977384  -0.511869
0.977714  -0.550873
0.976809  -0.589026
0.974678  -0.626297
0.971329  -0.662661
0.966773  -0.698089
0.961022  -0.732556
0.954089  -0.766037
0.945986  -0.798508
0.936729  -0.829944
0.926333  -0.860325
0.914814  -0.889627
0.902190  -0.917832
0.888480  -0.944918
0.873703  -0.970868
0.857879  -0.995664
0.841030  -1.019289
0.823178  -1.041728
0.804345  -1.062966
0.784555  -1.082990
0.763834  -1.101788
0.742206  -1.119348
0.719698  -1.135660
0.696337  -1.150715
0.672151  -1.164505
0.647167  -1.177024
0.621416  -1.188264
0.594926  -1.198223
0.567729  -1.206896
0.539854  -1.214281
0.511335  -1.220376
0.482203  -1.225182
0.452490  -1.228700
0.422229  -1.230931
0.391455  -1.231880
0.360202  -1.231549
0.328502  -1.229946
0.296393  -1.227076
0.263908  -1.222948
0.231083  -1.217570
0.197954  -1.210952
0.164556  -1.203104
0.130927  -1.194041
0.097101  -1.183773
0.063117  -1.172316
0.029009  -1.159685
-0.005185  -1.145896
-0.039428  -1.130966
-0.073683  -1.114914
-0.107915  -1.097759
-0.142085  -1.079521
-0.176159  -1.060222
-0.210098  -1.039883
-0.243868  -1.018527
-0.277431  -0.996179
-0.310753  -0.972863
-0.343796  -0.948605
-0.376527  -0.923431
-0.408909  -0.897368
-0.440908  -0.870444
-0.472490  -0.842689
-0.503622  -0.814131
-0.534268  -0.784800
-0.564397  -0.754729
-0.593977  -0.723947
-0.622974  -0.692487
-0.651358  -0.660382
-0.679097  -0.627664
-0.706163  -0.594369
-0.732525  -0.560529
-0.758154  -0.526180
-0.783022  -0.491356
-0.807102  -0.456094
-0.830367  -0.420428
-0.852792  -0.384396
-0.874350  -0.348034
-0.895019  -0.311379
-0.914775  -0.274467
-0.933594  -0.237336
-0.951457  -0.200024
-0.968341  -0.162568
-0.984227  -0.125005
-0.999097  -0.087373
-1.012932  -0.049711
-1.025717  -0.012056
-1.037434  0.025555
-1.048070  0.063083
-1.057610  0.100492
-1.066042  0.137743
-1.073355  0.174799
-1.079537  0.211624
-1.084581  0.248181
-1.088476  0.284432
-1.091216  0.320342
-1.092796  0.355875
-1.093209  0.390996
-1.092453  0.425668
-1.090525  0.459859
-1.087422  0.493532
-1.083146  0.526655
-1.077697  0.559195
-1.071076  0.591118
-1.063287  0.622393
-1.054334  0.652989
-1.044223  0.682874
-1.032960  0.712019
-1.020554  0.740394
-1.007012  0.767971
-0.992345  0.794722
-0.976565  0.820619
-0.959683  0.845637
-0.941712  0.869751
-0.922669  0.892934
-0.902567  0.915165
-0.881424  0.936421
-0.859258  0.956679
-0.836087  0.975919
-0.811931  0.994120
-0.786812  1.011265
-0.760750  1.027335
-0.733770  1.042314
-0.705894  1.056186
-0.677149  1.068936
-0.647559  1.080550
-0.617151  1.091017
-0.585953  1.100325
-0.553993  1.108463
-0.521301  1.115423
-0.487906  1.121197
-0.453841  1.125777
-0.419135  1.129159
-0.383823  1.131338
-0.347936  1.132310
-0.311509  1.132074
-0.274576  1.130628
-0.237173  1.127973
-0.199335  1.124111
-0.161099  1.119044
-0.122500  1.112776
-0.083578  1.105312
-0.044369  1.096659
-0.004911  1.086824
0.034756  1.075816
0.074593  1.063644
0.114562  1.050319
0.154622  1.035855
0.194734  1.020263
0.234857  1.003560
0.274950  0.985759
0.314974  0.966879
0.354888  0.946937
0.394651  0.925952
0.434221  0.903943
0.473559  0.880934
0.512623  0.856944
0.551372  0.831999
0.589767  0.806122
0.627765  0.779338
0.665328  0.751673
0.702414  0.723156
0.738983  0.693814
0.774997  0.663675
0.810416  0.632771
0.845200  0.601132
0.879310  0.568790
0.912710  0.535777
0.945361  0.502126
0.977225  0.467872
1.008266  0.433049
1.038448  0.397693
1.067735  0.361840
1.096092  0.325527
1.123485  0.288791
1.149880  0.251670
1.175244  0.214203
1.199546  0.176429
1.222753  0.138387
1.244836  0.100118
1.265764  0.061661
1.285509  0.023058
1.304043  -0.015650
1.321339  -0.054422
1.337371  -0.093217
1.352114  -0.131991
1.365544  -0.170704
1.377638  -0.209313
1.388375  -0.247775
1.397732  -0.286048
1.405692  -0.324089
1.412234  -0.361856
1.417342  -0.399307
1.421000  -0.436398
1.423193  -0.473087
1.423905  -0.509333
1.423126  -0.545094
1.420844  -0.580326
1.417048  -0.614990
1.411731  -0.649042
1.404883  -0.682444
1.396499  -0.715154
1.386574  -0.747131
1.375105  -0.778337
1.362088  -0.808731
1.347523  -0.838276
1.331411  -0.866932
1.313753  -0.894663
1.294552  -0.921432
1.273812  -0.947201
1.251540  -0.971936
1.227742  -0.995602
1.202426  -1.018164
1.175603  -1.039589
1.147283  -1.059844
1.117479  -1.078899
1.086206  -1.096721
1.053476  -1.113282
1.019309  -1.128552
0.983720  -1.142503
0.946730  -1.155109
0.908358  -1.166343
0.868626  -1.176180
0.827557  -1.184597
0.785175  -1.191572
0.741506  -1.197081
0.696575  -1.201106
0.650412  -1.203627
0.603045  -1.204625
0.554504  -1.204085
0.504820  -1.201989
0.454026  -1.198325
0.402155  -1.193079
0.349243  -1.186238
0.295324  -1.177794
0.240435  -1.167736
0.184615  -1.156056
0.127901  -1.142749
0.070333  -1.127809
0.011952  -1.111232
-0.047200  -1.093016
-0.107082  -1.073159
-0.167651  -1.051663
-0.228862  -1.028528
-0.290670  -1.003758
-0.353031  -0.977358
-0.415899  -0.949333
-0.479226  -0.919690
-0.542965  -0.888439
-0.607069  -0.855589
-0.671488  -0.821152
-0.736175  -0.785141
-0.801079  -0.747570
-0.866150  -0.708454
-0.931338  -0.667811
-0.996593  -0.625659
-1.061863  -0.582018
-1.127098  -0.536908
-1.192245  -0.490352
-1.257254  -0.442374
-1.322072  -0.392999
-1.386647  -0.342252
-1.450927  -0.290162
-1.514861  -0.236758
-1.578396  -0.182068
-1.641479  -0.126125
-1.704061  -0.068960
-1.766087  -0.010608
-1.827508  0.048897
-1.888271  0.109519
-1.948325  0.171221
-2.007620  0.233966
-2.066106  0.297714
-2.123731  0.362425
-2.180447  0.428059
-2.236204  0.494572
-2.290953  0.561924
-2.344647  0.630068
-2.397238  0.698962
-2.448678  0.768559
-2.498923  0.838814
-2.547925  0.909678
-2.595641  0.981106
-2.642027  1.053047
-2.687038  1.125453
-2.730633  1.198275
-2.772770  1.271462
-2.813410  1.344963
-2.852511  1.418727
-2.890036  1.492702
-2.925947  1.566836
-2.960207  1.641076
-2.992781  1.715370
-3.023636  1.789665
-3.052736  1.863906
-3.080052  1.938040
-3.105551  2.012014
-3.129205  2.085773
-3.150985  2.159263
-3.170863  2.232430
-3.188816  2.305220
-3.204817  2.377579
-3.218845  2.449453
-3.230876  2.520788
-3.240893  2.591531
-3.248874  2.661626
-3.254804  2.731023
-3.258666  2.799667
-3.260446  2.867505
-3.260131  2.934486
-3.257709  3.000558
-3.253170  3.065669
-3.246506  3.129769
-3.237711  3.192807
-3.226778  3.254733
-3.213704  3.315498
-3.198486  3.375054
-3.181125  3.433353
-3.161620  3.490348
-3.139974  3.545992
-3.116191  3.600241
-3.090277  3.653049
-3.062239  3.704374
-3.032085  3.754171
-2.999826  3.802400
-2.965473  3.849020
-2.929040  3.893991
-2.890542  3.937273
-2.849994  3.978831
-2.807415  4.018626
-2.762825  4.056624
-2.716244  4.092791
-2.667695  4.127093
-2.617201  4.159500
-2.564788  4.189980
-2.510483  4.218505
-2.454314  4.245047
-2.396310  4.269579
-2.336503  4.292076
-2.274924  4.312515
-2.211608  4.330873
-2.146590  4.347130
-2.079905  4.361267
-2.011592  4.373264
-1.941689  4.383107
-1.870237  4.390779
-1.797275  4.396268
-1.722847  4.399562
-1.646997  4.400650
-1.569768  4.399524
-1.491207  4.396177
-1.411359  4.390602
-1.330274  4.382795
-1.247998  4.372755
-1.164582  4.360480
-1.080076  4.345971
-0.994532  4.329230
-0.908001  4.310262
-0.820536  4.289070
-0.732191  4.265663
-0.643020  4.240049
-0.553077  4.212239
-0.462420  4.182243
-0.371102  4.150076
-0.279182  4.115752
-0.186716  4.079287
-0.093762  4.040701
-0.000377  4.000011
0.093380  3.957239
0.187450  3.912408
0.281774  3.865542
0.376294  3.816666
0.470950  3.765807
0.565683  3.712993
0.660432  3.658254
0.755140  3.601622
0.849745  3.543128
0.944188  3.482807
1.038411  3.420694
1.132353  3.356825
1.225955  3.291239
1.319159  3.223973
1.411905  3.155069
1.504136  3.084567
1.595793  3.012510
1.686819  2.938943
1.777157  2.863909
1.866749  2.787454
1.955539  2.709626
2.043473  2.630471
2.130494  2.550040
2.216549  2.468381
2.301584  2.385545
2.385545  2.301584
2.468381  2.216549
2.550040  2.130494
2.630471  2.043473
2.709626  1.955539
2.787454  1.866749
2.863909  1.777157
2.938943  1.686819
3.012510  1.595793
3.084567  1.504136
3.155069  1.411905
3.223973  1.319159
3.291239  1.225955
3.356825  1.132353
3.420694  1.038411
3.482807  0.944188
3.543128  0.849745
3.601622  0.755140
3.658254  0.660432
3.712993  0.565683
3.765807  0.470950
3.816666  0.376294
3.865542  0.281774
3.912408  0.187450
3.957239  0.093380
4.000011  -0.000377
4.040701  -0.093762
4.079287  -0.186716
4.115752  -0.279182
4.150076  -0.371102
4.182243  -0.462420
4.212239  -0.553077
4.240049  -0.643020
4.265663  -0.732191
4.289070  -0.820536
4.310262  -0.908001
4.329230  -0.994532
4.345971  -1.080076
4.360480  -1.164582
4.372755  -1.247998
4.382795  -1.330274
4.390602  -1.411359
4.396177  -1.491207
4.399524  -1.569768
4.400650  -1.646997
4.399562  -1.722847
4.396268  -1.797275
4.390779  -1.870237
4.383107  -1.941689
4.373264  -2.011592
4.361267  -2.079905
4.347130  -2.146590
4.330873  -2.211608
4.312515  -2.274924
4.292076  -2.336503
4.269579  -2.396310
4.245047  -2.454314
4.218505  -2.510483
4.189980  -2.564788
4.159500  -2.617201
4.127093  -2.667695
4.092791  -2.716244
4.056624  -2.762825
4.018626  -2.807415
3.978831  -2.849994
3.937273  -2.890542
3.893991  -2.929040
3.849020  -2.965473
3.802400  -2.999826
3.754171  -3.032085
3.704374  -3.062239
3.653049  -3.090277
3.600241  -3.116191
3.545992  -3.139974
3.490348  -3.161620
3.433353  -3.181125
3.375054  -3.198486
3.315498  -3.213704
3.254733  -3.226778
3.192807  -3.237711
3.129769  -3.246506
3.065669  -3.253170
3.000558  -3.257709
2.934486  -3.260131
2.867505  -3.260446
2.799667  -3.258666
2.731023  -3.254804
2.661626  -3.248874
2.591531  -3.240893
2.520788  -3.230876
2.449453  -3.218845
2.377579  -3.204817
2.305220  -3.188816
2.232430  -3.170863
2.159263  -3.150985
2.085773  -3.129205
2.012014  -3.105551
1.938040  -3.080052
1.863906  -3.052736
1.789665  -3.023636
1.715370  -2.992781
1.641076  -2.960207
1.566836  -2.925947
1.492702  -2.890036
1.418727  -2.852511
1.344963  -2.813410
1.271462  -2.772770
1.198275  -2.730633
1.125453  -2.687038
1.053047  -2.642027
0.981106  -2.595641
0.909678  -2.547925
0.838814  -2.498923
0.768559  -2.448678
0.698962  -2.397238
0.630068  -2.344647
0.561924  -2.290953
0.494572  -2.236204
0.428059  -2.180447
0.362425  -2.123731
0.297714  -2.066106
0.233966  -2.007620
0.171221  -1.948325
0.109519  -1.888271
0.048897  -1.827508
-0.010608  -1.766087
-0.068960  -1.704061
-0.126125  -1.641479
-0.182068  -1.578396
-0.236758  -1.514861
-0.290162  -1.450927
-0.342252  -1.386647
-0.392999  -1.322072
-0.442374  -1.257254
-0.490352  -1.192245
-0.536908  -1.127098
-0.582018  -1.061863
-0.625659  -0.996593
-0.667811  -0.931338
-0.708454  -0.866150
-0.747570  -0.801079
-0.785141  -0.736175
-0.821152  -0.671488
-0.855589  -0.607069
-0.888439  -0.542965
-0.919690  -0.479226
-0.949333  -0.415899
-0.977358  -0.353031
-1.003758  -0.290670
-1.028528  -0.228862
-1.051663  -0.167651
-1.073159  -0.107082
-1.093016  -0.047200
-1.111232  0.011952
-1.127809  0.070333
-1.142749  0.127901
-1.156056  0.184615
-1.167736  0.240435
-1.177794  0.295324
-1.186238  0.349243
-1.193079  0.402155
-1.198325  0.454026
-1.201989  0.504820
-1.204085  0.554504
-1.204625  0.603045
-1.203627  0.650412
-1.201106  0.696575
-1.197081  0.741506
-1.191572  0.785175
-1.184597  0.827557
-1.176180  0.868626
-1.166343  0.908358
-1.155109  0.946730
-1.142503  0.983720
-1.128552  1.019309
-1.113282  1.053476
-1.096721  1.086206
-1.078899  1.117479
-1.059844  1.147283
-1.039589  1.175603
-1.018164  1.202426
-0.995602  1.227742
-0.971936  1.251540
-0.947201  1.273812
-0.921432  1.294552
-0.894663  1.313753
-0.866932  1.331411
-0.838276  1.347523
-0.808731  1.362088
-0.778337  1.375105
-0.747131  1.386574
-0.715154  1.396499
-0.682444  1.404883
-0.649042  1.411731
-0.614990  1.417048
-0.580326  1.420844
-0.545094  1.423126
-0.509333  1.423905
-0.473087  1.423193
-0.436398  1.421000
-0.399307  1.417342
-0.361856  1.412234
-0.324089  1.405692
-0.286048  1.397732
-0.247775  1.388375
-0.209313  1.377638
-0.170704  1.365544
-0.131991  1.352114
-0.093217  1.337371
-0.054422  1.321339
-0.015650  1.304043
0.023058  1.285509
0.061661  1.265764
0.100118  1.244836
0.138387  1.222753
0.176429  1.199546
0.214203  1.175244
0.251670  1.149880
0.288791  1.123485
0.325527  1.096092
0.361840  1.067735
0.397693  1.038448
0.433049  1.008266
0.467872  0.977225
0.502126  0.945361
0.535777  0.912710
0.568790  0.879310
0.601132  0.845200
0.632771  0.810416
0.663675  0.774997
0.693814  0.738983
0.723156  0.702414
0.751673  0.665328
0.779338  0.627765
0.806122  0.589767
0.831999  0.551372
0.856944  0.512623
0.880934  0.473559
0.903943  0.434221
0.925952  0.394651
0.946937  0.354888
0.966879  0.314974
0.985759  0.274950
1.003560  0.234857
1.020263  0.194734
1.035855  0.154622
1.050319  0.114562
1.063644  0.074593
1.075816  0.034756
1.086824  -0.004911
1.096659  -0.044369
1.105312  -0.083578
1.112776  -0.122500
1.119044  -0.161099
1.124111  -0.199335
1.127973  -0.237173
1.130628  -0.274576
1.132074  -0.311509
1.132310  -0.347936
1.131338  -0.383823
1.129159  -0.419135
1.125777  -0.453841
1.121197  -0.487906
1.115423  -0.521301
1.108463  -0.553993
1.100325  -0.585953
1.091017  -0.617151
1.080550  -0.647559
1.068936  -0.677149
1.056186  -0.705894
1.042314  -0.733770
1.027335  -0.760750
1.011265  -0.786812
0.994120  -0.811931
0.975919  -0.836087
0.956679  -0.859258
0.936421  -0.881424
0.915165  -0.902567
0.892934  -0.922669
0.869751  -0.941712
0.845637  -0.959683
0.820619  -0.976565
0.794722  -0.992345
0.767971  -1.007012
0.740394  -1.020554
0.712019  -1.032960
0.682874  -1.044223
0.652989  -1.054334
0.622393  -1.063287
0.591118  -1.071076
0.559195  -1.077697
0.526655  -1.083146
0.493532  -1.087422
0.459859  -1.090525
0.425668  -1.092453
0.390996  -1.093209
0.355875  -1.092796
0.320342  -1.091216
0.284432  -1.088476
0.248181  -1.084581
0.211624  -1.079537
0.174799  -1.073355
0.137743  -1.066042
0.100492  -1.057610
0.063083  -1.048070
0.025555  -1.037434
-0.012056  -1.025717
-0.049711  -1.012932
-0.087373  -0.999097
-0.125005  -0.984227
-0.162568  -0.968341
-0.200024  -0.951457
-0.237336  -0.933594
-0.274467  -0.914775
-0.311379  -0.895019
-0.348034  -0.874350
-0.384396  -0.852792
-0.420428  -0.830367
-0.456094  -0.807102
-0.491356  -0.783022
-0.526180  -0.758154
-0.560529  -0.732525
-0.594369  -0.706163
-0.627664  -0.679097
-0.660382  -0.651358
-0.692487  -0.622974
-0.723947  -0.593977
-0.754729  -0.564397
-0.784800  -0.534268
-0.814131  -0.503622
-0.842689  -0.472490
-0.870444  -0.440908
-0.897368  -0.408909
-0.923431  -0.376527
-0.948605  -0.343796
-0.972863  -0.310753
-0.996179  -0.277431
-1.018527  -0.243868
-1.039883  -0.210098
-1.060222  -0.176159
-1.079521  -0.142085
-1.097759  -0.107915
-1.114914  -0.073683
-1.130966  -0.039428
-1.145896  -0.005185
-1.159685  0.029009
-1.172316  0.063117
-1.183773  0.097101
-1.194041  0.130927
-1.203104  0.164556
-1.210952  0.197954
-1.217570  0.231083
-1.222948  0.263908
-1.227076  0.296393
-1.229946  0.328502
-1.231549  0.360202
-1.231880  0.391455
-1.230931  0.422229
-1.228700  0.452490
-1.225182  0.482203
-1.220376  0.511335
-1.214281  0.539854
-1.206896  0.567729
-1.198223  0.594926
-1.188264  0.621416
-1.177024  0.647167
-1.164505  0.672151
-1.150715  0.696337
-1.135660  0.719698
-1.119348  0.742206
-1.101788  0.763834
-1.082990  0.784555
-1.062966  0.804345
-1.041728  0.823178
-1.019289  0.841030
-0.995664  0.857879
-0.970868  0.873703
-0.944918  0.888480
-0.917832  0.902190
-0.889627  0.914814
-0.860325  0.926333
-0.829944  0.936729
-0.798508  0.945986
-0.766037  0.954089
-0.732556  0.961022
-0.698089  0.966773
-0.662661  0.971329
-0.626297  0.974678
-0.589026  0.976809
-0.550873  0.977714
-0.511869  0.977384
-0.472042  0.975812
-0.431421  0.972992
-0.390039  0.968917
-0.347925  0.963586
-0.305113  0.956993
-0.261634  0.949138
-0.217523  0.940020
-0.172812  0.929640
-0.127537  0.917997
-0.081732  0.905096
-0.035432  0.890940
0.011325  0.875533
0.058505  0.858881
0.106069  0.840991
0.153982  0.821872
0.202205  0.801531
0.250701  0.779979
0.299432  0.757228
0.348359  0.733289
0.397443  0.708176
0.446647  0.681902
0.495930  0.654484
0.545254  0.625937
0.594580  0.596278
0.643869  0.565526
0.693080  0.533700
0.742176  0.500819
0.791117  0.466906
0.839863  0.431982
0.888376  0.396069
0.936616  0.359191
0.984546  0.321373
1.032125  0.282640
1.079317  0.243019
1.126083  0.202536
1.172385  0.161218
1.218186  0.119095
1.263448  0.076196
1.308135  0.032549
1.352210  -0.011813
1.395638  -0.056861
1.438383  -0.102562
1.480410  -0.148884
1.521684  -0.195793
1.562173  -0.243258
1.601842  -0.291243
1.640659  -0.339714
1.678591  -0.388637
1.715608  -0.437975
1.751679  -0.487694
1.786773  -0.537757
1.820862  -0.588128
1.853916  -0.638769
1.885908  -0.689645
1.916811  -0.740718
1.946599  -0.791950
1.975247  -0.843304
2.002729  -0.894742
2.029023  -0.946226
2.054106  -0.997718
2.077956  -1.049180
2.100552  -1.100573
2.121875  -1.151861
2.141905  -1.203004
2.160624  -1.253966
2.178015  -1.304707
2.194063  -1.355190
2.208753  -1.405377
2.222070  -1.455231
2.234001  -1.504715
2.244536  -1.553792
2.253662  -1.602425
2.261371  -1.650578
2.267653  -1.698214
2.272501  -1.745298
2.275908  -1.791794
2.277870  -1.837668
2.278381  -1.882885
2.277438  -1.927411
2.275039  -1.971212
2.271183  -2.014257
2.265871  -2.056511
2.259102  -2.097944
2.250880  -2.138524
2.241207  -2.178220
2.230088  -2.217003
2.217528  -2.254843
2.203533  -2.291712
2.188112  -2.327581
2.171273  -2.362424
2.153024  -2.396214
2.133378  -2.428926
2.112346  -2.460534
2.089940  -2.491015
2.066174  -2.520346
2.041063  -2.548504
2.014622  -2.575468
1.986869  -2.601217
1.957820  -2.625732
1.927495  -2.648994
1.895912  -2.670985
1.863093  -2.691688
1.829057  -2.711088
1.793829  -2.729169
1.757430  -2.745917
1.719884  -2.761320
1.681216  -2.775365
1.641451  -2.788042
1.600616  -2.799340
1.558737  -2.809251
1.515842  -2.817766
1.471960  -2.824879
1.427119  -2.830584
1.381349  -2.834876
1.334680  -2.837751
1.287144  -2.839206
1.238772  -2.839239
1.189596  -2.837851
1.139648  -2.835041
1.088962  -2.830810
1.037571  -2.825161
0.985510  -2.818098
0.932812  -2.809624
0.879513  -2.799745
0.825647  -2.788468
0.771251  -2.775800
0.716361  -2.761750
0.661011  -2.746326
0.605239  -2.729541
0.549082  -2.711403
0.492576  -2.691927
0.435759  -2.671126
0.378666  -2.649013
0.321337  -2.625604
0.263808  -2.600914
0.206116  -2.574962
0.148299  -2.547764
0.090394  -2.519339
0.032439  -2.489707
-0.025529  -2.458888
-0.083473  -2.426904
-0.141355  -2.393775
-0.199139  -2.359526
-0.256787  -2.324179
-0.314264  -2.287758
-0.371533  -2.250290
-0.428557  -2.211798
-0.485301  -2.172310
-0.541729  -2.131852
-0.597806  -2.090452
-0.653497  -2.048138
-0.708768  -2.004939
-0.763585  -1.960884
-0.817913  -1.916003
-0.871721  -1.870327
-0.924975  -1.823885
-0.977642  -1.776710
-1.029692  -1.728833
-1.081094  -1.680287
-1.131816  -1.631103
-1.181828  -1.581315
-1.231103  -1.530955
-1.279610  -1.480058
-1.327322  -1.428657
-1.374211  -1.376786
-1.420251  -1.324479
-1.465416  -1.271771
-1.509680  -1.218696
-1.553020  -1.165290
-1.595410  -1.111586
-1.636830  -1.057621
-1.677255  -1.003428
-1.716665  -0.949044
-1.755040  -0.894502
-1.792359  -0.839838
-1.828604  -0.785088
-1.863756  -0.730286
-1.897799  -0.675466
-1.930716  -0.620664
-1.962492  -0.565914
-1.993112  -0.511250
-2.022563  -0.456707
-2.050831  -0.402318
-2.077906  -0.348118
-2.103775  -0.294139
-2.128429  -0.240414
-2.151860  -0.186978
-2.174058  -0.133861
-2.195016  -0.081096
-2.214728  -0.028714
-2.233189  0.023252
-2.250395  0.074773
-2.266341  0.125818
-2.281025  0.176358
-2.294445  0.226362
-2.306600  0.275802
-2.317492  0.324650
-2.327119  0.372878
-2.335486  0.420459
-2.342593  0.467366
-2.348446  0.513574
-2.353048  0.559057
-2.356405  0.603790
-2.358523  0.647751
-2.359410  0.690914
-2.359074  0.733258
-2.357522  0.774761
-2.354766  0.815402
-2.350816  0.855161
-2.345682  0.894016
-2.339377  0.931951
-2.331914  0.968946
-2.323307  1.004985
-2.313569  1.040050
-2.302715  1.074127
-2.290763  1.107199
-2.277728  1.139253
-2.263626  1.170276
-2.248477  1.200255
-2.232299  1.229178
-2.215110  1.257035
-2.196930  1.283816
-2.177780  1.309511
-2.157681  1.334112
-2.136653  1.357612
-2.114720  1.380004
-2.091903  1.401283
-2.068225  1.421443
-2.043709  1.440480
-2.018381  1.458392
-1.992263  1.475176
-1.965380  1.490830
-1.937759  1.505354
-1.909423  1.518748
-1.880399  1.531013
-1.850713  1.542150
-1.820391  1.552163
-1.789460  1.561054
-1.757947  1.568828
-1.725879  1.575491
-1.693283  1.581047
-1.660186  1.585503
-1.626617  1.588867
-1.592604  1.591147
-1.558173  1.592352
-1.523353  1.592491
-1.488173  1.591574
-1.452659  1.589613
-1.416841  1.586619
-1.380746  1.582605
-1.344403  1.577584
-1.307839  1.571569
-1.271083  1.564575
-1.234162  1.556616
-1.197104  1.547708
-1.159937  1.537868
-1.122688  1.527112
-1.085385  1.515458
-1.048054  1.502922
-1.010722  1.489525
-0.973417  1.475283
-0.936164  1.460217
-0.898989  1.444347
-0.861919  1.427693
-0.824979  1.410275
-0.788194  1.392114
-0.751589  1.373232
-0.715188  1.353651
-0.679015  1.333393
-0.643094  1.312480
-0.607449  1.290935
-0.572102  1.268782
-0.537075  1.246043
-0.502390  1.222743
-0.468069  1.198904
-0.434133  1.174552
-0.400601  1.149710
-0.367495  1.124403
-0.334833  1.098655
-0.302634  1.072491
-0.270917  1.045935
-0.239699  1.019013
-0.208997  0.991749
-0.178828  0.964168
-0.149208  0.936296
-0.120152  0.908156
-0.091675  0.879775
-0.063792  0.851176
-0.036515  0.822385
-0.009857  0.793426
0.016169  0.764324
0.041551  0.735104
0.066279  0.705789
0.090342  0.676405
0.113731  0.646974
0.136437  0.617521
0.158450  0.588070
0.179764  0.558643
0.200372  0.529264
0.220266  0.499956
0.239442  0.470742
0.257894  0.441642
0.275617  0.412681
0.292609  0.383878
0.308866  0.355256
0.324385  0.326835
0.339164  0.298636
0.353203  0.270678
0.366501  0.242983
0.379057  0.215568
0.390874  0.188454
0.401951  0.161658
0.412291  0.135198
0.421896  0.109092
0.430770  0.083357
0.438916  0.058010
0.446339  0.033066
0.453044  0.008541
0.459035  -0.015549
0.464320  -0.039191
0.468904  -0.062370
0.472794  -0.085072
0.475999  -0.107286
0.478526  -0.128997
0.480384  -0.150196
0.481583  -0.170870
0.482131  -0.191009
0.482038  -0.210602
0.481316  -0.229640
0.479975  -0.248114
0.478027  -0.266016
0.475483  -0.283338
0.472355  -0.300072
0.468657  -0.316213
0.464400  -0.331753
0.459599  -0.346688
0.454266  -0.361012
0.448417  -0.374721
0.442064  -0.387812
0.435222  -0.400281
0.427907  -0.412126
0.420133  -0.423345
0.411916  -0.433936
0.403271  -0.443899
0.394214  -0.453233
0.384760  -0.461938
0.374926  -0.470016
0.364729  -0.477467
0.354184  -0.484293
0.343308  -0.490498
0.332119  -0.496083
0.320631  -0.501053
0.308863  -0.505411
0.296832  -0.509161
0.284553  -0.512310
0.272045  -0.514861
0.259324  -0.516822
0.246408  -0.518199
0.233312  -0.518998
0.220055  -0.519226
0.206653  -0.518892
0.193124  -0.518004
0.179483  -0.516569
0.165747  -0.514598
0.151934  -0.512100
0.138059  -0.509083
0.124139  -0.505559
0.110191  -0.501538
0.096230  -0.497030
0.082272  -0.492047
0.068332  -0.486600
0.054427  -0.480701
0.040572  -0.474362
0.026781  -0.467595
0.013069  -0.460412
-0.000548  -0.452827
-0.014057  -0.444853
-0.027444  -0.436502
-0.040695  -0.427789
-0.053796  -0.418726
-0.066734  -0.409327
-0.079497  -0.399608
-0.092071  -0.389580
-0.104445  -0.379260
-0.116607  -0.368661
-0.128545  -0.357797
-0.140249  -0.346684
-0.151706  -0.335336
-0.162907  -0.323766
-0.173842  -0.311991
-0.184502  -0.300025
-0.194875  -0.287883
-0.204955  -0.275579
-0.214732  -0.263128
-0.224198  -0.250545
-0.233346  -0.237845
-0.242168  -0.225041
-0.250657  -0.212150
-0.258807  -0.199185
-0.266611  -0.186160
-0.274065  -0.173090
-0.281163  -0.159990
-0.287900  -0.146872
-0.294271  -0.133752
-0.300274  -0.120642
-0.305903  -0.107557
-0.311157  -0.094509
-0.316032  -0.081513
-0.320527  -0.068580
-0.324638  -0.055725
-0.328366  -0.042959
-0.331709  -0.030294
-0.334666  -0.017744
-0.337237  -0.005319
-0.339422  0.006968
-0.341222  0.019106
-0.342639  0.031085
-0.343673  0.042892
-0.344326  0.054519
-0.344600  0.065954
-0.344498  0.077187
-0.344024  0.088210
-0.343179  0.099012
-0.341968  0.109585
-0.340395  0.119921
-0.338465  0.130010
-0.336181  0.139845
-0.333549  0.149418
-0.330574  0.158722
-0.327263  0.167750
-0.323620  0.176496
-0.319652  0.184952
-0.315366  0.193115
-0.310769  0.200977
-0.305867  0.208534
-0.300668  0.215781
-0.295180  0.222713
-0.289410  0.229328
-0.283367  0.235620
-0.277059  0.241587
-0.270495  0.247225
-0.263682  0.252533
-0.256631  0.257508
-0.249349  0.262148
-0.241847  0.266452
-0.234135  0.270419
-0.226220  0.274048
-0.218114  0.277338
-0.209826  0.280290
-0.201365  0.282904
-0.192743  0.285180
-0.183969  0.287120
-0.175054  0.288725
-0.166007  0.289997
-0.156839  0.290938
-0.147561  0.291550
-0.138184  0.291836
-0.128716  0.291798
-0.119170  0.291441
-0.109556  0.290768
-0.099883  0.289782
-0.090164  0.288488
-0.080407  0.286890
-0.070624  0.284994
-0.060825  0.282804
-0.051020  0.280325
-0.041220  0.277563
-0.031435  0.274524
-0.021675  0.271214
-0.011949  0.267639
-0.002269  0.263805
0.007356  0.259720
0.016918  0.255389
0.026405  0.250821
0.035808  0.246023
0.045119  0.241001
0.054328  0.235764
0.063427  0.230319
0.072405  0.224674
0.081256  0.218838
0.089970  0.212819
0.098539  0.206624
0.106955  0.200263
0.115210  0.193743
0.123298  0.187074
0.131209  0.180264
0.138938  0.173323
0.146476  0.166258
0.153819  0.159079
0.160958  0.151794
0.167888  0.144414
0.174603  0.136946
0.181097  0.129399
0.187365  0.121784
0.193401  0.114109
0.199201  0.106382
0.204760  0.098614
0.210073  0.090812
0.215137  0.082986
0.219947  0.075145
0.224501  0.067298
0.228794  0.059453
0.232824  0.051619
0.236588  0.043805
0.240083  0.036019
0.243308  0.028270
0.246261  0.020565
0.248939  0.012914
0.251343  0.005325
0.253469  -0.002195
0.255319  -0.009638
0.256891  -0.016996
0.258185  -0.024262
0.259202  -0.031428
0.259941  -0.038486
0.260403  -0.045431
0.260590  -0.052254
0.260502  -0.058950
0.260140  -0.065511
0.259507  -0.071932
0.258605  -0.078205
0.257435  -0.084326
0.255999  -0.090288
0.254302  -0.096087
0.252345  -0.101715
0.250132  -0.107169
0.247666  -0.112444
0.244951  -0.117534
0.241990  -0.122436
0.238788  -0.127145
0.235349  -0.131657
0.231678  -0.135968
0.227778  -0.140076
0.223655  -0.143976
0.219314  -0.147665
0.214760  -0.151141
0.209998  -0.154401
0.205035  -0.157443
0.199875  -0.160264
0.194525  -0.162863
0.188991  -0.165239
0.183278  -0.167389
0.177393  -0.169313
0.171343  -0.171010
0.165133  -0.172478
0.158772  -0.173719
0.152264  -0.174731
0.145618  -0.175514
0.138840  -0.176070
0.131937  -0.176398
0.124916  -0.176499
0.117784  -0.176374
0.110549  -0.176024
0.103217  -0.175452
0.095797  -0.174657
0.088295  -0.173643
0.080718  -0.172411
0.073074  -0.170963
0.065371  -0.169303
0.057616  -0.167432
0.049816  -0.165354
0.041978  -0.163071
0.034111  -0.160587
0.026220  -0.157905
0.018315  -0.155029
0.010401  -0.151963
0.002486  -0.148710
-0.005423  -0.145274
-0.013318  -0.141660
-0.021193  -0.137873
-0.029040  -0.133916
-0.036853  -0.129795
-0.044625  -0.125513
-0.052349  -0.121077
-0.060018  -0.116491
-0.067626  -0.111760
-0.075167  -0.106890
-0.082634  -0.101886
-0.090021  -0.096753
-0.097322  -0.091497
-0.104530  -0.086124
-0.111641  -0.080639
-0.118648  -0.075048
-0.125546  -0.069357
-0.132329  -0.063572
-0.138993  -0.057698
-0.145532  -0.051742
-0.151940  -0.045710
-0.158214  -0.039608
-0.164349  -0.033442
-0.170340  -0.027218
-0.176184  -0.020942
-0.181875  -0.014621
-0.187409  -0.008260
-0.192785  -0.001865
-0.197996  0.004557
-0.203041  0.011000
-0.207916  0.017459
-0.212618  0.023926
-0.217145  0.030397
-0.221492  0.036865
-0.225659  0.043324
-0.229643  0.049769
-0.233441  0.056194
-0.237052  0.062592
-0.240474  0.068959
-0.243706  0.075288
-0.246746  0.081574
-0.249594  0.087813
-0.252247  0.093998
-0.254707  0.100124
-0.256971  0.106186
-0.259039  0.112179
-0.260913  0.118098
-0.262590  0.123938
-0.264072  0.129696
-0.265359  0.135365
-0.266452  0.140941
-0.267351  0.146421
-0.268057  0.151800
-0.268571  0.157074
-0.268894  0.162239
-0.269029  0.167291
-0.268975  0.172226
-0.268736  0.177042
-0.268313  0.181734
-0.267708  0.186300
-0.266923  0.190736
-0.265961  0.195039
-0.264824  0.199207
-0.263514  0.203238
-0.262035  0.207127
-0.260389  0.210874
-0.258579  0.214476
-0.256609  0.217931
-0.254482  0.221238
-0.252200  0.224394
-0.249769  0.227398
-0.247190  0.230249
-0.244468  0.232946
-0.241606  0.235487
-0.238609  0.237872
-0.235481  0.240099
-0.232224  0.242169
-0.228845  0.244081
-0.225346  0.245835
-0.221732  0.247430
-0.218007  0.248867
-0.214176  0.250145
-0.210243  0.251266
-0.206213  0.252229
-0.202089  0.253036
-0.197877  0.253687
-0.193582  0.254183
-0.189207  0.254525
-0.184757  0.254714
-0.180238  0.254752
-0.175653  0.254640
-0.171008  0.254380
-0.166306  0.253973
-0.161554  0.253421
-0.156755  0.252727
-0.151913  0.251891
-0.147035  0.250917
-0.142123  0.249807
-0.137184  0.248563
-0.132221  0.247188
-0.127239  0.245683
-0.122242  0.244053
-0.117235  0.242299
-0.112222  0.240425
-0.107208  0.238433
-0.102197  0.236327
-0.097192  0.234109
-0.092199  0.231783
-0.087222  0.229353
-0.082264  0.226820
-0.077329  0.224189
-0.072422  0.221463
-0.067546  0.218646
-0.062704  0.215740
-0.057901  0.212750
-0.053140  0.209680
-0.048425  0.206532
-0.043758  0.203310
-0.039144  0.200018
-0.034585  0.196661
-0.030085  0.193240
-0.025646  0.189761
-0.021271  0.186227
-0.016964  0.182641
-0.012726  0.179008
-0.008561  0.175331
-0.004470  0.171613
-0.000457  0.167859
0.003477  0.164073
0.007329  0.160257
0.011098  0.156415
0.014781  0.152552
0.018377  0.148670
0.021884  0.144774
0.025300  0.140867
0.028624  0.136951
0.031856  0.133032
0.034992  0.129112
0.038033  0.125194
0.040978  0.121281
0.043825  0.117378
0.046573  0.113487
0.049223  0.109611
0.051773  0.105753
0.054224  0.101917
0.056574  0.098105
0.058824  0.094320
0.060974  0.090564
0.063023  0.086842
0.064971  0.083154
0.066819  0.079504
0.068568  0.075894
0.070217  0.072327
0.071767  0.068804
0.073218  0.065329
0.074572  0.061902
0.075829  0.058527
0.076990  0.055205
0.078056  0.051938
0.079028  0.048727
0.079906  0.045576
0.080693  0.042484
0.081390  0.039453
0.081997  0.036486
0.082517  0.033583
0.082950  0.030745
0.083299  0.027974
0.083564  0.025271
0.083748  0.022636
0.083853  0.020070
0.083879  0.017575
0.083830  0.015151
0.083706  0.012798
0.083510  0.010516
0.083243  0.008308
0.082909  0.006172
0.082508  0.004108
0.082042  0.002118
0.081515  0.000201
0.080928  -0.001643
0.080283  -0.003414
0.079582  -0.005113
0.078827  -0.006739
0.078022  -0.008292
0.077167  -0.009775
0.076266  -0.011185
0.075320  -0.012526
0.074332  -0.013796
0.073304  -0.014996
0.072237  -0.016129
0.071135  -0.017193
0.070000  -0.018190
0.068834  -0.019122
0.067638  -0.019989
0.066416  -0.020792
0.065169  -0.021532
0.063899  -0.022210
0.062609  -0.022829
0.061301  -0.023388
0.059977  -0.023889
0.058638  -0.024334
0.057287  -0.024723
0.055926  -0.025060
0.054557  -0.025343
0.053182  -0.025576
0.051801  -0.025760
0.050419  -0.025896
0.049035  -0.025986
0.047652  -0.026031
0.046272  -0.026034
0.044896  -0.025995
0.043525  -0.025916
0.042162  -0.025798
0.040808  -0.025645
0.039464  -0.025456
0.038131  -0.025235
0.036812  -0.024981
0.035506  -0.024698
0.034217  -0.024386
0.032943  -0.024048
0.031688  -0.023684
0.030451  -0.023298
0.029235  -0.022889
0.028039  -0.022460
0.026864  -0.022012
0.025712  -0.021548
0.024584  -0.021067
0.023479  -0.020573
0.022399  -0.020065
0.021344  -0.019547
0.020315  -0.019019
0.019312  -0.018483
0.018335  -0.017939
0.017386  -0.017390
0.016464  -0.016837
0.015570  -0.016280
0.014704  -0.015722
0.013865  -0.015163
0.013055  -0.014604
0.012273  -0.014047
0.011519  -0.013493
0.010793  -0.012942
0.010095  -0.012397
0.009425  -0.011856
0.008783  -0.011322
0.008169  -0.010796
0.007581  -0.010278
0.007021  -0.009769
0.006487  -0.009269
0.005979  -0.008780
0.005498  -0.008302
0.005041  -0.007835
0.004610  -0.007380
0.004202  -0.006938
0.003819  -0.006509
0.003459  -0.006093
0.003122  -0.005691
0.002806  -0.005303
0.002512  -0.004930
0.002239  -0.004571
0.001985  -0.004226
0.001751  -0.003897
0.001536  -0.003582
0.001338  -0.003282
0.001158  -0.002997
0.000994  -0.002727
0.000845  -0.002472
0.000712  -0.002231
0.000592  -0.002005
0.000486  -0.001794
0.000392  -0.001596
0.000310  -0.001412
0.000239  -0.001242
0.000178  -0.001085
0.000126  -0.000941
0.000083  -0.000809
0.000048  -0.000690
0.000020  -0.000582
-0.000001  -0.000485
-0.000017  -0.000399
-0.000028  -0.000323
-0.000034  -0.000257
-0.000037  -0.000200
-0.000037  -0.000151
-0.000035  -0.000111
-0.000031  -0.000078
-0.000026  -0.000051
-0.000020  -0.000031
-0.000014  -0.000017
-0.000008  -0.000007
-0.000004  -0.000002
-0.000001  -0.000000
