0
003
0
0
0
0
0
0
0
0
-1
-42078.6
30.8
-2.88862 0 0 0 0 
-2.88829 0 0 0 0 
-2.77996 0 0 0 0 
-2.73532 0 0 0 0 
-2.66277 0 0 0 0 
-2.63323 0 0 0 0 
-2.59974 0 0 0 0 
-2.5331 0 0 0 0 
0 0 0 0 0 
0 0 0 0 0 
0 0 0 0 0 
0 0 0 0 0 
0 0 0 0 0 
0 0 0 0 0 
0 0 0 0 0 
0 0 0 0 0 
-7.32938e-005 3.03771e-005 1.03377e-005 0.0121909 -0.00023823 -0.00041094 0.000285381 -0.00029 
0.000202539 5.75986e-005 1.24995e-006 0.0242501 -5.43865e-006 -2.54904e-005 -0.000160565 8e-005 
-0.000100047 0.000336673 0.00053717 0.0443139 0.000466422 0.000467831 0.000271082 -4e-005 
-0.000395508 0.000447641 0.00120796 0.077802 0.00108437 0.000481947 0.000578748 0.00032 
0.000362279 0.000492625 0.00139969 0.128234 0.00127133 0.00049216 1.1731e-005 0.00031 
8.68994e-006 0.00106106 0.00270042 0.200753 0.00275261 0.0010707 0.000458202 -6e-005 
0.000676409 0.00116264 0.0045491 0.295414 0.00376579 0.00175866 0.000442237 0.00046 
0.000633234 0.00190942 0.00553197 0.413391 0.00574823 0.00264694 0.000830489 -0.00028 
0.000850375 0.00242962 0.00811415 0.545334 0.00798955 0.0032692 0.00101961 -0.00021 
0.00105213 0.00357648 0.0102061 0.68094 0.0089083 0.00360052 0.00100573 0.00011 
0.000627552 0.00355433 0.0113418 0.803977 0.0108192 0.00464435 0.00158705 -0.00015 
0.00115418 0.00420199 0.0129488 0.898996 0.0119612 0.00489782 0.00192943 0 
0.00158298 0.00500061 0.0134813 0.949999 0.0130285 0.00520219 0.00161395 0.00023 
0.00104298 0.00452061 0.0139613 0.950129 0.0126785 0.00492219 0.00196395 0.00016 
0.00131418 0.00473199 0.0131988 0.898886 0.0127712 0.00528782 0.00171943 -6e-005 
0.00148755 0.00345433 0.0114218 0.804707 0.0105992 0.00493434 0.00136705 9e-005 
0.00136213 0.00319648 0.0101161 0.68134 0.0098283 0.00349052 0.00167573 0.00042 
0.000650375 0.00255962 0.00811415 0.545124 0.00785955 0.0030292 0.00156961 -0.00011 
0.000323234 0.00213942 0.00644197 0.412501 0.00611823 0.00199694 0.00121049 3e-005 
0.000256409 0.00141264 0.0038991 0.295914 0.00400579 0.00212866 0.000392237 -0.00026 
0.00067869 0.00093106 0.00326042 0.200983 0.00249261 0.0011807 0.000398202 4e-005 
-0.000287721 0.000172625 0.00225969 0.128464 0.00214133 0.00097216 0.000131731 -0.0004 
-0.000375508 0.000777641 0.00123796 0.078242 0.000714367 0.000851947 0.000318748 -5e-005 
8.99528e-005 6.67281e-006 0.00050717 0.0444539 0.000146422 0.000637831 8.10821e-005 -1e-005 
0.000452539 0.000317599 0.00040125 0.0247501 0.000314561 0.00038451 0.000479435 0.00036 
0.000361538 0.000108191 0.000736769 0.0114035 -0.00018907 -0.000233116 0.000576438 -0.00037 
-0.000209096 -0.000229272 0.00115391 0.0227559 0.000685609 -0.000213909 0.000716268 0.00024 
-0.000190936 -0.000101738 0.00227394 0.0424541 0.000795821 0.000127117 0.000113744 -0.00028 
-6.01944e-005 0.00110671 0.00335497 0.0733196 0.00224478 0.000448717 0.00115083 0.00018 
0.000878347 0.0010957 0.00586467 0.120927 0.00366639 0.00170471 0.000853865 -0.00032 
0.00063806 0.00153007 0.00911548 0.18838 0.00548076 0.00247237 0.00241354 0.00037 
0.000745616 0.00229719 0.0134484 0.277307 0.00768783 0.00386531 0.00332016 -0.00045 
0.00158554 0.00392281 0.0186788 0.387267 0.0106866 0.00437414 0.00423706 8e-005 
0.00169598 0.00477 0.0245184 0.511717 0.0140735 0.0068116 0.00536773 0.00041 
0.00245788 0.00596705 0.0311045 0.638126 0.0165662 0.00806961 0.0065433 -0.00048 
0.00229918 0.00687836 0.0363566 0.754114 0.020125 0.00920405 0.00766529 -0.00025 
0.00316404 0.00795845 0.0404227 0.842371 0.0226319 0.0101074 0.00877369 0.00027 
0.00365508 0.00850396 0.0435966 0.891403 0.0234122 0.0115423 0.00984433 -0.00036 
0.00301508 0.00805396 0.0427566 0.890793 0.0235722 0.0115123 0.00999433 -0.00036 
0.00343404 0.00737845 0.0407227 0.843041 0.0228319 0.0109374 0.00924369 -0.00026 
0.00220918 0.00691836 0.0366266 0.754014 0.019935 0.00985405 0.00778529 -0.00016 
0.00187788 0.00579705 0.0313145 0.638876 0.0172662 0.00777961 0.0069533 0.00024 
0.00153598 0.00449 0.0248084 0.511207 0.0139935 0.0060916 0.00587773 0.00022 
0.00120554 0.00331281 0.0190988 0.387567 0.0103666 0.00493414 0.00421706 9e-005 
0.00121562 0.00243719 0.0133984 0.277037 0.00745783 0.00330531 0.00262016 -0.00017 
0.00080806 0.00162007 0.00870548 0.18778 0.00541076 0.00218237 0.00161354 0.0002 
0.000338347 0.000795698 0.00543467 0.120187 0.00285639 0.00170471 0.00112387 0.00037 
-0.000130194 0.000996705 0.00362497 0.0728096 0.00232478 0.000958717 0.000740834 0.00047 
0.000179064 0.000178262 0.00174394 0.0415941 0.00117582 0.000237117 8.37438e-005 -0.00032 
0.000260904 0.000120728 0.00148391 0.0224159 0.000215609 0.000676091 0.000306268 0.00027 
23.5
1.03361 -0.00467846 
0.997126 -0.0518989 
0.957248 0.028189 
0.958068 0.0353145 
0.969532 -0.00892863 
0.961439 0.00680067 
0.959857 -0.000954585 
0.959831 0.00530094 
0.958397 0.00362433 
0.960031 -0.00195818 
0.961061 0.00542211 
0.960374 0.00291618 
0.959684 4.3621e-005 
0.960484 0.00230807 
0.958393 0.00202557 
0.960304 0.00211925 
0.958272 0.00174553 
0.958196 0.00605068 
0.957676 0.00476647 
0.960732 0.00631868 
0.957405 -0.00528755 
0.959733 0.0204632 
0.956888 0.020886 
0.968009 0.0190526 
0.913288 0.00471658 
0.893394 -0.0755037 
0.922808 0.0948324 
0.933631 -0.0023392 
0.898906 0.0147969 
0.895817 -0.00780573 
0.896918 0.0170277 
0.898389 0.01652 
0.899049 0.00200817 
0.899399 0.00817907 
0.900247 0.002713 
0.901358 0.00540024 
0.900518 0.00356632 
0.89863 0.00449618 
0.900066 0.00876028 
0.899158 0.0070991 
0.900485 0.00705574 
0.899997 0.00724514 
0.900006 0.00953076 
0.89985 0.00823081 
0.901017 3.01125e-005 
0.902267 0.00118361 
0.907478 0.012053 
0.895287 0.0152095 
0.920385 -0.0162942 
0.879765 -0.00084331 
0.961022 0.00559986 
0.960047 0.00183952 
0.958903 0.00516804 
0.898389 0.00763416 
0.900066 0.00558441 
0.901585 0.00647559 
