0
003
0
0
0
0
0
0
0
0
1
-42078.6
30.8
-1.08806 0 0 0 0 
-1.08281 0 0 0 0 
-1.03291 0 0 0 0 
-1.01059 0 0 0 0 
-0.974811 0 0 0 0 
-0.956756 0 0 0 0 
-0.94461 0 0 0 0 
-0.931808 0 0 0 0 
0 0 0 0 0 
0 0 0 0 0 
0 0 0 0 0 
0 0 0 0 0 
0 0 0 0 0 
0 0 0 0 0 
0 0 0 0 0 
0 0 0 0 0 
-7.75388e-006 0.000301054 7.47466e-005 0.0105825 0.00013247 0.000134854 0.000575972 -0.00029 
0.000330194 0.000584806 0.000126701 0.0211173 0.000716588 0.00103757 0.00040543 8e-005 
0.000135153 0.00130804 0.000768311 0.0385419 0.00179674 0.0024265 0.00131392 -4e-005 
1.44249e-005 0.00214065 0.00161082 0.0677419 0.00340299 0.00389573 0.00239631 0.00032 
0.00103814 0.00328392 0.00206389 0.111647 0.00509409 0.00612054 0.00300839 0.00031 
0.00106278 0.00541443 0.00373632 0.174885 0.00871468 0.00984885 0.00513186 -6e-005 
0.00223156 0.00758534 0.00607741 0.257249 0.0125619 0.0147094 0.00733747 0.00046 
0.00280362 0.010873 0.00766489 0.360128 0.0180242 0.0207212 0.0104536 -0.00028 
0.0037157 0.0142633 0.01093 0.475017 0.0241961 0.0271307 0.0137239 -0.00021 
0.00463049 0.018355 0.0137227 0.593124 0.0291479 0.0333999 0.0168715 0.00011 
0.00485488 0.021013 0.0154962 0.700235 0.0347294 0.0398482 0.0203302 -0.00015 
0.00587831 0.0237124 0.0175914 0.783062 0.0386813 0.0442388 0.0228753 0 
0.00657698 0.0256256 0.0183892 0.827442 0.0412751 0.0467906 0.0237564 0.00023 
0.00603698 0.0251456 0.0188692 0.827572 0.0409251 0.0465106 0.0241064 0.00016 
0.00603831 0.0242424 0.0178414 0.782952 0.0394913 0.0446288 0.0226653 -6e-005 
0.00571488 0.020913 0.0155762 0.700965 0.0345094 0.0401382 0.0201102 9e-005 
0.00494049 0.017975 0.0136327 0.593524 0.0300679 0.0332899 0.0175415 0.00042 
0.0035157 0.0143933 0.01093 0.474807 0.0240661 0.0268907 0.0142739 -0.00011 
0.00249362 0.011103 0.00857489 0.359238 0.0183942 0.0200712 0.0108336 3e-005 
0.00181156 0.00783534 0.00542741 0.257749 0.0128019 0.0150794 0.00728747 -0.00026 
0.00173278 0.00528443 0.00429632 0.175115 0.00845468 0.00995885 0.00507186 4e-005 
0.000388143 0.00296392 0.00292389 0.111877 0.00596409 0.00660054 0.00312839 -0.0004 
3.44249e-005 0.00247065 0.00164082 0.0681819 0.00303299 0.00426573 0.00213631 -5e-005 
0.000325153 0.00097804 0.000738311 0.0386819 0.00147674 0.0025965 0.00112392 -1e-005 
0.000580194 0.000844806 0.000526701 0.0216173 0.00103659 0.00144757 0.00104543 0.00036 
0.000354316 0.00015677 0.000211052 0.0118215 -0.000228084 -0.000108522 0.000557367 -0.00037 
-0.000223161 -0.000134653 0.000129958 0.02357 0.000609621 2.87666e-005 0.000679122 0.00024 
-0.000216851 7.25952e-005 0.000387321 0.043954 0.000655814 0.000574241 4.53027e-005 -0.00028 
-0.000105362 0.00141055 6.67668e-005 0.0759338 0.00200076 0.00122801 0.00103155 0.00018 
0.000803877 0.00159666 0.000443337 0.125237 0.00326407 0.00298955 0.000657195 -0.00032 
0.000521916 0.00231138 0.000660246 0.195102 0.0048533 0.00447624 0.00210681 0.00037 
0.000574263 0.00344989 0.000974088 0.287225 0.0067621 0.0068217 0.00286763 -0.00045 
0.0013464 0.00553152 0.00126945 0.401108 0.00939463 0.00850011 0.0036055 8e-005 
0.00138026 0.00689381 0.00153473 0.52999 0.0123678 0.0122587 0.00453395 0.00041 
0.0020636 0.00861938 0.00240135 0.660945 0.0144361 0.0148722 0.00550203 -0.00048 
0.0018334 0.0100117 0.00244785 0.781073 0.0176086 0.0172403 0.00643517 -0.00025 
0.00264351 0.01146 0.00252902 0.872498 0.0198197 0.0190881 0.00739901 0.00027 
0.00310482 0.0122056 0.00353806 0.92325 0.0204394 0.021036 0.00839113 -0.00036 
0.00246482 0.0117556 0.00269806 0.92264 0.0205994 0.021006 0.00854112 -0.00036 
0.00291351 0.01088 0.00282902 0.873168 0.0200197 0.0199181 0.00786901 -0.00026 
0.0017434 0.0100517 0.00271785 0.780973 0.0174186 0.0178903 0.00655517 -0.00016 
0.0014836 0.00844938 0.00261135 0.661695 0.0151361 0.0145822 0.00591203 0.00024 
0.00122026 0.00661381 0.00182473 0.52948 0.0122878 0.0115387 0.00504395 0.00022 
0.000966396 0.00492152 0.00168945 0.401408 0.00907463 0.00906011 0.0035855 9e-005 
0.00104426 0.00358989 0.000924088 0.286955 0.0065321 0.0062617 0.00216763 -0.00017 
0.000691916 0.00240138 0.000250246 0.194502 0.0047833 0.00418624 0.00130681 0.0002 
0.000263877 0.00129666 1.33369e-005 0.124497 0.00245407 0.00298955 0.000927195 0.00037 
-0.000175362 0.00130055 0.000336767 0.0754238 0.00208076 0.00173801 0.000621548 0.00047 
0.000153149 0.000352595 -0.000142679 0.043094 0.00103581 0.000684241 1.53027e-005 -0.00032 
0.000246839 0.000215347 0.000459958 0.02323 0.000139621 0.000918767 0.000269122 0.00027 
23.5
0.89729 0.125192 
0.86836 0.0707741 
0.832608 0.146934 
0.834231 0.153295 
0.844174 0.110499 
0.837596 0.124786 
0.835897 0.117141 
0.836207 0.123077 
0.834862 0.121315 
0.836268 0.115951 
0.837094 0.123525 
0.83657 0.120864 
0.835922 0.117951 
0.836636 0.120297 
0.834829 0.119745 
0.836547 0.120022 
0.834807 0.119369 
0.834639 0.123762 
0.834063 0.122532 
0.836869 0.124323 
0.834223 0.112067 
0.835864 0.138474 
0.833899 0.138058 
0.842366 0.138753 
0.797728 0.114808 
0.92613 -0.028248 
0.955812 0.142474 
0.966608 0.0452636 
0.930948 0.0610504 
0.927739 0.0382726 
0.928916 0.0632164 
0.93051 0.0628874 
0.931173 0.0483794 
0.931508 0.0545275 
0.932432 0.0491729 
0.933572 0.0519015 
0.932717 0.0500445 
0.930728 0.0508296 
0.932237 0.0551995 
0.931282 0.0534702 
0.932672 0.0535181 
0.932136 0.0536376 
0.932168 0.0559567 
0.931978 0.0546074 
0.933264 0.0465786 
0.934558 0.0477963 
0.940014 0.0590183 
0.927425 0.0615994 
0.953567 0.0316037 
0.911708 0.0452656 
0.837033 0.123723 
0.836266 0.119765 
0.835287 0.122936 
0.930461 0.0539295 
0.932234 0.0520195 
0.933827 0.0530161 
