0
003
0
0
0
0
0
0
0
0
-1
-42078.6
30.8
-1.02208 0 0 0 0 
-1.01716 0 0 0 0 
-0.967261 0 0 0 0 
-0.94461 0 0 0 0 
-0.908829 0 0 0 0 
-0.889133 0 0 0 0 
-0.875345 0 0 0 0 
-0.862543 0 0 0 0 
0 0 0 0 0 
0 0 0 0 0 
0 0 0 0 0 
0 0 0 0 0 
0 0 0 0 0 
0 0 0 0 0 
0 0 0 0 0 
0 0 0 0 0 
9.03113e-006 0.000358676 0.000168648 0.0101347 0.000227138 0.000247064 0.000648462 -0.00029 
0.000362886 0.000697037 0.000309596 0.020245 0.000900975 0.00125613 0.000546621 8e-005 
0.000195389 0.00151482 0.00110529 0.0369347 0.00213647 0.00282918 0.00157406 -4e-005 
0.00011941 0.00250105 0.00219814 0.0649407 0.00399511 0.00459757 0.00284971 0.00032 
0.00121123 0.00387813 0.00303223 0.107029 0.00607033 0.00727767 0.00375592 0.00031 
0.00133274 0.00634117 0.00524656 0.167682 0.0102372 0.0116535 0.00629773 -6e-005 
0.00262984 0.0089526 0.00830553 0.246622 0.0148082 0.017372 0.00905753 0.00046 
0.00335946 0.0127812 0.0107745 0.345297 0.0211591 0.0244371 0.0128541 -0.00028 
0.00444952 0.0167824 0.0150353 0.455437 0.0283349 0.0320364 0.0168931 -0.00021 
0.00554692 0.021501 0.0188496 0.568672 0.0343166 0.0395264 0.0208293 0.00011 
0.00593752 0.0247296 0.0215528 0.671348 0.0408355 0.0470857 0.0250058 -0.00015 
0.00708817 0.0278658 0.0243598 0.750781 0.045505 0.0523268 0.0281004 0 
0.00785596 0.0300163 0.0255442 0.793316 0.0484886 0.0553407 0.02928 0.00023 
0.00731596 0.0295363 0.0260242 0.793446 0.0481386 0.0550607 0.02963 0.00016 
0.00724817 0.0283958 0.0246098 0.750671 0.046315 0.0527168 0.0278904 -6e-005 
0.00679752 0.0246296 0.0216328 0.672078 0.0406155 0.0473757 0.0247858 9e-005 
0.00585692 0.021121 0.0187596 0.569072 0.0352366 0.0394164 0.0214993 0.00042 
0.00424952 0.0169124 0.0150353 0.455227 0.0282049 0.0317964 0.0174431 -0.00011 
0.00304946 0.0130112 0.0116845 0.344407 0.0215291 0.0237871 0.0132341 3e-005 
0.00220984 0.0092026 0.00765553 0.247122 0.0150482 0.017742 0.00900753 -0.00026 
0.00200274 0.00621117 0.00580656 0.167912 0.00997724 0.0117635 0.00623773 4e-005 
0.000561235 0.00355813 0.00389223 0.107259 0.00694033 0.00775767 0.00387592 -0.0004 
0.00013941 0.00283105 0.00222814 0.0653807 0.00362511 0.00496757 0.00258971 -5e-005 
0.000385389 0.00118482 0.00107529 0.0370747 0.00181647 0.00299918 0.00138406 -1e-005 
0.000612886 0.000957037 0.000709596 0.020745 0.00122098 0.00166613 0.00118662 0.00036 
0.000364371 0.00019533 0.000240577 0.0115656 -0.000171278 -3.17802e-005 0.00060146 -0.00037 
-0.000203576 -5.95487e-005 0.000187466 0.0230716 0.000720264 0.00017824 0.000765004 0.00024 
-0.000180766 0.000210973 0.000493277 0.0430357 0.000859672 0.000849641 0.000203537 -0.00028 
-4.247e-005 0.00165173 0.000251439 0.0743333 0.00235606 0.00170801 0.00130734 0.00018 
0.00090757 0.0019943 0.00074781 0.122598 0.00384987 0.00378093 0.00111189 -0.00032 
0.000683636 0.00293154 0.00113511 0.190987 0.00576692 0.0057105 0.00281597 0.00037 
0.000812857 0.00436485 0.00167467 0.281153 0.00811001 0.00864265 0.00391388 -0.00045 
0.00167938 0.00680845 0.0022472 0.392634 0.0112758 0.0110415 0.00506566 8e-005 
0.00181986 0.0085796 0.00282555 0.518803 0.0148513 0.0156137 0.00646164 0.00041 
0.0026126 0.0107247 0.00401338 0.646974 0.0175376 0.0190622 0.00790943 -0.00048 
0.00248196 0.0124988 0.00435223 0.764568 0.0212726 0.0221902 0.00927918 -0.00025 
0.0033683 0.0142394 0.00465721 0.854053 0.0239143 0.0246197 0.0105772 0.00027 
0.00387101 0.0151437 0.00578783 0.903752 0.0247679 0.0268836 0.0117509 -0.00036 
0.00323101 0.0146937 0.00494783 0.903142 0.0249279 0.0268536 0.0119009 -0.00036 
0.0036383 0.0136594 0.00495721 0.854723 0.0241143 0.0254497 0.0110472 -0.00026 
0.00239196 0.0125388 0.00462223 0.764468 0.0210826 0.0228402 0.00939918 -0.00016 
0.0020326 0.0105547 0.00422338 0.647724 0.0182376 0.0187722 0.00831943 0.00024 
0.00165986 0.0082996 0.00311555 0.518293 0.0147713 0.0148937 0.00697164 0.00022 
0.00129938 0.00619845 0.0026672 0.392934 0.0109558 0.0116015 0.00504566 9e-005 
0.00128286 0.00450485 0.00162467 0.280883 0.00788001 0.00808265 0.00321388 -0.00017 
0.000853636 0.00302154 0.00072511 0.190387 0.00569692 0.0054205 0.00201597 0.0002 
0.00036757 0.0016943 0.00031781 0.121858 0.00303987 0.00378093 0.00138189 0.00037 
-0.00011247 0.00154173 0.000521439 0.0738233 0.00243606 0.00221801 0.000897336 0.00047 
0.000189234 0.000490973 -3.67228e-005 0.0421757 0.00123967 0.000959641 0.000173537 -0.00032 
0.000266424 0.000290451 0.000517466 0.0227316 0.000250264 0.00106824 0.000355004 0.00027 
23.5
0.85933 0.148686 
0.832503 0.0929657 
0.7979 0.168415 
0.799746 0.174638 
0.809265 0.132103 
0.803109 0.146129 
0.801378 0.138505 
0.801781 0.144383 
0.800461 0.142606 
0.801803 0.13728 
0.802573 0.14489 
0.802093 0.142201 
0.801457 0.13928 
0.802148 0.141642 
0.80042 0.14104 
0.802084 0.141351 
0.800426 0.140647 
0.800232 0.145057 
0.79964 0.143836 
0.802376 0.14567 
0.79992 0.133297 
0.80137 0.159822 
0.79965 0.159254 
0.807377 0.160408 
0.765548 0.134723 
0.906091 -0.0121284 
0.935609 0.158727 
0.946421 0.0615025 
0.911334 0.0768291 
0.908198 0.0539913 
0.909329 0.078973 
0.910847 0.078705 
0.911508 0.0641981 
0.911853 0.0703385 
0.91273 0.0650219 
0.913852 0.0677647 
0.913007 0.0658997 
0.91108 0.0666355 
0.912544 0.0710415 
0.911618 0.0692889 
0.912969 0.069368 
0.912462 0.0694636 
0.91248 0.0717942 
0.912311 0.070428 
0.913524 0.0624578 
0.914791 0.0636974 
0.920097 0.0750398 
0.907752 0.0774247 
0.933255 0.047943 
0.892154 0.0609949 
0.802506 0.145092 
0.801797 0.141098 
0.800864 0.14424 
0.910828 0.0697224 
0.912543 0.06786 
0.914091 0.0688927 
