0
003
0
0
0
0
0
0
0
0
1
-42078.6
30.8
-1.00665 0 0 0 0 
-1.00074 0 0 0 0 
-0.947236 0 0 0 0 
-0.920975 0 0 0 0 
-0.882239 0 0 0 0 
-0.859917 0 0 0 0 
-0.843831 0 0 0 0 
-0.829059 0 0 0 0 
0 0 0 0 0 
0 0 0 0 0 
0 0 0 0 0 
0 0 0 0 0 
0 0 0 0 0 
0 0 0 0 0 
0 0 0 0 0 
0 0 0 0 0 
2.72342e-005 0.000420072 0.000277711 0.00964563 0.000329778 0.000366178 0.000726896 -0.00029 
0.000398341 0.000816621 0.000522022 0.0192925 0.00110089 0.00148813 0.000699389 8e-005 
0.000260713 0.00173516 0.00149668 0.0351797 0.00250481 0.00325664 0.00185553 -4e-005 
0.000233265 0.00288507 0.0028803 0.0618818 0.00463709 0.00534259 0.00334029 0.00032 
0.00139895 0.00451126 0.00415691 0.101986 0.00712878 0.008506 0.00456475 0.00031 
0.00162551 0.00732862 0.00700065 0.159816 0.011888 0.0135693 0.0075592 -6e-005 
0.00306176 0.0104094 0.0108934 0.235018 0.0172436 0.0201983 0.0109186 0.00046 
0.00396226 0.0148143 0.0143862 0.329102 0.0245581 0.0283816 0.0154515 -0.00028 
0.00524534 0.0194666 0.0198034 0.434056 0.0328222 0.0372439 0.0203221 -0.00021 
0.00654077 0.0248531 0.0248042 0.541971 0.0399205 0.0460297 0.0251117 0.00011 
0.00711162 0.0286897 0.0285874 0.639804 0.0474557 0.0547685 0.0300648 -0.00015 
0.00840025 0.0322913 0.0322211 0.71553 0.0529032 0.0609125 0.0337539 0 
0.009243 0.0346945 0.0338546 0.756052 0.0563095 0.0644169 0.0352565 0.00023 
0.008703 0.0342145 0.0343346 0.756182 0.0559595 0.0641369 0.0356065 0.00016 
0.00856025 0.0328213 0.0324711 0.71542 0.0537132 0.0613025 0.0335439 -6e-005 
0.00797162 0.0285897 0.0286674 0.640534 0.0472357 0.0550585 0.0298448 9e-005 
0.00685077 0.0244731 0.0247142 0.542371 0.0408405 0.0459197 0.0257817 0.00042 
0.00504534 0.0195966 0.0198034 0.433846 0.0326922 0.0370038 0.0208721 -0.00011 
0.00365226 0.0150444 0.0152962 0.328212 0.0249281 0.0277316 0.0158315 3e-005 
0.00264176 0.0106594 0.0102434 0.235518 0.0174836 0.0205683 0.0108686 -0.00026 
0.00229551 0.00719862 0.00756065 0.160046 0.011628 0.0136793 0.0074992 4e-005 
0.000748949 0.00419126 0.00501691 0.102216 0.00799878 0.008986 0.00468475 -0.0004 
0.000253265 0.00321507 0.0029103 0.0623218 0.00426709 0.00571259 0.00308029 -5e-005 
0.000450713 0.00140515 0.00146668 0.0353197 0.00218481 0.00342664 0.00166553 -1e-005 
0.000648341 0.00107662 0.000922022 0.0197925 0.00142089 0.00189813 0.00133939 0.00036 
0.000376388 0.000239587 0.000287928 0.0112542 -0.000103434 5.56313e-005 0.000653852 -0.00037 
-0.000180171 2.66509e-005 0.000279693 0.022465 0.000852405 0.000348494 0.000867049 0.00024 
-0.000137643 0.000369794 0.000663205 0.0419182 0.00110314 0.00116333 0.000391554 -0.00028 
3.26893e-005 0.00192854 0.000547607 0.0723856 0.0027804 0.00225474 0.00163503 0.00018 
0.00103149 0.00245068 0.00123611 0.119387 0.00454949 0.00468234 0.00165217 -0.00032 
0.0008769 0.00364333 0.00189667 0.185978 0.00685806 0.00711636 0.0036586 0.00037 
0.00109799 0.00541497 0.00279824 0.273764 0.00971982 0.0107168 0.00515705 -0.00045 
0.00207731 0.00827402 0.00381525 0.382322 0.0135225 0.0139361 0.00680064 8e-005 
0.00234521 0.0105144 0.00489569 0.505189 0.0178174 0.0194353 0.00875215 0.00041 
0.00326867 0.013141 0.00659867 0.629972 0.0212418 0.0238347 0.0107699 -0.00048 
0.00325702 0.0153534 0.00740639 0.744482 0.0256485 0.0278283 0.0126585 -0.00025 
0.00423444 0.0174294 0.00807029 0.831607 0.0288045 0.0309203 0.0143537 0.00027 
0.00478664 0.018516 0.00939589 0.880024 0.0299375 0.0335442 0.0157431 -0.00036 
0.00414664 0.018066 0.00855589 0.879414 0.0300975 0.0335142 0.0158931 -0.00036 
0.00450444 0.0168494 0.00837029 0.832277 0.0290045 0.0317503 0.0148237 -0.00026 
0.00316702 0.0153934 0.00767639 0.744382 0.0254585 0.0284783 0.0127785 -0.00016 
0.00268867 0.012971 0.00680867 0.630722 0.0219418 0.0235447 0.0111799 0.00024 
0.00218521 0.0102344 0.00518569 0.504679 0.0177374 0.0187153 0.00926215 0.00022 
0.00169731 0.00766402 0.00423525 0.382622 0.0132025 0.0144961 0.00678064 9e-005 
0.00156799 0.00555497 0.00274824 0.273494 0.00948982 0.0101568 0.00445705 -0.00017 
0.0010469 0.00373333 0.00148667 0.185378 0.00678806 0.00682636 0.0028586 0.0002 
0.000491486 0.00215068 0.000806108 0.118647 0.00373949 0.00468234 0.00192217 0.00037 
-3.73107e-005 0.00181854 0.000817607 0.0718756 0.0028604 0.00276474 0.00122503 0.00047 
0.000232357 0.000649794 0.000133205 0.0410582 0.00148314 0.00127333 0.000361554 -0.00032 
0.000289829 0.000376651 0.000609693 0.022125 0.000382405 0.00123849 0.000457049 0.00027 
23.5
0.817877 0.173253 
0.793346 0.116171 
0.759997 0.190877 
0.762087 0.196956 
0.771145 0.154695 
0.765449 0.168448 
0.763682 0.160844 
0.764188 0.166662 
0.762895 0.164869 
0.764167 0.159584 
0.764875 0.167231 
0.764445 0.164512 
0.763822 0.161584 
0.764487 0.163961 
0.762844 0.163308 
0.76445 0.163654 
0.762881 0.162898 
0.76266 0.167323 
0.76205 0.166113 
0.76471 0.167992 
0.762461 0.155496 
0.763702 0.182145 
0.762249 0.181419 
0.76917 0.183051 
0.730407 0.155548 
0.881704 0.00572843 
0.911022 0.176732 
0.921855 0.0794914 
0.887463 0.0943084 
0.884418 0.071404 
0.885492 0.0964278 
0.886918 0.0962273 
0.887577 0.0817217 
0.887933 0.0878536 
0.888753 0.082579 
0.889854 0.0853375 
0.88902 0.0834638 
0.887168 0.0841449 
0.888578 0.0885909 
0.887687 0.0868125 
0.888991 0.0869261 
0.88852 0.0869953 
0.888521 0.0893386 
0.888377 0.0879537 
0.889502 0.0800484 
0.890736 0.0813122 
0.895859 0.092788 
0.883811 0.0949556 
0.908537 0.0660433 
0.868358 0.0784193 
0.764802 0.167437 
0.764156 0.163405 
0.763273 0.166517 
0.886937 0.0872174 
0.888579 0.0854078 
0.890072 0.0864803 
