0
003
0
0
0
0
0
0
0
0
-1
-42078.6
30.8
-0.940671 0 0 0 0 
-0.93509 0 0 0 0 
-0.887819 0 0 0 0 
-0.866154 0 0 0 0 
-0.830372 0 0 0 0 
-0.810676 0 0 0 0 
-0.796889 0 0 0 0 
-0.783758 0 0 0 0 
0 0 0 0 0 
0 0 0 0 0 
0 0 0 0 0 
0 0 0 0 0 
0 0 0 0 0 
0 0 0 0 0 
0 0 0 0 0 
0 0 0 0 0 
4.66743e-005 0.000484634 0.000400852 0.00912025 0.00043937 0.000491011 0.000810494 -0.00029 
0.000436205 0.00094237 0.000761869 0.0182692 0.00131435 0.00173127 0.000862216 8e-005 
0.000330477 0.00196684 0.00193859 0.0332943 0.0028981 0.00370462 0.00215553 -4e-005 
0.000354857 0.00328888 0.00365051 0.0585958 0.00532255 0.00612338 0.00386317 0.00032 
0.00159942 0.00517704 0.00542678 0.0965678 0.00825892 0.00979332 0.00542684 0.00031 
0.00193817 0.00836698 0.00898116 0.151367 0.0136506 0.015577 0.00890373 -6e-005 
0.00352304 0.0119414 0.0138153 0.222552 0.0198441 0.0231604 0.0129023 0.00046 
0.00460603 0.0169523 0.018464 0.311704 0.0281873 0.0325155 0.0182199 -0.00028 
0.00609523 0.0222892 0.025187 0.411088 0.0376134 0.0427014 0.0239769 -0.00021 
0.00760216 0.0283781 0.0315275 0.513286 0.045904 0.0528454 0.0296759 0.00011 
0.00836551 0.0328539 0.03653 0.605917 0.0545244 0.0628203 0.0354569 -0.00015 
0.00980149 0.0369448 0.0410971 0.677661 0.0608026 0.0699106 0.0397796 0 
0.0107243 0.039614 0.0432377 0.716019 0.0646601 0.073929 0.0416265 0.00023 
0.0101843 0.039134 0.0437177 0.716149 0.0643101 0.073649 0.0419765 0.00016 
0.0099615 0.0374748 0.0413471 0.677551 0.0616126 0.0703006 0.0395696 -6e-005 
0.00922551 0.0327539 0.03661 0.606647 0.0543044 0.0631103 0.0352369 9e-005 
0.00791216 0.0279981 0.0314375 0.513686 0.046824 0.0527354 0.0303459 0.00042 
0.00589523 0.0224192 0.025187 0.410877 0.0374834 0.0424614 0.0245269 -0.00011 
0.00429603 0.0171823 0.019374 0.310814 0.0285573 0.0318655 0.0185999 3e-005 
0.00310304 0.0121914 0.0131653 0.223052 0.0200841 0.0235304 0.0128523 -0.00026 
0.00260817 0.00823698 0.00954116 0.151597 0.0133906 0.015687 0.00884373 4e-005 
0.000949421 0.00485704 0.00628678 0.0967978 0.00912892 0.0102733 0.00554684 -0.0004 
0.000374857 0.00361888 0.00368051 0.0590358 0.00495255 0.00649338 0.00360317 -5e-005 
0.000520477 0.00163684 0.00190859 0.0334343 0.0025781 0.00387462 0.00196553 -1e-005 
0.000686205 0.00120237 0.00116187 0.0187692 0.00163435 0.00214127 0.00150222 0.00036 
0.000390246 0.0002891 0.000352635 0.0108904 -2.52279e-005 0.000152843 0.000714022 -0.00037 
-0.000153179 0.000123089 0.000405724 0.0217564 0.00100473 0.000537837 0.000984245 0.00024 
-8.79111e-005 0.00054748 0.000895414 0.0406126 0.00138379 0.00151219 0.000607484 -0.00028 
0.000119368 0.00223823 0.000952327 0.07011 0.00326956 0.00286278 0.00201138 0.00018 
0.0011744 0.00296127 0.00190338 0.115635 0.00535597 0.00568482 0.00227266 -0.00032 
0.00109978 0.00443966 0.00293736 0.180127 0.00811587 0.00867985 0.00462633 0.00037 
0.00142682 0.00658983 0.00433361 0.265131 0.0115755 0.0130234 0.00658478 -0.00045 
0.00253623 0.00991367 0.00595804 0.370274 0.0161123 0.0171553 0.00879321 8e-005 
0.00295107 0.0126791 0.00772458 0.489283 0.0212365 0.0236853 0.0113827 0.00041 
0.0040253 0.0158443 0.0101315 0.610109 0.0255117 0.0291423 0.0140551 -0.00048 
0.00415088 0.018547 0.01158 0.721016 0.0306928 0.0340984 0.0165394 -0.00025 
0.00523334 0.0209983 0.0127343 0.805384 0.0344416 0.0379274 0.0186907 0.00027 
0.0058426 0.0222888 0.0143264 0.852302 0.0358966 0.0409515 0.0203279 -0.00036 
0.0052026 0.0218388 0.0134864 0.851692 0.0360566 0.0409215 0.0204779 -0.00036 
0.00550334 0.0204183 0.0130343 0.806054 0.0346416 0.0387574 0.0191607 -0.00026 
0.00406088 0.018587 0.01185 0.720916 0.0305028 0.0347484 0.0166594 -0.00016 
0.0034453 0.0156743 0.0103415 0.610859 0.0262117 0.0288523 0.0144651 0.00024 
0.00279107 0.0123991 0.00801458 0.488773 0.0211565 0.0229653 0.0118927 0.00022 
0.00215623 0.00930367 0.00637804 0.370574 0.0157923 0.0177153 0.00877321 9e-005 
0.00189682 0.00672983 0.00428361 0.264861 0.0113455 0.0124634 0.00588478 -0.00017 
0.00126978 0.00452966 0.00252736 0.179527 0.00804587 0.00838985 0.00382633 0.0002 
0.000634395 0.00266127 0.00147338 0.114895 0.00454597 0.00568482 0.00254266 0.00037 
4.93681e-005 0.00212823 0.00122233 0.0696 0.00334956 0.00337278 0.00160138 0.00047 
0.000282089 0.00082748 0.000365414 0.0397526 0.00176379 0.00162219 0.000577484 -0.00032 
0.000316821 0.000473089 0.000735724 0.0214164 0.00053473 0.00142784 0.000574245 0.00027 
23.5
0.773343 0.19865 
0.751278 0.140159 
0.719278 0.214097 
0.72163 0.220027 
0.730191 0.178049 
0.72499 0.191519 
0.723185 0.183937 
0.7238 0.189693 
0.722536 0.187883 
0.723734 0.182641 
0.724376 0.190326 
0.723999 0.187577 
0.72339 0.18464 
0.724026 0.187034 
0.722477 0.186328 
0.724019 0.186709 
0.722546 0.185899 
0.722294 0.190342 
0.721667 0.189141 
0.724245 0.191067 
0.722218 0.178444 
0.723235 0.205222 
0.722069 0.204332 
0.728123 0.206458 
0.692655 0.177076 
0.853211 0.0251451 
0.882296 0.19631 
0.893153 0.0990518 
0.859574 0.113315 
0.856635 0.0903379 
0.857642 0.115407 
0.85896 0.11528 
0.859617 0.100776 
0.859987 0.106899 
0.86074 0.10167 
0.861816 0.104445 
0.860996 0.102562 
0.859231 0.103184 
0.860577 0.107673 
0.859727 0.105867 
0.860976 0.106018 
0.860547 0.106058 
0.860528 0.108416 
0.860414 0.10701 
0.861435 0.0991755 
0.86263 0.100466 
0.867541 0.112087 
0.85584 0.114018 
0.879656 0.0857247 
0.840556 0.0973659 
0.724295 0.190536 
0.723717 0.186465 
0.722889 0.189546 
0.859022 0.106241 
0.86058 0.104488 
0.86201 0.105604 
