0
003
0
0
0
0
0
0
0
0
-1
-42078.6
30.8
-0.910142 0 0 0 0 
-0.904889 0 0 0 0 
-0.858932 0 0 0 0 
-0.837266 0 0 0 0 
-0.802469 0 0 0 0 
-0.781788 0 0 0 0 
-0.767673 0 0 0 0 
-0.754214 0 0 0 0 
0 0 0 0 0 
0 0 0 0 0 
0 0 0 0 0 
0 0 0 0 0 
0 0 0 0 0 
0 0 0 0 0 
0 0 0 0 0 
0 0 0 0 0 
6.71588e-005 0.000551718 0.000536848 0.00856376 0.000554824 0.000620325 0.000898423 -0.00029 
0.000476104 0.00107303 0.00102675 0.0171853 0.00153922 0.00198314 0.00103348 8e-005 
0.000403989 0.00220758 0.00242663 0.0312972 0.00331242 0.00416869 0.00247108 -4e-005 
0.000482981 0.00370847 0.00450112 0.0551151 0.00604469 0.00693221 0.00441314 0.00032 
0.00181066 0.00586882 0.0068292 0.0908292 0.00944951 0.0111268 0.00633358 0.00031 
0.00226762 0.0094459 0.0111684 0.142416 0.0155075 0.0176568 0.0103179 -6e-005 
0.0040091 0.0135331 0.0170423 0.209347 0.0225836 0.0262288 0.0149887 0.00046 
0.00528438 0.0191738 0.0229676 0.293275 0.0320106 0.0367978 0.0211317 -0.00028 
0.00699079 0.025222 0.0311325 0.386759 0.0426609 0.0483549 0.0278211 -0.00021 
0.00872058 0.0320407 0.0389526 0.482903 0.0522076 0.0599057 0.0344767 0.00011 
0.00968676 0.0371808 0.0453017 0.570024 0.0619712 0.0711611 0.0411283 -0.00015 
0.011278 0.0417803 0.0508996 0.637549 0.0691246 0.0792315 0.0461176 0 
0.0122852 0.0447256 0.0536003 0.673616 0.0734575 0.0837824 0.0483265 0.00023 
0.0117452 0.0442456 0.0540803 0.673746 0.0731075 0.0835024 0.0486765 0.00016 
0.011438 0.0423103 0.0511496 0.637439 0.0699346 0.0796215 0.0459076 -6e-005 
0.0105468 0.0370808 0.0453817 0.570754 0.0617512 0.0714511 0.0409083 9e-005 
0.00903058 0.0316607 0.0388626 0.483303 0.0531276 0.0597957 0.0351467 0.00042 
0.00679079 0.025352 0.0311325 0.386549 0.0425309 0.0481149 0.0283711 -0.00011 
0.00497438 0.0194038 0.0238776 0.292385 0.0323806 0.0361478 0.0215117 3e-005 
0.0035891 0.0137831 0.0163923 0.209847 0.0228236 0.0265988 0.0149387 -0.00026 
0.00293762 0.0093159 0.0117284 0.142646 0.0152475 0.0177668 0.0102579 4e-005 
0.00116066 0.00554882 0.0076892 0.0910592 0.0103195 0.0116068 0.00645358 -0.0004 
0.000502981 0.00403847 0.00453112 0.0555551 0.00567469 0.00730221 0.00415314 -5e-005 
0.000593989 0.00187758 0.00239663 0.0314372 0.00299242 0.00433869 0.00228108 -1e-005 
0.000726103 0.00133303 0.00142675 0.0176853 0.00185922 0.00239314 0.00167348 0.00036 
0.000405808 0.000343377 0.000434054 0.0104778 6.2564e-005 0.00025889 0.000781372 -0.00037 
-0.000122868 0.000228808 0.000564307 0.0209528 0.00117573 0.000744388 0.00111543 0.00024 
-3.20631e-005 0.000742263 0.0011876 0.0391318 0.00169885 0.00189276 0.000849181 -0.00028 
0.000216706 0.00257772 0.00146158 0.0675292 0.00381867 0.00352607 0.00243263 0.00018 
0.00133488 0.003521 0.00274299 0.11138 0.00626131 0.0067784 0.0029672 -0.00032 
0.00135008 0.00531262 0.00424684 0.173491 0.00952785 0.0103854 0.00570954 0.00037 
0.00179608 0.00787775 0.00626554 0.255341 0.0136587 0.0155398 0.00818289 -0.00045 
0.00305158 0.0117111 0.00865427 0.35661 0.0190196 0.0206671 0.0110235 8e-005 
0.00363144 0.015052 0.0112841 0.471244 0.0250746 0.0283215 0.0143272 0.00041 
0.00487498 0.0188078 0.0145769 0.587581 0.030305 0.0349322 0.0177323 -0.00048 
0.00515465 0.0220479 0.0168315 0.694402 0.0363554 0.0409385 0.0208835 -0.00025 
0.00635508 0.0249107 0.018603 0.775642 0.0407697 0.0455713 0.0235453 0.00027 
0.00702842 0.0264246 0.0205304 0.820861 0.0425862 0.0490321 0.0254599 -0.00036 
0.00638842 0.0259746 0.0196904 0.820251 0.0427462 0.0490021 0.0256099 -0.00036 
0.00662508 0.0243307 0.018903 0.776312 0.0409697 0.0464013 0.0240153 -0.00026 
0.00506465 0.0220879 0.0171015 0.694302 0.0361654 0.0415885 0.0210035 -0.00016 
0.00429498 0.0186378 0.0147869 0.588331 0.031005 0.0346422 0.0181423 0.00024 
0.00347144 0.014772 0.0115741 0.470734 0.0249946 0.0276015 0.0148372 0.00022 
0.00267158 0.0111011 0.00907427 0.35691 0.0186996 0.0212271 0.0110035 9e-005 
0.00226608 0.00801775 0.00621554 0.255071 0.0134287 0.0149798 0.00748289 -0.00017 
0.00152008 0.00540262 0.00383684 0.172891 0.00945785 0.0100954 0.00490954 0.0002 
0.000794879 0.003221 0.00231299 0.11064 0.00545131 0.0067784 0.0032372 0.00037 
0.000146706 0.00246772 0.00173158 0.0670192 0.00389867 0.00403607 0.00202263 0.00047 
0.000337937 0.00102226 0.000657599 0.0382718 0.00207885 0.00200276 0.000819181 -0.00032 
0.000347132 0.000578808 0.000894307 0.0206128 0.000705725 0.00163439 0.000705425 0.00027 
23.5
0.72617 0.224622 
0.706719 0.164692 
0.676147 0.237845 
0.678777 0.243622 
0.686811 0.201932 
0.682134 0.215115 
0.680289 0.207555 
0.68102 0.213247 
0.679787 0.211419 
0.680906 0.206221 
0.681477 0.213945 
0.681156 0.211165 
0.680562 0.20822 
0.681168 0.21063 
0.679717 0.20987 
0.681193 0.210288 
0.679821 0.209422 
0.679537 0.213882 
0.67889 0.212693 
0.681382 0.214666 
0.67959 0.201913 
0.68037 0.228823 
0.679509 0.227765 
0.684644 0.230397 
0.652666 0.199092 
0.820895 0.0459288 
0.849716 0.217266 
0.8606 0.119989 
0.827943 0.133659 
0.825124 0.110605 
0.826055 0.135723 
0.827252 0.135675 
0.827906 0.121172 
0.828292 0.127285 
0.828968 0.122105 
0.830015 0.124898 
0.829212 0.123005 
0.827546 0.123563 
0.828819 0.128099 
0.828016 0.126263 
0.829202 0.126454 
0.828822 0.126464 
0.828779 0.128836 
0.828699 0.127409 
0.829602 0.119649 
0.830754 0.120968 
0.835424 0.132744 
0.824116 0.134422 
0.846901 0.106792 
0.809024 0.117646 
0.681389 0.214159 
0.680883 0.210048 
0.680112 0.213098 
0.827363 0.126603 
0.828825 0.124913 
0.830183 0.126075 
