0
003
0
0
0
0
0
0
0
0
1
-42078.6
30.8
-0.912111 0 0 0 0 
-0.906203 0 0 0 0 
-0.858932 0 0 0 0 
-0.835953 0 0 0 0 
-0.800172 0 0 0 0 
-0.779491 0 0 0 0 
-0.764718 0 0 0 0 
-0.750931 0 0 0 0 
0 0 0 0 0 
0 0 0 0 0 
0 0 0 0 0 
0 0 0 0 0 
0 0 0 0 0 
0 0 0 0 0 
0 0 0 0 0 
0 0 0 0 0 
8.84824e-005 0.000620659 0.000684346 0.0079817 0.000674994 0.000752833 0.000989813 -0.00029 
0.000517636 0.00120731 0.00131404 0.0160516 0.00177328 0.00224123 0.00121148 8e-005 
0.000480512 0.00245499 0.00295595 0.0292084 0.00374367 0.00464421 0.00279905 -4e-005 
0.000616354 0.00413968 0.00542368 0.0514744 0.00679631 0.007761 0.00498476 0.00032 
0.00203056 0.00657977 0.00835023 0.0848268 0.0106887 0.0124933 0.00727602 0.00031 
0.00261057 0.0105547 0.0135406 0.133055 0.0174402 0.019788 0.0117878 -6e-005 
0.00451508 0.015169 0.0205421 0.195536 0.025435 0.029373 0.0171572 0.00046 
0.00599052 0.0214569 0.027852 0.274 0.0359901 0.0411858 0.0241581 -0.00028 
0.00792303 0.028236 0.0375809 0.361311 0.0479146 0.054148 0.0318165 -0.00021 
0.00988481 0.0358048 0.0470057 0.451123 0.0587686 0.0671404 0.0394664 0.00011 
0.0110621 0.0416276 0.0548154 0.53248 0.0697222 0.0797079 0.047023 -0.00015 
0.012815 0.0467496 0.0615313 0.595594 0.0777864 0.0887827 0.052705 0 
0.01391 0.0499788 0.0648393 0.629264 0.0826142 0.0938792 0.0552902 0.00023 
0.01337 0.0494988 0.0653193 0.629394 0.0822642 0.0935992 0.0556402 0.00016 
0.012975 0.0472796 0.0617813 0.595484 0.0785964 0.0891727 0.052495 -6e-005 
0.0119221 0.0415276 0.0548954 0.53321 0.0695022 0.0799979 0.046803 9e-005 
0.0101948 0.0354248 0.0469157 0.451523 0.0596887 0.0670304 0.0401364 0.00042 
0.00772303 0.028366 0.0375809 0.361101 0.0477846 0.053908 0.0323665 -0.00011 
0.00568052 0.0216869 0.028762 0.27311 0.0363601 0.0405358 0.0245381 3e-005 
0.00409508 0.015419 0.0198921 0.196036 0.025675 0.029743 0.0171072 -0.00026 
0.00328057 0.0104247 0.0141006 0.133285 0.0171802 0.019898 0.0117278 4e-005 
0.00138056 0.00625977 0.00921023 0.0850568 0.0115587 0.0129733 0.00739602 -0.0004 
0.000636354 0.00446968 0.00545368 0.0519144 0.00642631 0.008131 0.00472476 -5e-005 
0.000670512 0.00212499 0.00292595 0.0293484 0.00342367 0.00481421 0.00260905 -1e-005 
0.000767636 0.00146731 0.00171404 0.0165516 0.00209328 0.00265123 0.00185148 0.00036 
0.00042292 0.00040188 0.000531377 0.0100205 0.000159069 0.000372717 0.000855234 -0.00037 
-8.95387e-005 0.000342755 0.000753865 0.020062 0.00136369 0.000966093 0.00125929 0.00024 
2.93455e-005 0.000952209 0.00153686 0.0374907 0.00204517 0.00230124 0.00111425 -0.00028 
0.000323736 0.00294364 0.0020703 0.0646688 0.00442228 0.00423802 0.00289462 0.00018 
0.00151134 0.00412429 0.00374661 0.106664 0.00725649 0.00795221 0.00372888 -0.00032 
0.00162529 0.00625353 0.00581211 0.166136 0.01108 0.0122161 0.00689747 0.00037 
0.00220212 0.00926591 0.00857484 0.244489 0.0159486 0.0182407 0.0099355 -0.00045 
0.00361825 0.0136484 0.0118771 0.341465 0.0222154 0.0244366 0.0134695 8e-005 
0.00437955 0.0176097 0.0155389 0.451251 0.0292937 0.0332979 0.0175563 0.00041 
0.00580926 0.0220019 0.0198905 0.562612 0.035574 0.041147 0.021765 -0.00048 
0.00625837 0.0258213 0.0231088 0.664905 0.04258 0.0482803 0.0256476 -0.00025 
0.0075885 0.0291275 0.0256181 0.742679 0.0477258 0.0537759 0.0288693 0.00027 
0.0083323 0.0308824 0.0279461 0.786015 0.0499397 0.0577054 0.031088 -0.00036 
0.0076923 0.0304324 0.0271061 0.785405 0.0500997 0.0576754 0.031238 -0.00036 
0.0078585 0.0285475 0.025918 0.743349 0.0479258 0.0546059 0.0293393 -0.00026 
0.00616837 0.0258613 0.0233788 0.664805 0.04239 0.0489303 0.0257676 -0.00016 
0.00522926 0.0218319 0.0201005 0.563362 0.036274 0.040857 0.022175 0.00024 
0.00421955 0.0173297 0.0158289 0.450741 0.0292137 0.0325779 0.0180663 0.00022 
0.00323825 0.0130384 0.0122971 0.341765 0.0218954 0.0249966 0.0134495 9e-005 
0.00267212 0.00940591 0.00852484 0.244219 0.0157186 0.0176807 0.00923549 -0.00017 
0.00179529 0.00634353 0.00540211 0.165536 0.01101 0.0119261 0.00609747 0.0002 
0.00097134 0.00382429 0.00331661 0.105924 0.00644649 0.00795221 0.00399888 0.00037 
0.000253736 0.00283364 0.0023403 0.0641588 0.00450228 0.00474802 0.00248462 0.00047 
0.000399345 0.00123221 0.00100686 0.0366307 0.00242517 0.00241124 0.00108425 -0.00032 
0.000380461 0.000692755 0.00108387 0.019722 0.000893691 0.00185609 0.000849288 0.00027 
23.5
0.676827 0.250914 
0.660109 0.189526 
0.631031 0.261884 
0.633951 0.267506 
0.641435 0.22611 
0.637307 0.239 
0.635419 0.231462 
0.636272 0.237089 
0.635071 0.235245 
0.636107 0.230091 
0.636604 0.237854 
0.636343 0.235042 
0.635764 0.232089 
0.636339 0.234516 
0.634991 0.233701 
0.636397 0.234156 
0.635131 0.233234 
0.634814 0.237712 
0.634146 0.236533 
0.636548 0.238555 
0.635002 0.225671 
0.635533 0.252713 
0.634991 0.251485 
0.639165 0.25463 
0.610837 0.221379 
0.785077 0.067873 
0.813605 0.239392 
0.824519 0.142096 
0.792885 0.155139 
0.790199 0.132003 
0.791046 0.157174 
0.792107 0.157208 
0.792759 0.142707 
0.793161 0.148809 
0.793753 0.143681 
0.794769 0.146494 
0.793983 0.14459 
0.792427 0.14508 
0.79362 0.149666 
0.792868 0.147798 
0.793985 0.148031 
0.793658 0.148009 
0.79359 0.150396 
0.793547 0.148946 
0.79432 0.141267 
0.795423 0.142615 
0.799826 0.154555 
0.788954 0.155966 
0.810597 0.129036 
0.774075 0.139059 
0.636509 0.238072 
0.636078 0.233921 
0.635367 0.236939 
0.792273 0.148103 
0.793629 0.146477 
0.794907 0.147688 
