0
003
0
0
0
0
0
0
0
0
-1
-42078.6
30.8
-0.929181 0 0 0 0 
-0.921959 0 0 0 0 
-0.86878 0 0 0 0 
-0.841205 0 0 0 0 
-0.801156 0 0 0 0 
-0.776864 0 0 0 0 
-0.75881 0 0 0 0 
-0.742396 0 0 0 0 
0 0 0 0 0 
0 0 0 0 0 
0 0 0 0 0 
0 0 0 0 0 
0 0 0 0 0 
0 0 0 0 0 
0 0 0 0 0 
0 0 0 0 0 
0.000110435 0.000690772 0.00084188 0.00737984 0.000798684 0.000887218 0.00108376 -0.00029 
0.000560393 0.00134387 0.00162087 0.0148793 0.0020142 0.00250298 0.00139446 8e-005 
0.000559291 0.0027066 0.00352129 0.0270485 0.00418755 0.00512648 0.00313617 -4e-005 
0.000753659 0.00457821 0.00640901 0.04771 0.00756996 0.00860154 0.00557234 0.00032 
0.00225693 0.00730279 0.00997477 0.0786202 0.0119643 0.0138791 0.00824478 0.00031 
0.00296364 0.0116824 0.0160743 0.123375 0.0194296 0.0219493 0.0132987 -6e-005 
0.00503596 0.0168327 0.0242802 0.181255 0.02837 0.0325617 0.0193863 0.00046 
0.00671748 0.0237787 0.0330689 0.254069 0.0400861 0.0456361 0.027269 -0.00028 
0.00888276 0.0313013 0.0444682 0.334999 0.0533222 0.0600231 0.0359236 -0.00021 
0.0110834 0.0396328 0.0556068 0.418263 0.0655219 0.0744776 0.0445955 0.00011 
0.0124781 0.0461499 0.0649764 0.49366 0.0777003 0.0883757 0.0530823 -0.00015 
0.0143973 0.0518033 0.0728864 0.552212 0.0867021 0.0984692 0.0594764 0 
0.0155827 0.0553213 0.0768431 0.583403 0.0920392 0.104119 0.0624484 0.00023 
0.0150427 0.0548413 0.0773231 0.583533 0.0916892 0.103839 0.0627984 0.00016 
0.0145573 0.0523333 0.0731364 0.552102 0.0875121 0.0988592 0.0592664 -6e-005 
0.0133381 0.0460499 0.0650564 0.49439 0.0774803 0.0886657 0.0528623 9e-005 
0.0113934 0.0392528 0.0555168 0.418663 0.0664419 0.0743676 0.0452655 0.00042 
0.00868276 0.0314313 0.0444682 0.334789 0.0531922 0.0597831 0.0364736 -0.00011 
0.00640748 0.0240087 0.0339789 0.253179 0.0404561 0.0449861 0.027649 3e-005 
0.00461596 0.0170827 0.0236302 0.181755 0.02861 0.0329317 0.0193363 -0.00026 
0.00363364 0.0115523 0.0166343 0.123605 0.0191696 0.0220593 0.0132387 4e-005 
0.00160693 0.00698279 0.0108348 0.0788502 0.0128343 0.0143591 0.00836478 -0.0004 
0.000773659 0.00490821 0.00643901 0.04815 0.00719996 0.00897154 0.00531234 -5e-005 
0.000749291 0.0023766 0.00349129 0.0271885 0.00386755 0.00529648 0.00294617 -1e-005 
0.000810393 0.00160387 0.00202087 0.0153793 0.0023342 0.00291298 0.00203446 0.00036 
0.000441411 0.000464026 0.000643635 0.00952299 0.000263328 0.000493193 0.000934873 -0.00037 
-5.35228e-005 0.0004638 0.000972515 0.0190931 0.00156676 0.00120075 0.0014144 0.00024 
9.5704e-005 0.00117523 0.00193971 0.0357054 0.00241932 0.00273359 0.00140004 -0.00028 
0.000439392 0.00333235 0.00277245 0.0615573 0.00507439 0.00499156 0.00339273 0.00018 
0.00170203 0.00476516 0.00490425 0.101534 0.00833164 0.00919459 0.00455013 -0.00032 
0.00192269 0.00725305 0.00761759 0.158135 0.0127568 0.0141538 0.00817832 0.00037 
0.00264088 0.0107405 0.0112385 0.232685 0.0184225 0.0210993 0.0118252 -0.00045 
0.0042306 0.0157064 0.0155946 0.324991 0.025668 0.0284262 0.0161068 8e-005 
0.00518796 0.0203267 0.0204467 0.429502 0.0338518 0.0385649 0.021038 0.00041 
0.00681884 0.025395 0.0260196 0.535451 0.0412663 0.0477247 0.0261132 -0.00048 
0.00745105 0.0298297 0.0303495 0.632819 0.0493048 0.056051 0.0307843 -0.00025 
0.00892135 0.0336071 0.0337096 0.706821 0.0552408 0.0624598 0.0346097 0.00027 
0.00974129 0.0356178 0.0365 0.748109 0.057884 0.0668854 0.0371563 -0.00036 
0.00910129 0.0351678 0.03566 0.747499 0.058044 0.0668554 0.0373063 -0.00036 
0.00919135 0.0330271 0.0340097 0.707491 0.0554408 0.0632898 0.0350797 -0.00026 
0.00736105 0.0298697 0.0306195 0.632719 0.0491148 0.056701 0.0309043 -0.00016 
0.00623884 0.025225 0.0262296 0.536201 0.0419663 0.0474347 0.0265232 0.00024 
0.00502796 0.0200467 0.0207367 0.428992 0.0337718 0.0378449 0.021548 0.00022 
0.0038506 0.0150964 0.0160146 0.325291 0.025348 0.0289862 0.0160868 9e-005 
0.00311088 0.0108805 0.0111885 0.232415 0.0181925 0.0205393 0.0111252 -0.00017 
0.00209269 0.00734305 0.00720759 0.157535 0.0126868 0.0138638 0.00737832 0.0002 
0.00116203 0.00446516 0.00447425 0.100794 0.00752164 0.00919459 0.00482013 0.00037 
0.000369392 0.00322235 0.00304245 0.0610473 0.00515439 0.00550156 0.00298273 0.00047 
0.000465704 0.00145523 0.00140971 0.0348454 0.00279932 0.00284359 0.00137004 -0.00032 
0.000416477 0.0008138 0.00130252 0.0187531 0.00109676 0.00209075 0.0010044 0.00027 
23.5
0.625803 0.277264 
0.611913 0.214414 
0.584379 0.285976 
0.5876 0.291443 
0.594514 0.25034 
0.590953 0.262937 
0.589022 0.255422 
0.59 0.260985 
0.588833 0.259123 
0.589783 0.254013 
0.590204 0.261815 
0.590004 0.258973 
0.589441 0.256011 
0.589984 0.258455 
0.588741 0.257585 
0.590075 0.258077 
0.588919 0.257098 
0.588567 0.261595 
0.587879 0.260426 
0.590186 0.262497 
0.588896 0.249481 
0.589169 0.276656 
0.588957 0.275258 
0.592137 0.278916 
0.567585 0.243715 
0.746114 0.0907599 
0.774323 0.262469 
0.785269 0.165153 
0.754747 0.177543 
0.752205 0.154321 
0.752962 0.179545 
0.753875 0.179667 
0.754524 0.165167 
0.754945 0.171258 
0.755445 0.166184 
0.756427 0.169017 
0.75566 0.167101 
0.754223 0.167522 
0.755329 0.172159 
0.754633 0.170258 
0.755675 0.170536 
0.755406 0.170479 
0.75531 0.172883 
0.755308 0.171409 
0.755939 0.163812 
0.756989 0.165192 
0.761101 0.177303 
0.750703 0.178435 
0.771104 0.152235 
0.736056 0.161392 
0.590101 0.262038 
0.589747 0.257847 
0.589099 0.260833 
0.7541 0.170526 
0.755342 0.168968 
0.756533 0.17023 
