0
003
0
0
0
0
0
0
0
0
1
-42078.6
30.8
-0.898324 0 0 0 0 
-0.892415 0 0 0 0 
-0.847442 0 0 0 0 
-0.826761 0 0 0 0 
-0.792293 0 0 0 0 
-0.772597 0 0 0 0 
-0.759138 0 0 0 0 
-0.745022 0 0 0 0 
0 0 0 0 0 
0 0 0 0 0 
0 0 0 0 0 
0 0 0 0 0 
0 0 0 0 0 
0 0 0 0 0 
0 0 0 0 0 
0 0 0 0 0 
0.000132797 0.000761359 0.00100789 0.00676417 0.000924667 0.00102215 0.00117932 -0.00029 
0.00060395 0.00148136 0.00194421 0.0136802 0.00225958 0.00276578 0.00158058 8e-005 
0.000639543 0.00295992 0.00411703 0.0248391 0.00463966 0.00561068 0.00347911 -4e-005 
0.000893531 0.00501972 0.00744732 0.0438592 0.00835794 0.00944547 0.00617005 0.00032 
0.00248754 0.0080307 0.0116867 0.0722713 0.0132634 0.0152705 0.00923023 0.00031 
0.0033233 0.0128176 0.0187442 0.113473 0.0214558 0.0241194 0.0148356 -6e-005 
0.00556659 0.0185076 0.0282192 0.166646 0.0313593 0.0357633 0.0216538 0.00046 
0.00745804 0.0261162 0.0385662 0.233681 0.0442581 0.0501042 0.0304336 -0.00028 
0.00986043 0.0343873 0.0517257 0.308082 0.05883 0.065922 0.0401014 -0.00021 
0.0123043 0.0434868 0.0646704 0.384649 0.0724003 0.0818444 0.049813 0.00011 
0.0139205 0.0507028 0.0756837 0.453949 0.0858261 0.0970785 0.059246 -0.00015 
0.0160093 0.0568912 0.0848521 0.507834 0.0957829 0.108195 0.0663644 0 
0.0172867 0.0606999 0.0894924 0.53649 0.101639 0.1144 0.06973 0.00023 
0.0167467 0.0602199 0.0899724 0.53662 0.101289 0.11412 0.07008 0.00016 
0.0161693 0.0574212 0.0851021 0.507724 0.0965929 0.108585 0.0661544 -6e-005 
0.0147805 0.0506027 0.0757637 0.454679 0.0856061 0.0973685 0.059026 9e-005 
0.0126143 0.0431068 0.0645804 0.385049 0.0733203 0.0817344 0.050483 0.00042 
0.00966043 0.0345173 0.0517257 0.307872 0.0587 0.065682 0.0406514 -0.00011 
0.00714804 0.0263462 0.0394762 0.232791 0.0446281 0.0494542 0.0308136 3e-005 
0.00514659 0.0187576 0.0275692 0.167146 0.0315993 0.0361333 0.0216038 -0.00026 
0.0039933 0.0126876 0.0193042 0.113703 0.0211958 0.0242294 0.0147756 4e-005 
0.00183754 0.0077107 0.0125467 0.0725013 0.0141334 0.0157505 0.00935023 -0.0004 
0.000913531 0.00534972 0.00747732 0.0442992 0.00798794 0.00981547 0.00591005 -5e-005 
0.000829543 0.00262992 0.00408703 0.0249791 0.00431966 0.00578068 0.00328911 -1e-005 
0.00085395 0.00174136 0.00234421 0.0141802 0.00257958 0.00317578 0.00222058 0.00036 
0.000461098 0.000529199 0.000769714 0.0089903 0.000374306 0.00061912 0.0010195 -0.00037 
-1.51783e-005 0.000590739 0.00121808 0.0180556 0.00178291 0.00144602 0.00157923 0.00024 
0.000166353 0.00140911 0.00239217 0.0337938 0.00281758 0.0031855 0.00170373 -0.00028 
0.000562527 0.00373998 0.00356103 0.0582255 0.00576852 0.0057792 0.00392203 0.00018 
0.00190504 0.00543724 0.0062044 0.0960409 0.00947607 0.0104932 0.0054228 -0.00032 
0.00223932 0.00830123 0.00964534 0.149567 0.0145417 0.0161791 0.00953935 0.00037 
0.00310801 0.012287 0.0142302 0.220045 0.0210558 0.0240874 0.0138332 -0.00045 
0.00488253 0.0178647 0.0197698 0.307351 0.029343 0.0325963 0.0189091 8e-005 
0.00604864 0.0231759 0.0259588 0.406214 0.0387036 0.0440703 0.0247377 0.00041 
0.0078937 0.0289533 0.0329033 0.506367 0.0473255 0.0546001 0.0307335 -0.00048 
0.00872084 0.0340334 0.0384816 0.59846 0.0564628 0.0641733 0.0362426 -0.00025 
0.0103404 0.0383047 0.0427974 0.668425 0.06324 0.0715366 0.0407094 0.00027 
0.0112414 0.0405838 0.0461069 0.707519 0.0663402 0.0764808 0.0436044 -0.00036 
0.0106014 0.0401338 0.0452669 0.706909 0.0665002 0.0764508 0.0437544 -0.00036 
0.0106104 0.0377247 0.0430974 0.669095 0.06344 0.0723666 0.0411794 -0.00026 
0.00863084 0.0340734 0.0387516 0.59836 0.0562728 0.0648233 0.0363626 -0.00016 
0.0073137 0.0287833 0.0331133 0.507117 0.0480255 0.0543101 0.0311435 0.00024 
0.00588864 0.0228959 0.0262488 0.405704 0.0386236 0.0433503 0.0252477 0.00022 
0.00450253 0.0172547 0.0201898 0.307651 0.029023 0.0331563 0.0188891 9e-005 
0.00357801 0.012427 0.0141802 0.219775 0.0208258 0.0235274 0.0131332 -0.00017 
0.00240932 0.00839123 0.00923534 0.148967 0.0144717 0.0158891 0.00873936 0.0002 
0.00136504 0.00513724 0.0057744 0.0953009 0.00866607 0.0104932 0.0056928 0.00037 
0.000492527 0.00362998 0.00383103 0.0577155 0.00584852 0.0062892 0.00351203 0.00047 
0.000536353 0.00168911 0.00186217 0.0329338 0.00319758 0.0032955 0.00167373 -0.00032 
0.000454822 0.000940739 0.00154808 0.0177156 0.00131292 0.00233602 0.00116923 0.00027 
23.5
0.573607 0.30341 
0.562608 0.23911 
0.536655 0.309881 
0.540183 0.315195 
0.546515 0.274383 
0.543534 0.28669 
0.541558 0.279197 
0.542665 0.284695 
0.541532 0.282816 
0.542394 0.27775 
0.542737 0.285591 
0.542599 0.282717 
0.542053 0.279748 
0.542562 0.282208 
0.541429 0.281284 
0.542689 0.281813 
0.541645 0.280777 
0.541258 0.285292 
0.540548 0.284134 
0.54276 0.286253 
0.54173 0.273106 
0.54174 0.300414 
0.541865 0.298847 
0.544029 0.303013 
0.523338 0.265878 
0.704391 0.114362 
0.732258 0.286268 
0.74324 0.18893 
0.713908 0.200646 
0.711521 0.177337 
0.71218 0.202616 
0.712936 0.202827 
0.713581 0.188329 
0.714023 0.194409 
0.714424 0.18939 
0.71537 0.192244 
0.714623 0.190317 
0.713314 0.190665 
0.714326 0.195355 
0.713691 0.19342 
0.714652 0.193743 
0.714444 0.193652 
0.714319 0.196072 
0.714361 0.194574 
0.71484 0.187063 
0.715834 0.188474 
0.719634 0.200762 
0.709744 0.201607 
0.728814 0.176159 
0.695345 0.184423 
0.542626 0.285818 
0.542352 0.281587 
0.541767 0.284541 
0.713225 0.19365 
0.714343 0.192162 
0.715441 0.193477 
