0
003
0
0
0
0
0
0
0
0
1
-42078.6
30.8
-0.875673 0 0 0 0 
-0.869108 0 0 0 0 
-0.824463 0 0 0 0 
-0.804111 0 0 0 0 
-0.768658 0 0 0 0 
-0.748961 0 0 0 0 
-0.735502 0 0 0 0 
-0.721387 0 0 0 0 
0 0 0 0 0 
0 0 0 0 0 
0 0 0 0 0 
0 0 0 0 0 
0 0 0 0 0 
0 0 0 0 0 
0 0 0 0 0 
0 0 0 0 0 
0.000155348 0.000831719 0.00118071 0.0061408 0.00105169 0.00115627 0.00127555 -0.00029 
0.000647874 0.0016184 0.00228083 0.012466 0.00250698 0.00302703 0.00176802 8e-005 
0.000720471 0.00321241 0.00473724 0.0226021 0.0050955 0.00609203 0.00382445 -4e-005 
0.00103458 0.0054598 0.00852831 0.0399602 0.00915242 0.0102844 0.00677194 0.00032 
0.0027201 0.00875627 0.0134689 0.065843 0.0145733 0.0166537 0.0102226 0.00031 
0.003686 0.0139492 0.0215238 0.103447 0.0234987 0.0262766 0.0163833 -6e-005 
0.00610169 0.0201771 0.0323201 0.151854 0.0343733 0.0389459 0.0239372 0.00046 
0.00820482 0.0284462 0.0442895 0.213038 0.0484645 0.054546 0.0336203 -0.00028 
0.0108463 0.0374633 0.0592815 0.28083 0.0643832 0.0717859 0.0443085 -0.00021 
0.0135356 0.0473283 0.0741064 0.350614 0.0793355 0.0891675 0.055067 0.00011 
0.015375 0.055241 0.0868311 0.413742 0.094019 0.10573 0.0654529 -0.00015 
0.0176347 0.0619628 0.0973095 0.462902 0.104939 0.117863 0.0733007 0 
0.019005 0.0660612 0.102661 0.488991 0.111318 0.124621 0.0770625 0.00023 
0.018465 0.0655812 0.103141 0.489121 0.110968 0.124341 0.0774125 0.00016 
0.0177947 0.0624928 0.0975595 0.462792 0.105749 0.118253 0.0730907 -6e-005 
0.016235 0.055141 0.0869111 0.414472 0.093799 0.10602 0.0652329 9e-005 
0.0138456 0.0469483 0.0740164 0.351014 0.0802555 0.0890575 0.055737 0.00042 
0.0106463 0.0375933 0.0592815 0.28062 0.0642532 0.0715459 0.0448585 -0.00011 
0.00789482 0.0286762 0.0451995 0.212148 0.0488345 0.053896 0.0340003 3e-005 
0.00568169 0.0204271 0.0316701 0.152354 0.0346133 0.0393159 0.0238872 -0.00026 
0.004356 0.0138192 0.0220838 0.103677 0.0232387 0.0263866 0.0163233 4e-005 
0.0020701 0.00843627 0.0143289 0.066073 0.0154433 0.0171337 0.0103426 -0.0004 
0.00105458 0.0057898 0.00855831 0.0404002 0.00878242 0.0106544 0.00651194 -5e-005 
0.000910471 0.00288241 0.00470724 0.0227421 0.0047755 0.00626203 0.00363445 -1e-005 
0.000897873 0.0018784 0.00268083 0.012966 0.00282698 0.00343703 0.00240802 0.00036 
0.000481785 0.000596749 0.00090836 0.00842771 0.000490898 0.000749249 0.00110826 -0.00037 
2.51144e-005 0.000722309 0.00148813 0.0169598 0.00201001 0.00169948 0.00175212 0.00024 
0.000240591 0.00165153 0.00288972 0.0317748 0.00323599 0.00365248 0.00202228 -0.00028 
0.000691918 0.00416249 0.00442822 0.0547066 0.00649777 0.00659311 0.00447724 0.00018 
0.00211837 0.00613383 0.00763416 0.0902392 0.0106784 0.0118351 0.00633818 -0.00032 
0.00257203 0.00938766 0.0118752 0.140519 0.0164168 0.018272 0.010967 0.00037 
0.00359888 0.0138898 0.01752 0.206696 0.0238223 0.0271751 0.0159394 -0.00045 
0.00556759 0.0201016 0.0243611 0.288721 0.033204 0.0369056 0.0218487 8e-005 
0.00695305 0.0261291 0.0320202 0.381617 0.0438008 0.0497594 0.0286185 0.00041 
0.00902317 0.0326414 0.0404731 0.475651 0.0536912 0.0617049 0.0355799 -0.00048 
0.0100552 0.0383904 0.0474243 0.562173 0.063983 0.0725666 0.041968 -0.00025 
0.0118315 0.0431737 0.052791 0.627873 0.071644 0.0809163 0.0471076 0.00027 
0.0128177 0.045731 0.0566714 0.66465 0.0752243 0.0863963 0.0503682 -0.00036 
0.0121777 0.045281 0.0558314 0.66404 0.0753843 0.0863663 0.0505182 -0.00036 
0.0121015 0.0425937 0.053091 0.628543 0.071844 0.0817463 0.0475776 -0.00026 
0.00996516 0.0384304 0.0476943 0.562073 0.063793 0.0732166 0.042088 -0.00016 
0.00844317 0.0324714 0.0406831 0.476401 0.0543912 0.0614149 0.0359899 0.00024 
0.00679305 0.0258491 0.0323102 0.381107 0.0437208 0.0490394 0.0291285 0.00022 
0.00518759 0.0194916 0.0247811 0.289021 0.032884 0.0374656 0.0218287 9e-005 
0.00406888 0.0140298 0.01747 0.206426 0.0235923 0.0266151 0.0152394 -0.00017 
0.00274203 0.00947766 0.0114652 0.139919 0.0163468 0.017982 0.010167 0.0002 
0.00157837 0.00583383 0.00720416 0.0894992 0.00986839 0.0118351 0.00660818 0.00037 
0.000621918 0.00405249 0.00469822 0.0541966 0.00657777 0.00710311 0.00406724 0.00047 
0.000610591 0.00193153 0.00235972 0.0309148 0.00361599 0.00376248 0.00199228 -0.00032 
0.000495114 0.00107231 0.00181813 0.0166198 0.00154001 0.00258948 0.00134212 0.00027 
23.5
0.520756 0.329092 
0.512685 0.263368 
0.488332 0.333363 
0.492171 0.338525 
0.497913 0.297999 
0.495521 0.31002 
0.493499 0.302549 
0.494736 0.307984 
0.493638 0.306089 
0.494411 0.301065 
0.494676 0.308945 
0.4946 0.306041 
0.494071 0.303063 
0.494547 0.305539 
0.493523 0.304562 
0.494709 0.305127 
0.493778 0.304037 
0.493355 0.308569 
0.492623 0.307422 
0.494738 0.309587 
0.493972 0.296312 
0.493716 0.323749 
0.494182 0.322017 
0.495317 0.326684 
0.478537 0.287647 
0.660323 0.138445 
0.68783 0.310551 
0.698848 0.213191 
0.670775 0.22422 
0.668551 0.200821 
0.669107 0.226157 
0.669696 0.226459 
0.670338 0.211962 
0.670801 0.218031 
0.671098 0.213069 
0.672005 0.215944 
0.67128 0.214005 
0.670106 0.21428 
0.671019 0.219023 
0.670448 0.217053 
0.671324 0.217423 
0.671181 0.217296 
0.671025 0.219734 
0.671112 0.21821 
0.671432 0.210787 
0.672365 0.212231 
0.675837 0.224698 
0.666483 0.22525 
0.684147 0.20057 
0.652346 0.207923 
0.494556 0.309176 
0.494362 0.304906 
0.493842 0.307829 
0.670052 0.217245 
0.67104 0.215828 
0.672039 0.217197 
