0
003
0
0
0
0
0
0
0
0
-1
-42078.6
30.8
-0.849084 0 0 0 0 
-0.842847 0 0 0 0 
-0.797874 0 0 0 0 
-0.776536 0 0 0 0 
-0.740426 0 0 0 0 
-0.719089 0 0 0 0 
-0.704645 0 0 0 0 
-0.689873 0 0 0 0 
0 0 0 0 0 
0 0 0 0 0 
0 0 0 0 0 
0 0 0 0 0 
0 0 0 0 0 
0 0 0 0 0 
0 0 0 0 0 
0 0 0 0 0 
0.000177864 0.000901152 0.00135864 0.00551594 0.00117849 0.00128827 0.00137149 -0.00029 
0.000691728 0.00175364 0.00262739 0.011249 0.00275395 0.00328412 0.00195489 8e-005 
0.000801272 0.00346158 0.00537578 0.0203596 0.00555053 0.00656572 0.00416875 -4e-005 
0.00117541 0.00589408 0.00964121 0.0360519 0.00994551 0.01111 0.00737203 0.00032 
0.00295228 0.00947228 0.0153038 0.0593992 0.0158809 0.0180149 0.011212 0.00031 
0.00404812 0.0150659 0.0243856 0.0933975 0.025538 0.0283995 0.0179263 -6e-005 
0.00663595 0.0218246 0.0365421 0.137028 0.037382 0.042078 0.0262137 0.00046 
0.00895044 0.0307455 0.0501818 0.192345 0.0526635 0.0589171 0.0367975 -0.00028 
0.0118307 0.0404988 0.0670605 0.253511 0.0699267 0.0775567 0.048503 -0.00021 
0.0147649 0.0511192 0.0838212 0.316498 0.0862584 0.0963743 0.0603053 0.00011 
0.0168273 0.0597194 0.0983077 0.373439 0.102198 0.114244 0.0716412 -0.00015 
0.0192577 0.0669675 0.110135 0.417862 0.114078 0.127377 0.0802162 0 
0.0207207 0.0713518 0.116219 0.441378 0.120979 0.134678 0.0843731 0.00023 
0.0201807 0.0708718 0.116699 0.441508 0.120629 0.134398 0.0847231 0.00016 
0.0194177 0.0674975 0.110385 0.417752 0.114888 0.127767 0.0800062 -6e-005 
0.0176873 0.0596194 0.0983877 0.374169 0.101978 0.114534 0.0714212 9e-005 
0.0150749 0.0507392 0.0837312 0.316898 0.0871784 0.0962643 0.0609753 0.00042 
0.0116307 0.0406288 0.0670605 0.253302 0.0697967 0.0773167 0.049053 -0.00011 
0.00864044 0.0309755 0.0510918 0.191455 0.0530335 0.0582671 0.0371775 3e-005 
0.00621595 0.0220746 0.0358921 0.137528 0.037622 0.042448 0.0261637 -0.00026 
0.00471812 0.0149359 0.0249456 0.0936275 0.025278 0.0285095 0.0178663 4e-005 
0.00230228 0.00915228 0.0161638 0.0596292 0.0167509 0.0184949 0.011332 -0.0004 
0.00119541 0.00622408 0.00967121 0.0364919 0.00957551 0.01148 0.00711203 -5e-005 
0.000991272 0.00313158 0.00534578 0.0204996 0.00523053 0.00673572 0.00397875 -1e-005 
0.000941728 0.00201364 0.00302739 0.011749 0.00307395 0.00369412 0.00259489 0.00036 
0.000503265 0.000666008 0.0010582 0.00784078 0.000611946 0.000882283 0.00120029 -0.00037 
6.69524e-005 0.000857206 0.00177997 0.0158166 0.00224578 0.00195859 0.00193137 0.00024 
0.000317677 0.00190007 0.00342743 0.0296686 0.00367039 0.0041299 0.00235255 -0.00028 
0.000826271 0.00459568 0.0053654 0.0510356 0.00725489 0.0074252 0.00505286 0.00018 
0.00233988 0.00684804 0.0091793 0.0841867 0.0119267 0.013207 0.00728722 -0.00032 
0.0029175 0.0105016 0.0142851 0.131079 0.0183637 0.0204116 0.0124472 0.00037 
0.00410857 0.0155332 0.0210753 0.192769 0.0266945 0.0303318 0.0181232 -0.00045 
0.00627892 0.0223951 0.029323 0.269284 0.0372126 0.0413111 0.0248963 8e-005 
0.00789214 0.029157 0.0385708 0.355958 0.0490929 0.0555755 0.0326419 0.00041 
0.010196 0.0364228 0.0486538 0.443606 0.0603002 0.0689683 0.0406046 -0.00048 
0.0114406 0.0428576 0.0570887 0.524316 0.0717906 0.0811474 0.047904 -0.00025 
0.0133798 0.0481659 0.0635912 0.585567 0.0803692 0.0905055 0.0537412 0.00027 
0.0144544 0.0510084 0.0680886 0.619928 0.0844479 0.0965333 0.0573808 -0.00036 
0.0138144 0.0505584 0.0672486 0.619318 0.0846079 0.0965033 0.0575308 -0.00036 
0.0136498 0.0475859 0.0638912 0.586237 0.0805692 0.0913355 0.0542112 -0.00026 
0.0113506 0.0428976 0.0573587 0.524216 0.0716006 0.0817974 0.048024 -0.00016 
0.00961595 0.0362528 0.0488638 0.444356 0.0610002 0.0686783 0.0410146 0.00024 
0.00773214 0.028877 0.0388608 0.355448 0.0490129 0.0548555 0.0331519 0.00022 
0.00589892 0.0217851 0.029743 0.269584 0.0368926 0.0418711 0.0248763 9e-005 
0.00457857 0.0156732 0.0210253 0.192499 0.0264645 0.0297718 0.0174232 -0.00017 
0.0030875 0.0105916 0.0138751 0.130479 0.0182937 0.0201216 0.0116471 0.0002 
0.00179988 0.00654804 0.0087493 0.0834467 0.0111167 0.013207 0.00755722 0.00037 
0.000756271 0.00448568 0.0056354 0.0505256 0.00733489 0.0079352 0.00464286 0.00047 
0.000687677 0.00218007 0.00289743 0.0288086 0.00405039 0.0042399 0.00232255 -0.00032 
0.000536952 0.00120721 0.00210997 0.0154766 0.00177578 0.00284859 0.00152137 0.00027 
23.5
0.467776 0.354054 
0.462641 0.286946 
0.439892 0.356186 
0.444043 0.361202 
0.449194 0.320953 
0.44739 0.332698 
0.445323 0.325248 
0.44669 0.330622 
0.445627 0.328709 
0.446311 0.323728 
0.446497 0.331645 
0.446484 0.328711 
0.445971 0.325725 
0.446414 0.328217 
0.445501 0.327188 
0.446611 0.327789 
0.445794 0.326644 
0.445336 0.331193 
0.444582 0.330057 
0.446599 0.332268 
0.446098 0.318868 
0.445575 0.346432 
0.446383 0.344538 
0.446486 0.349691 
0.433626 0.308806 
0.614348 0.162769 
0.641479 0.335078 
0.652536 0.237696 
0.625774 0.24803 
0.623722 0.22454 
0.62417 0.249934 
0.624585 0.250328 
0.625223 0.235833 
0.625708 0.24189 
0.625897 0.236985 
0.626764 0.239881 
0.626061 0.237931 
0.625027 0.238131 
0.625838 0.242929 
0.625333 0.240924 
0.62612 0.241341 
0.626046 0.241178 
0.625857 0.243633 
0.625992 0.242084 
0.626145 0.234749 
0.627015 0.236226 
0.630144 0.248875 
0.62135 0.249131 
0.637547 0.225227 
0.607486 0.231658 
0.446368 0.33188 
0.446256 0.327572 
0.445799 0.330464 
0.625011 0.241077 
0.625863 0.239732 
0.62676 0.241155 
