0
003
0
0
0
0
0
0
0
0
-1
-42078.6
30.8
-2.58694 0 0 0 0 
-2.58596 0 0 0 0 
-2.48977 0 0 0 0 
-2.45268 0 0 0 0 
-2.39884 0 0 0 0 
-2.38144 0 0 0 0 
-2.36634 0 0 0 0 
-2.33024 0 0 0 0 
0 0 0 0 0 
0 0 0 0 0 
0 0 0 0 0 
0 0 0 0 0 
0 0 0 0 0 
0 0 0 0 0 
0 0 0 0 0 
0 0 0 0 0 
-7.46175e-005 3.44108e-005 -5.38292e-005 0.0122526 -0.000245499 -0.000399574 0.00028108 -0.00029 
0.000199961 6.5455e-005 -0.00012373 0.0243702 -1.95956e-005 -3.35221e-006 -0.000168941 8e-005 
-0.000104797 0.000351148 0.000306897 0.0445352 0.000440338 0.00050862 0.000255651 -4e-005 
-0.000403787 0.00047287 0.000806613 0.0781878 0.00103891 0.000553038 0.000551852 0.00032 
0.000348629 0.00053422 0.000737983 0.12887 0.00119638 0.00060937 -3.26126e-005 0.00031 
-1.2599e-005 0.00112593 0.0016684 0.201745 0.00263571 0.00125351 0.000389042 -6e-005 
0.000645001 0.00125836 0.00302653 0.296877 0.00359332 0.00202836 0.000340203 0.00046 
0.000589399 0.00204299 0.00340705 0.415433 0.00550753 0.00302333 0.00068809 -0.00028 
0.000792506 0.00260596 0.00530884 0.548031 0.00767179 0.00376611 0.000831613 -0.00021 
0.000979858 0.00379671 0.00670271 0.684308 0.00851145 0.00422109 0.000770955 0.00011 
0.000542175 0.0038145 0.00720303 0.807955 0.0103503 0.00537746 0.00130969 -0.00015 
0.00105877 0.00449273 0.0083236 0.903442 0.0114373 0.00571709 0.00161948 0 
0.00148212 0.00530796 0.00859196 0.954699 0.0124746 0.00606826 0.00128629 0.00023 
0.000942116 0.00482796 0.00907196 0.954829 0.0121246 0.00578826 0.00163629 0.00016 
0.00121877 0.00502273 0.0085736 0.903332 0.0122473 0.00610709 0.00140948 -6e-005 
0.00140217 0.0037145 0.00728303 0.808685 0.0101303 0.00566746 0.00108969 9e-005 
0.00128986 0.00341671 0.00661271 0.684708 0.00943146 0.00411109 0.00144096 0.00042 
0.000592506 0.00273596 0.00530884 0.547821 0.00754179 0.00352611 0.00138161 -0.00011 
0.0002794 0.00227299 0.00431705 0.414543 0.00587753 0.00237333 0.00106809 3e-005 
0.000225001 0.00150836 0.00237653 0.297377 0.00383332 0.00239836 0.000290203 -0.00026 
0.000657401 0.000995934 0.0022284 0.201975 0.00237571 0.00136351 0.000329042 4e-005 
-0.000301371 0.00021422 0.00159798 0.1291 0.00206638 0.00108937 8.73874e-005 -0.0004 
-0.000383787 0.00080287 0.000836613 0.0786278 0.000668905 0.000923038 0.000291852 -5e-005 
8.52026e-005 2.11481e-005 0.000276897 0.0446752 0.000120338 0.00067862 6.56506e-005 -1e-005 
0.000449961 0.000325455 0.00027627 0.0248702 0.000300404 0.000406648 0.000471059 0.00036 
0.000352013 8.60004e-005 0.000614053 0.0116899 -0.000242534 -0.000272047 0.000537044 -0.00037 
-0.000227648 -0.000272494 0.000914897 0.0233136 0.000581476 -0.000289736 0.000639539 0.00024 
-0.000225118 -0.000181374 0.00183355 0.0434816 0.000603958 -1.25933e-005 -2.7629e-005 -0.00028 
-0.00011977 0.000967907 0.00258742 0.0751105 0.00191038 0.000205215 0.000904434 0.00018 
0.000780123 0.000866858 0.00459919 0.123879 0.00311506 0.00130324 0.00044762 -0.00032 
0.000484867 0.00117317 0.00714181 0.192985 0.00462089 0.00184624 0.00177995 0.00037 
0.000519604 0.00177064 0.0105366 0.284101 0.00641923 0.00294154 0.0023854 -0.00045 
0.00127011 0.00318794 0.014615 0.396749 0.00891612 0.00308492 0.0029325 8e-005 
0.00127955 0.00379983 0.0191534 0.524235 0.0117361 0.00510958 0.00364546 0.00041 
0.00193783 0.00475546 0.0244045 0.653759 0.0136472 0.00594404 0.00439244 -0.00048 
0.00168482 0.00544703 0.0284414 0.772583 0.0166766 0.00669299 0.00512435 -0.00025 
0.00247747 0.00635892 0.0315774 0.86301 0.0187782 0.00730127 0.00593414 0.00027 
0.0029293 0.00681305 0.0342459 0.91322 0.0193384 0.0085758 0.00684257 -0.00036 
0.0022893 0.00636305 0.0334059 0.91261 0.0194984 0.0085458 0.00699257 -0.00036 
0.00274747 0.00577892 0.0318774 0.86368 0.0189782 0.00813127 0.00640414 -0.00026 
0.00159482 0.00548703 0.0287114 0.772483 0.0164866 0.00734299 0.00524435 -0.00016 
0.00135783 0.00458546 0.0246145 0.654509 0.0143472 0.00565404 0.00480244 0.00024 
0.00111955 0.00351983 0.0194434 0.523725 0.0116561 0.00438958 0.00415546 0.00022 
0.000890113 0.00257794 0.015035 0.397049 0.00859611 0.00364492 0.0029125 9e-005 
0.000989605 0.00191064 0.0104866 0.283831 0.00618923 0.00238154 0.0016854 -0.00017 
0.000654867 0.00126317 0.00673181 0.192385 0.00455089 0.00155624 0.00097995 0.0002 
0.000240123 0.000566858 0.00416919 0.123139 0.00230506 0.00130324 0.00071762 0.00037 
-0.00018977 0.000857907 0.00285742 0.0746005 0.00199038 0.000715215 0.000494434 0.00047 
0.000144882 9.86259e-005 0.00130355 0.0426216 0.000983958 9.74067e-005 -5.7629e-005 -0.00032 
0.000242352 7.75059e-005 0.0012449 0.0229736 0.000111476 0.000600264 0.000229539 0.00027 
23.5
1.03883 0.00063198 
1.00206 -0.0468826 
0.962028 0.0330444 
0.962817 0.0401386 
0.974339 -0.00404518 
0.966189 0.0116251 
0.964611 0.00387437 
0.964572 0.0101168 
0.963134 0.00843674 
0.964778 0.00286315 
0.965815 0.0102513 
0.965122 0.00773908 
0.96443 0.00486487 
0.965234 0.00713267 
0.963132 0.00683912 
0.96505 0.00694031 
0.963006 0.00655519 
0.962935 0.0108639 
0.962417 0.00958191 
0.965482 0.0111439 
0.962129 -0.000488865 
0.964484 0.0252886 
0.961605 0.0256771 
0.972827 0.0239472 
0.91772 0.00921824 
0.915818 -0.0797207 
0.945416 0.0905794 
0.95622 -0.00658788 
0.920855 0.0106685 
0.917683 -0.0119183 
0.918837 0.0129051 
0.920392 0.0123814 
0.921054 -0.00213062 
0.921393 0.00404225 
0.922294 -0.00143372 
0.923424 0.00124981 
0.922574 -0.000582035 
0.920617 0.000360736 
0.922103 0.00461535 
0.921163 0.00296027 
0.922533 0.00290876 
0.922012 0.0031044 
0.922036 0.00538702 
0.921857 0.00409148 
0.923106 -0.00412449 
0.924386 -0.00297673 
0.929765 0.00786106 
0.917301 0.0110689 
0.943114 -0.0205691 
0.901646 -0.00495867 
0.965777 0.0104299 
0.964794 0.00666151 
0.963643 0.00998356 
0.920358 0.00350208 
0.922101 0.00143988 
0.923671 0.00232164 
