0
003
0
0
0
0
0
0
0
0
1
-42078.6
30.8
-0.922288 0 0 0 0 
-0.913753 0 0 0 0 
-0.860245 0 0 0 0 
-0.831357 0 0 0 0 
-0.79098 0 0 0 0 
-0.76636 0 0 0 0 
-0.746992 0 0 0 0 
-0.730578 0 0 0 0 
0 0 0 0 0 
0 0 0 0 0 
0 0 0 0 0 
0 0 0 0 0 
0 0 0 0 0 
0 0 0 0 0 
0 0 0 0 0 
0 0 0 0 0 
0.00020012 0.000968968 0.00153991 0.00489579 0.0013038 0.00141682 0.00146619 -0.00029 
0.000735076 0.00188572 0.00298045 0.0100411 0.00299803 0.00353451 0.00213934 8e-005 
0.00088114 0.00370495 0.00602628 0.0181341 0.00600025 0.00702705 0.0045086 -4e-005 
0.00131461 0.00631825 0.010775 0.032173 0.0107293 0.0119141 0.00796436 0.00032 
0.00318179 0.0101716 0.017173 0.0530041 0.0171732 0.0193405 0.0121885 0.00031 
0.00440607 0.0161566 0.0273009 0.0834235 0.0275535 0.0304671 0.0194494 -6e-005 
0.00716404 0.0234338 0.0408432 0.122313 0.0403555 0.0451283 0.0284608 0.00046 
0.00968745 0.0329913 0.0561845 0.171809 0.0568133 0.0631742 0.0399335 -0.00028 
0.0128037 0.0434637 0.0749852 0.226399 0.0754053 0.0831768 0.0526432 -0.00021 
0.01598 0.0548218 0.093718 0.282639 0.0931004 0.103393 0.0654758 0.00011 
0.0182628 0.0640935 0.109999 0.333439 0.11028 0.122535 0.0777494 -0.00015 
0.0208619 0.0718557 0.123201 0.373161 0.123111 0.136643 0.0870423 0 
0.0224165 0.0765192 0.130032 0.394124 0.130528 0.144474 0.0915891 0.00023 
0.0218765 0.0760392 0.130512 0.394254 0.130178 0.144194 0.0919391 0.00016 
0.0210219 0.0723857 0.123451 0.373051 0.123921 0.137033 0.0868323 -6e-005 
0.0191228 0.0639935 0.110079 0.334169 0.11006 0.122825 0.0775294 9e-005 
0.01629 0.0544418 0.093628 0.283039 0.0940204 0.103283 0.0661458 0.00042 
0.0126037 0.0435937 0.0749852 0.226189 0.0752753 0.0829368 0.0531932 -0.00011 
0.00937745 0.0332213 0.0570945 0.170919 0.0571833 0.0625242 0.0403135 3e-005 
0.00674404 0.0236838 0.0401932 0.122813 0.0405955 0.0454983 0.0284108 -0.00026 
0.00507607 0.0160266 0.0278609 0.0836535 0.0272935 0.0305771 0.0193894 4e-005 
0.00253179 0.00985161 0.018033 0.0532341 0.0180432 0.0198205 0.0123085 -0.0004 
0.00133461 0.00664825 0.010805 0.032613 0.0103593 0.0122841 0.00770436 -5e-005 
0.00107114 0.00337495 0.00599628 0.0182741 0.00568025 0.00719705 0.0043186 -1e-005 
0.000985076 0.00214572 0.00338045 0.0105411 0.00331803 0.00394451 0.00277934 0.00036 
0.000525327 0.000736285 0.00121773 0.00723536 0.000736247 0.0010169 0.00129467 -0.00037 
0.000109922 0.000994087 0.0020907 0.0146374 0.00248788 0.0022208 0.0021152 0.00024 
0.000396848 0.00215227 0.00399995 0.0274959 0.00411647 0.004613 0.00269124 -0.00028 
0.000964259 0.00503524 0.00636324 0.0472489 0.00803236 0.00826721 0.00564318 0.00018 
0.00256738 0.00757276 0.0108245 0.0779435 0.0132085 0.0145952 0.00826049 -0.00032 
0.00327232 0.0116318 0.0168509 0.121342 0.0203629 0.0225767 0.0139651 0.00037 
0.00463205 0.0172008 0.0248608 0.178404 0.029644 0.0335261 0.0203626 -0.00045 
0.00700949 0.0247224 0.0346061 0.249236 0.0413289 0.0457691 0.0280217 8e-005 
0.00885664 0.0322295 0.0455455 0.32949 0.0545272 0.0614609 0.0367681 0.00041 
0.0114005 0.0402598 0.0573642 0.410551 0.0670868 0.0763183 0.0457576 -0.00048 
0.0128636 0.0473904 0.0673787 0.485267 0.0798081 0.0898304 0.0539915 -0.00025 
0.01497 0.0532315 0.0750905 0.541929 0.0893288 0.100209 0.0605441 0.00027 
0.0161355 0.0563633 0.0802449 0.573797 0.0939194 0.106791 0.0645723 -0.00036 
0.0154955 0.0559133 0.0794049 0.573187 0.0940794 0.106761 0.0647223 -0.00036 
0.01524 0.0526515 0.0753905 0.542599 0.0895288 0.101039 0.0610141 -0.00026 
0.0127736 0.0474304 0.0676487 0.485167 0.0796181 0.0904803 0.0541115 -0.00016 
0.0108205 0.0400898 0.0575742 0.411301 0.0677868 0.0760283 0.0461676 0.00024 
0.00869664 0.0319495 0.0458355 0.32898 0.0544472 0.0607409 0.0372781 0.00022 
0.00662949 0.0241124 0.0350261 0.249536 0.0410089 0.0463291 0.0280017 9e-005 
0.00510205 0.0173408 0.0248108 0.178134 0.029414 0.0329661 0.0196626 -0.00017 
0.00344232 0.0117218 0.0164409 0.120742 0.0202929 0.0222867 0.0131651 0.0002 
0.00202738 0.00727276 0.0103945 0.0772035 0.0123985 0.0145952 0.00853049 0.00037 
0.000894259 0.00492524 0.00663324 0.0467389 0.00811236 0.00877721 0.00523318 0.00047 
0.000766848 0.00243227 0.00346995 0.0266359 0.00449647 0.004723 0.00266124 -0.00032 
0.000579922 0.00134409 0.0024207 0.0142974 0.00201788 0.00311079 0.0017052 0.00027 
23.5
0.415193 0.37805 
0.412971 0.309611 
0.391815 0.378125 
0.396275 0.383 
0.400839 0.343018 
0.39962 0.354496 
0.397508 0.347066 
0.399005 0.352381 
0.397976 0.350453 
0.398572 0.345512 
0.398679 0.353466 
0.39873 0.350502 
0.398233 0.347509 
0.398642 0.350016 
0.397838 0.348937 
0.398875 0.349572 
0.398171 0.348376 
0.397676 0.352941 
0.396901 0.351815 
0.398822 0.35407 
0.398583 0.34055 
0.397795 0.368235 
0.398943 0.366186 
0.398022 0.371807 
0.389053 0.329146 
0.566922 0.187094 
0.593665 0.359605 
0.604762 0.262201 
0.579355 0.271841 
0.577478 0.24826 
0.577815 0.273712 
0.57805 0.274197 
0.578685 0.259704 
0.579193 0.265749 
0.57927 0.260902 
0.580095 0.263819 
0.579416 0.261857 
0.578527 0.261982 
0.579232 0.266835 
0.578795 0.264795 
0.579491 0.265259 
0.579486 0.26506 
0.579264 0.267532 
0.579449 0.265957 
0.579429 0.258711 
0.580235 0.260221 
0.58301 0.273053 
0.574793 0.273012 
0.589477 0.249883 
0.561211 0.255394 
0.398542 0.353704 
0.39851 0.349359 
0.398118 0.352223 
0.578549 0.264909 
0.579261 0.263636 
0.580052 0.265113 
