0
003
0
0
0
0
0
0
0
0
-1
-42078.6
30.8
-0.926227 0 0 0 0 
-0.919005 0 0 0 0 
-0.869765 0 0 0 0 
-0.844816 0 0 0 0 
-0.807722 0 0 0 0 
-0.785071 0 0 0 0 
-0.768658 0 0 0 0 
-0.753886 0 0 0 0 
0 0 0 0 0 
0 0 0 0 0 
0 0 0 0 0 
0 0 0 0 0 
0 0 0 0 0 
0 0 0 0 0 
0 0 0 0 0 
0 0 0 0 0 
0.000221895 0.00103449 0.00172271 0.00428652 0.00142639 0.00154066 0.00155871 -0.00029 
0.000777489 0.00201335 0.0033365 0.00885436 0.0032368 0.0037757 0.00231954 8e-005 
0.000959284 0.0039401 0.0066823 0.0159477 0.00644017 0.00747144 0.00484062 -4e-005 
0.00145081 0.00672808 0.0119184 0.0283622 0.0114961 0.0126886 0.00854304 0.00032 
0.00340634 0.0108473 0.0190581 0.0467211 0.0184373 0.0206175 0.0131426 0.00031 
0.00475628 0.0172105 0.030241 0.0736244 0.0295251 0.0324587 0.0209375 -6e-005 
0.00768073 0.0249886 0.0451808 0.107856 0.0432643 0.0480666 0.0306561 0.00046 
0.0104085 0.0351612 0.062238 0.151632 0.0608728 0.0672749 0.0429973 -0.00028 
0.0137557 0.0463283 0.0829771 0.199763 0.0807647 0.0885906 0.056688 -0.00021 
0.0171689 0.0583993 0.103699 0.249373 0.0997934 0.110154 0.0705271 0.00011 
0.0196673 0.0683199 0.12179 0.294141 0.118187 0.130522 0.0837169 -0.00015 
0.0224314 0.0765787 0.136377 0.329245 0.131947 0.145569 0.0937111 0 
0.0240757 0.0815121 0.143961 0.347699 0.139869 0.15391 0.0986389 0.00023 
0.0235357 0.0810321 0.144441 0.347829 0.139519 0.15363 0.0989889 0.00016 
0.0225914 0.0771087 0.136627 0.329135 0.132757 0.145959 0.0935011 -6e-005 
0.0205273 0.0682199 0.12187 0.294871 0.117967 0.130812 0.0834969 9e-005 
0.0174789 0.0580193 0.103609 0.249773 0.100713 0.110044 0.0711971 0.00042 
0.0135557 0.0464583 0.0829771 0.199553 0.0806347 0.0883506 0.057238 -0.00011 
0.0100985 0.0353912 0.063148 0.150742 0.0612428 0.0666249 0.0433773 3e-005 
0.00726073 0.0252386 0.0445308 0.108356 0.0435043 0.0484366 0.0306061 -0.00026 
0.00542628 0.0170805 0.030801 0.0738544 0.0292651 0.0325687 0.0208775 4e-005 
0.00275634 0.0105273 0.0199181 0.0469511 0.0193073 0.0210975 0.0132626 -0.0004 
0.00147081 0.00705808 0.0119484 0.0288022 0.0111261 0.0130586 0.00828304 -5e-005 
0.00114928 0.0036101 0.0066523 0.0160877 0.00612017 0.00764144 0.00465062 -1e-005 
0.00102749 0.00227335 0.0037365 0.00935436 0.0035568 0.0041857 0.00295954 0.00036 
0.00054775 0.000806883 0.00138538 0.00661747 0.000862566 0.00115177 0.00139046 -0.00037 
0.000153597 0.00113159 0.00241724 0.0134339 0.00273392 0.00248348 0.00230177 0.00024 
0.000477317 0.00240562 0.00460159 0.0252785 0.00456978 0.00509699 0.003035 -0.00028 
0.00110451 0.00547681 0.00741185 0.0433842 0.00882244 0.00911076 0.00624232 0.00018 
0.00279862 0.00830078 0.0125533 0.0715716 0.0145111 0.015986 0.0092483 -0.00032 
0.00363296 0.0127673 0.0195473 0.111405 0.0223945 0.0247458 0.0155057 0.00037 
0.00516412 0.0188759 0.0288389 0.163742 0.0326413 0.0367262 0.0226356 -0.00045 
0.00775205 0.0270603 0.0401579 0.228774 0.045512 0.0502352 0.0311939 8e-005 
0.00983696 0.0353159 0.052875 0.302476 0.0600497 0.0673571 0.0409559 0.00041 
0.0126247 0.0441143 0.0665176 0.376815 0.0739836 0.0836818 0.0509876 -0.00048 
0.0143099 0.051944 0.0781922 0.445413 0.0879557 0.0985293 0.06017 -0.00025 
0.0165863 0.0583202 0.0871748 0.497391 0.0984339 0.10993 0.0674487 0.00027 
0.0178441 0.0617427 0.0930195 0.526715 0.103545 0.117068 0.0718713 -0.00036 
0.0172041 0.0612927 0.0921795 0.526105 0.103705 0.117038 0.0720213 -0.00036 
0.0168563 0.0577402 0.0874748 0.498061 0.0986339 0.11076 0.0679187 -0.00026 
0.0142199 0.051984 0.0784622 0.445313 0.0877657 0.0991793 0.06029 -0.00016 
0.0120447 0.0439443 0.0667276 0.377565 0.0746836 0.0833918 0.0513976 0.00024 
0.00967696 0.0350359 0.053165 0.301966 0.0599697 0.0666371 0.0414659 0.00022 
0.00737205 0.0264503 0.0405779 0.229074 0.045192 0.0507952 0.0311739 9e-005 
0.00563412 0.0190159 0.0287889 0.163472 0.0324113 0.0361662 0.0219356 -0.00017 
0.00380296 0.0128573 0.0191373 0.110805 0.0223245 0.0244558 0.0147057 0.0002 
0.00225862 0.00800078 0.0121233 0.0708316 0.0137011 0.015986 0.0095183 0.00037 
0.00103451 0.00536681 0.00768185 0.0428742 0.00890244 0.00962076 0.00583232 0.00047 
0.000847317 0.00268562 0.00407159 0.0244185 0.00494978 0.00520699 0.003005 -0.00032 
0.000623597 0.00148159 0.00274724 0.0130939 0.00226392 0.00337348 0.00189177 0.00027 
23.5
0.36353 0.400839 
0.364171 0.331136 
0.344579 0.398961 
0.349344 0.403702 
0.353331 0.363974 
0.352686 0.375199 
0.35053 0.367789 
0.352154 0.373047 
0.351159 0.371104 
0.351669 0.366202 
0.351698 0.374189 
0.35181 0.371199 
0.35133 0.368198 
0.351707 0.37072 
0.35101 0.369593 
0.351973 0.37026 
0.35138 0.369015 
0.350851 0.373596 
0.350055 0.372479 
0.351881 0.374776 
0.3519 0.361142 
0.350852 0.388942 
0.352333 0.386746 
0.350405 0.392811 
0.345259 0.348463 
0.518518 0.211177 
0.544865 0.383889 
0.556002 0.286463 
0.531976 0.295415 
0.530279 0.271744 
0.530503 0.297253 
0.530555 0.297829 
0.531186 0.283338 
0.531717 0.289372 
0.531681 0.284581 
0.532463 0.28752 
0.531807 0.285545 
0.531067 0.285597 
0.531663 0.290504 
0.531296 0.288429 
0.531898 0.28894 
0.531966 0.288705 
0.531709 0.291194 
0.531944 0.289594 
0.531748 0.282435 
0.532489 0.283978 
0.534902 0.296989 
0.527274 0.296656 
0.540414 0.274295 
0.51398 0.278894 
0.351553 0.374431 
0.3516 0.370052 
0.35127 0.372887 
0.531128 0.288504 
0.531697 0.287302 
0.532379 0.288834 
