0
003
0
0
0
0
0
0
0
0
-1
-42078.6
30.8
-0.884208 0 0 0 0 
-0.877643 0 0 0 0 
-0.833655 0 0 0 0 
-0.812317 0 0 0 0 
-0.777521 0 0 0 0 
-0.757496 0 0 0 0 
-0.743709 0 0 0 0 
-0.73025 0 0 0 0 
0 0 0 0 0 
0 0 0 0 0 
0 0 0 0 0 
0 0 0 0 0 
0 0 0 0 0 
0 0 0 0 0 
0 0 0 0 0 
0 0 0 0 0 
0.000242973 0.00109708 0.00190523 0.00369417 0.00154503 0.00165853 0.00164813 -0.00029 
0.000818542 0.00213524 0.003692 0.00770063 0.00346787 0.0040053 0.0024937 8e-005 
0.00103492 0.00416469 0.00733729 0.0138219 0.00686592 0.00789447 0.00516151 -4e-005 
0.00158265 0.00711952 0.01306 0.0246573 0.0122381 0.0134259 0.00910231 0.00032 
0.0036237 0.0114927 0.0209403 0.0406127 0.0196608 0.0218331 0.0140647 0.00031 
0.00509528 0.018217 0.0331765 0.0640976 0.0314332 0.0343546 0.0223756 -6e-005 
0.00818086 0.0264735 0.0495116 0.0938002 0.0460794 0.0508637 0.0327778 0.00046 
0.0111065 0.0372336 0.0682822 0.132017 0.0648016 0.0711785 0.0459584 -0.00028 
0.0146772 0.0490644 0.0909566 0.173866 0.0859514 0.0937441 0.0605972 -0.00021 
0.0183197 0.0618162 0.113664 0.217033 0.106271 0.11659 0.0754091 0.00011 
0.0210268 0.0723565 0.133563 0.255935 0.125839 0.138126 0.0894843 -0.00015 
0.0239507 0.0810897 0.149533 0.286549 0.140499 0.154066 0.100156 0 
0.0256818 0.0862807 0.157868 0.302564 0.148909 0.162892 0.105452 0.00023 
0.0251418 0.0858007 0.158348 0.302694 0.148559 0.162612 0.105802 0.00016 
0.0241107 0.0816197 0.149783 0.286439 0.141309 0.154456 0.0999462 -6e-005 
0.0218868 0.0722565 0.133643 0.256665 0.125619 0.138416 0.0892643 9e-005 
0.0186297 0.0614362 0.113574 0.217433 0.107191 0.11648 0.0760791 0.00042 
0.0144772 0.0491944 0.0909566 0.173656 0.0858214 0.0935041 0.0611472 -0.00011 
0.0107965 0.0374636 0.0691922 0.131127 0.0651716 0.0705285 0.0463384 3e-005 
0.00776086 0.0267235 0.0488616 0.0943002 0.0463194 0.0512337 0.0327278 -0.00026 
0.00576528 0.018087 0.0337365 0.0643276 0.0311732 0.0344646 0.0223156 4e-005 
0.0029737 0.0111727 0.0218003 0.0408427 0.0205308 0.0223131 0.0141847 -0.0004 
0.00160265 0.00744952 0.01309 0.0250973 0.0118681 0.0137959 0.00884231 -5e-005 
0.00122492 0.00383469 0.00730729 0.0139619 0.00654592 0.00806447 0.00497151 -1e-005 
0.00106854 0.00239524 0.004092 0.00820063 0.00378787 0.0044153 0.0031337 0.00036 
0.000570313 0.000877098 0.00155948 0.00599325 0.000989647 0.00128554 0.00148671 -0.00037 
0.000197543 0.00126835 0.00275634 0.0122181 0.00298144 0.00274403 0.00248924 0.00024 
0.000558286 0.0026576 0.00522637 0.0230384 0.00502583 0.00557706 0.0033804 -0.00028 
0.00124563 0.00591599 0.00850079 0.0394798 0.0096173 0.00994747 0.00684432 0.00018 
0.00303129 0.00902486 0.0143487 0.0651345 0.0158216 0.0173655 0.0102408 -0.00032 
0.00399584 0.0138966 0.0223474 0.101365 0.0244384 0.0268973 0.0170537 0.00037 
0.00569949 0.020542 0.03297 0.14893 0.0356567 0.0399004 0.0249194 -0.00045 
0.00849922 0.0293855 0.0459233 0.208103 0.0497203 0.0546652 0.0343812 8e-005 
0.0108234 0.0383857 0.0604864 0.275186 0.0656056 0.0732055 0.0451638 0.00041 
0.0138566 0.0479479 0.0760231 0.342734 0.080922 0.0909855 0.0562426 -0.00048 
0.0157652 0.0564729 0.0894217 0.40515 0.0961524 0.107158 0.066378 -0.00025 
0.0182126 0.0633813 0.0997239 0.452397 0.107594 0.119572 0.0743863 0.00027 
0.0195633 0.067093 0.106285 0.47915 0.113228 0.127261 0.0792053 -0.00036 
0.0189233 0.066643 0.105445 0.47854 0.113388 0.127231 0.0793552 -0.00036 
0.0184826 0.0628013 0.100024 0.453067 0.107794 0.120402 0.0748563 -0.00026 
0.0156752 0.0565129 0.0896917 0.40505 0.0959624 0.107808 0.066498 -0.00016 
0.0132766 0.0477779 0.0762331 0.343484 0.081622 0.0906955 0.0566526 0.00024 
0.0106634 0.0381057 0.0607764 0.274676 0.0655256 0.0724855 0.0456738 0.00022 
0.00811922 0.0287755 0.0463433 0.208403 0.0494003 0.0552252 0.0343612 9e-005 
0.00616949 0.020682 0.03292 0.14866 0.0354267 0.0393404 0.0242194 -0.00017 
0.00416584 0.0139866 0.0219374 0.100765 0.0243684 0.0266073 0.0162537 0.0002 
0.00249129 0.00872486 0.0139187 0.0643945 0.0150116 0.0173655 0.0105108 0.00037 
0.00117563 0.00580599 0.00877079 0.0389698 0.0096973 0.0104575 0.00643432 0.00047 
0.000928286 0.0029376 0.00469637 0.0221784 0.00540583 0.00568706 0.0033504 -0.00032 
0.000667543 0.00161835 0.00308634 0.0118781 0.00251144 0.00363403 0.00207924 0.00027 
23.5
0.313301 0.422196 
0.316725 0.351308 
0.298654 0.418488 
0.303714 0.423103 
0.307141 0.383613 
0.307055 0.3946 
0.304856 0.387208 
0.306603 0.392414 
0.305641 0.390457 
0.306067 0.38559 
0.306021 0.39361 
0.306193 0.390594 
0.305729 0.387587 
0.306073 0.390122 
0.305482 0.388951 
0.306374 0.389648 
0.305889 0.388357 
0.305326 0.392952 
0.304508 0.391844 
0.306242 0.394181 
0.306512 0.380439 
0.305211 0.408348 
0.307016 0.406014 
0.304111 0.412495 
0.302681 0.366565 
0.469615 0.234779 
0.495562 0.407687 
0.50674 0.31024 
0.48411 0.318518 
0.482594 0.29476 
0.482704 0.320323 
0.482571 0.320989 
0.483198 0.306499 
0.483753 0.312522 
0.483601 0.307787 
0.484341 0.310746 
0.483709 0.30876 
0.483118 0.30874 
0.483605 0.3137 
0.483309 0.311591 
0.483816 0.312147 
0.483956 0.311877 
0.483664 0.314383 
0.483951 0.312759 
0.483577 0.305685 
0.484251 0.307261 
0.486299 0.320448 
0.479267 0.319827 
0.490847 0.298219 
0.466264 0.301925 
0.305868 0.393855 
0.305991 0.389443 
0.305723 0.392253 
0.483219 0.311628 
0.483643 0.310496 
0.484216 0.31208 
