0
003
0
0
0
0
0
0
0
0
1
-42078.6
30.8
-0.936732 0 0 0 0 
-0.927212 0 0 0 0 
-0.869765 0 0 0 0 
-0.838907 0 0 0 0 
-0.795904 0 0 0 0 
-0.768986 0 0 0 0 
-0.746335 0 0 0 0 
-0.729265 0 0 0 0 
0 0 0 0 0 
0 0 0 0 0 
0 0 0 0 0 
0 0 0 0 0 
0 0 0 0 0 
0 0 0 0 0 
0 0 0 0 0 
0 0 0 0 0 
0.000263144 0.00115609 0.00208566 0.00312465 0.00165854 0.00176929 0.00173355 -0.00029 
0.000857831 0.00225019 0.00404342 0.00659135 0.00368897 0.00422102 0.00266009 8e-005 
0.00110731 0.00437648 0.00798477 0.0117781 0.00727328 0.00829192 0.00546808 -4e-005 
0.00170881 0.00748866 0.0141885 0.0210951 0.0129481 0.0141186 0.00963663 0.00032 
0.00383171 0.0121013 0.0228009 0.0347396 0.0208313 0.0229752 0.0149457 0.00031 
0.0054197 0.0191662 0.0360782 0.0549378 0.0332588 0.0361359 0.0237495 -6e-005 
0.0086595 0.0278739 0.0537928 0.0802864 0.0487729 0.0534917 0.0348048 0.00046 
0.0117745 0.039188 0.0742571 0.113156 0.0685607 0.0748462 0.0487874 -0.00028 
0.015559 0.0516446 0.0988445 0.148967 0.0909141 0.0985862 0.0643319 -0.00021 
0.019421 0.0650385 0.123515 0.185937 0.112469 0.122637 0.0800733 0.00011 
0.0223278 0.0761631 0.1452 0.2192 0.133161 0.145269 0.0949943 -0.00015 
0.0254047 0.0853437 0.162538 0.245497 0.148681 0.162049 0.106314 0 
0.0272188 0.0907778 0.171616 0.259167 0.157558 0.171331 0.111962 0.00023 
0.0266788 0.0902978 0.172096 0.259297 0.157208 0.171051 0.112312 0.00016 
0.0255647 0.0858737 0.162788 0.245387 0.149491 0.162439 0.106104 -6e-005 
0.0231878 0.0760631 0.14528 0.21993 0.132941 0.145559 0.0947743 9e-005 
0.019731 0.0646585 0.123425 0.186337 0.113389 0.122527 0.0807433 0.00042 
0.015359 0.0517746 0.0988445 0.148757 0.0907841 0.0983462 0.0648819 -0.00011 
0.0114645 0.039418 0.0751671 0.112266 0.0689307 0.0741962 0.0491674 3e-005 
0.0082395 0.0281239 0.0531428 0.0807864 0.0490129 0.0538617 0.0347548 -0.00026 
0.0060897 0.0190362 0.0366382 0.0551678 0.0329988 0.0362459 0.0236895 4e-005 
0.00318171 0.0117813 0.0236609 0.0349696 0.0217013 0.0234552 0.0150657 -0.0004 
0.00172881 0.00781866 0.0142185 0.0215351 0.0125781 0.0144886 0.00937663 -5e-005 
0.00129731 0.00404648 0.00795477 0.0119181 0.00695328 0.00846192 0.00527808 -1e-005 
0.00110783 0.00251019 0.00444342 0.00709135 0.00400897 0.00463102 0.00330009 0.00036 
0.00059279 0.000946234 0.0017383 0.00536889 0.00111623 0.00141689 0.00158246 -0.00037 
0.000241323 0.00140301 0.00310463 0.011002 0.00322798 0.00299987 0.00267574 0.00024 
0.000638951 0.00290571 0.00586809 0.0207978 0.00548008 0.00604843 0.00372402 -0.00028 
0.00138622 0.00634841 0.00961924 0.0355747 0.010409 0.010769 0.00744322 0.00018 
0.00326308 0.00973781 0.0161927 0.0586959 0.017127 0.01872 0.0112283 -0.00032 
0.00435735 0.0150085 0.0252233 0.0913233 0.0264742 0.0290099 0.0185937 0.00037 
0.00623284 0.0221825 0.037213 0.134116 0.0386603 0.0430172 0.0271914 -0.00045 
0.00924358 0.031675 0.0518449 0.187427 0.0539121 0.0590149 0.037552 8e-005 
0.0118061 0.0414082 0.0683041 0.24789 0.0711395 0.078948 0.0493499 0.00041 
0.0150839 0.0517226 0.0857862 0.308645 0.087833 0.0981571 0.0614704 -0.00048 
0.017215 0.0609322 0.100955 0.364879 0.104317 0.11563 0.072554 -0.00025 
0.0198328 0.0683646 0.112613 0.407393 0.116718 0.12904 0.081288 0.00027 
0.021276 0.072361 0.119911 0.431575 0.122873 0.137269 0.0865013 -0.00036 
0.020636 0.071911 0.119071 0.430965 0.123033 0.137239 0.0866513 -0.00036 
0.0201028 0.0677846 0.112913 0.408063 0.116918 0.12987 0.081758 -0.00026 
0.017125 0.0609722 0.101225 0.364779 0.104127 0.11628 0.072674 -0.00016 
0.0145038 0.0515526 0.0859962 0.309395 0.088533 0.0978671 0.0618804 0.00024 
0.0116461 0.0411282 0.0685941 0.24738 0.0710595 0.078228 0.0498599 0.00022 
0.00886358 0.031065 0.0522649 0.187727 0.0535921 0.0595749 0.037532 9e-005 
0.00670284 0.0223225 0.037163 0.133846 0.0384303 0.0424572 0.0264914 -0.00017 
0.00452735 0.0150985 0.0248133 0.0907233 0.0264042 0.0287199 0.0177937 0.0002 
0.00272308 0.00943781 0.0157627 0.0579559 0.016317 0.01872 0.0114983 0.00037 
0.00131622 0.00623841 0.00988924 0.0350647 0.010489 0.011279 0.00703322 0.00047 
0.00100895 0.00318571 0.00533809 0.0199378 0.00586008 0.00615843 0.00369402 -0.00032 
0.000711323 0.00175301 0.00343463 0.010662 0.00275798 0.00388987 0.00226574 0.00027 
23.5
0.265005 0.441908 
0.271105 0.369926 
0.254497 0.43651 
0.259841 0.441009 
0.26273 0.401738 
0.26318 0.412507 
0.260939 0.405132 
0.262806 0.41029 
0.261875 0.40832 
0.26222 0.403485 
0.262102 0.411535 
0.262332 0.408495 
0.261882 0.405482 
0.262197 0.40803 
0.261705 0.406817 
0.262529 0.407543 
0.262148 0.406209 
0.261552 0.410818 
0.260715 0.409717 
0.26236 0.41209 
0.262871 0.39825 
0.261327 0.426259 
0.263444 0.423798 
0.259598 0.430662 
0.261742 0.383273 
0.4207 0.257665 
0.446246 0.430764 
0.457466 0.333296 
0.436232 0.340921 
0.434898 0.317077 
0.434893 0.342695 
0.434576 0.343447 
0.435199 0.328959 
0.435777 0.334971 
0.43551 0.330289 
0.436206 0.333269 
0.435598 0.331272 
0.435158 0.331181 
0.435535 0.336192 
0.435309 0.33405 
0.435722 0.334651 
0.435934 0.334347 
0.435608 0.336869 
0.435946 0.335221 
0.435394 0.32823 
0.436001 0.329837 
0.437685 0.343196 
0.431248 0.342296 
0.441267 0.321418 
0.418536 0.324257 
0.261942 0.411783 
0.262138 0.407341 
0.261929 0.410127 
0.435298 0.334051 
0.435577 0.332986 
0.436041 0.334621 
