0
003
0
0
0
0
0
0
0
0
1
-42078.6
30.8
-1.01781 0 0 0 0 
-1.00698 0 0 0 0 
-0.944282 0 0 0 0 
-0.908172 0 0 0 0 
-0.862214 0 0 0 0 
-0.83267 0 0 0 0 
-0.80805 0 0 0 0 
-0.788354 0 0 0 0 
0 0 0 0 0 
0 0 0 0 0 
0 0 0 0 0 
0 0 0 0 0 
0 0 0 0 0 
0 0 0 0 0 
0 0 0 0 0 
0 0 0 0 0 
0.000282208 0.00121096 0.00226219 0.0025836 0.0017658 0.00187182 0.00181414 -0.00029 
0.000894963 0.00235706 0.00438726 0.00553753 0.00389788 0.00442072 0.00281705 8e-005 
0.00117573 0.00457338 0.00861829 0.00983648 0.0076582 0.00865987 0.00575728 -4e-005 
0.00182805 0.00783184 0.0152926 0.017711 0.013619 0.0147599 0.0101407 0.00032 
0.00402831 0.0126671 0.0246214 0.0291602 0.0219374 0.0240326 0.0157767 0.00031 
0.00572632 0.0200487 0.0389175 0.046236 0.0349839 0.0377849 0.0250456 -6e-005 
0.00911186 0.0291758 0.0579816 0.0674482 0.0513179 0.0559246 0.036717 0.00046 
0.0124059 0.041005 0.0801031 0.0952394 0.0721126 0.0782415 0.0514561 -0.00028 
0.0163925 0.0540433 0.106562 0.125313 0.0956033 0.103069 0.0678551 -0.00021 
0.0204619 0.0680341 0.133153 0.156397 0.118325 0.128235 0.0844732 0.00011 
0.0235575 0.0797021 0.156586 0.184302 0.140079 0.151882 0.100192 -0.00015 
0.0267788 0.0892985 0.175262 0.206499 0.156412 0.169439 0.112123 0 
0.0286715 0.0949585 0.185068 0.21794 0.165731 0.179144 0.118102 0.00023 
0.0281315 0.0944785 0.185548 0.21807 0.165381 0.178864 0.118452 0.00016 
0.0269388 0.0898285 0.175512 0.206389 0.157222 0.169829 0.111913 -6e-005 
0.0244175 0.0796021 0.156666 0.185032 0.139859 0.152173 0.0999722 9e-005 
0.0207719 0.0676541 0.133063 0.156797 0.119245 0.128125 0.0851432 0.00042 
0.0161925 0.0541733 0.106562 0.125103 0.0954733 0.102829 0.0684051 -0.00011 
0.0120959 0.041235 0.0810131 0.0943494 0.0724826 0.0775915 0.0518361 3e-005 
0.00869186 0.0294258 0.0573316 0.0679482 0.0515579 0.0562946 0.036667 -0.00026 
0.00639632 0.0199187 0.0394775 0.046466 0.0347239 0.0378949 0.0249856 4e-005 
0.00337831 0.0123471 0.0254814 0.0293902 0.0228074 0.0245126 0.0158967 -0.0004 
0.00184805 0.00816184 0.0153226 0.018151 0.013249 0.0151299 0.00988068 -5e-005 
0.00136573 0.00424338 0.00858829 0.00997647 0.0073382 0.00882987 0.00556728 -1e-005 
0.00114496 0.00261706 0.00478726 0.00603753 0.00421788 0.00483072 0.00345705 0.00036 
0.000614959 0.0010136 0.00192006 0.0047506 0.00124105 0.00154452 0.00167676 -0.00037 
0.000284502 0.00153423 0.00345865 0.00979776 0.0034711 0.00324845 0.00285941 0.00024 
0.000718508 0.00314747 0.00652036 0.018579 0.00592802 0.00650643 0.00406243 -0.00028 
0.00152488 0.00676978 0.0107561 0.0317075 0.0111897 0.0115673 0.00803304 0.00018 
0.0034917 0.0104325 0.0180671 0.05232 0.0184141 0.0200361 0.0122007 -0.00032 
0.0047139 0.016092 0.0281466 0.0813793 0.0284817 0.0310625 0.0201103 0.00037 
0.00675887 0.023781 0.0415259 0.119445 0.041622 0.0460454 0.029429 -0.00045 
0.00997771 0.0339059 0.057864 0.166952 0.0580456 0.0632412 0.0406749 8e-005 
0.0127753 0.0443535 0.0762505 0.220859 0.0765965 0.0845275 0.0534726 0.00041 
0.0162942 0.0554008 0.09571 0.274888 0.094648 0.105125 0.0666191 -0.00048 
0.0186449 0.0652775 0.112679 0.324999 0.112368 0.123861 0.0786364 -0.00025 
0.0214307 0.0732206 0.125714 0.362827 0.125715 0.138239 0.0880853 0.00027 
0.0229653 0.0774944 0.133761 0.384463 0.132384 0.146994 0.0936868 -0.00036 
0.0223253 0.0770444 0.132921 0.383853 0.132544 0.146964 0.0938368 -0.00036 
0.0217007 0.0726406 0.126014 0.363497 0.125915 0.139069 0.0885553 -0.00026 
0.0185549 0.0653175 0.112949 0.324899 0.112178 0.124511 0.0787564 -0.00016 
0.0157142 0.0552308 0.09592 0.275638 0.095348 0.104835 0.0670291 0.00024 
0.0126153 0.0440735 0.0765405 0.220349 0.0765165 0.0838075 0.0539826 0.00022 
0.00959771 0.0332959 0.058284 0.167252 0.0577256 0.0638012 0.0406548 9e-005 
0.00722887 0.023921 0.0414759 0.119175 0.041392 0.0454854 0.028729 -0.00017 
0.0048839 0.016182 0.0277366 0.0807793 0.0284117 0.0307725 0.0193103 0.0002 
0.0029517 0.0101325 0.0176371 0.05158 0.0176041 0.0200361 0.0124707 0.00037 
0.00145488 0.00665978 0.0110261 0.0311975 0.0112697 0.0120773 0.00762304 0.00047 
0.00108851 0.00342747 0.00599036 0.017719 0.00630802 0.00661643 0.00403243 -0.00032 
0.000754502 0.00188423 0.00378865 0.00945776 0.0030011 0.00413845 0.00244941 0.00027 
23.5
0.219122 0.459779 
0.227765 0.386806 
0.212546 0.45285 
0.218161 0.457244 
0.220537 0.418171 
0.221497 0.428741 
0.219218 0.421381 
0.221197 0.426495 
0.220297 0.424513 
0.220564 0.419709 
0.220378 0.427785 
0.220662 0.424724 
0.220227 0.421705 
0.220512 0.424265 
0.220117 0.423015 
0.220876 0.423766 
0.220593 0.422394 
0.219966 0.427015 
0.21911 0.425922 
0.220671 0.428327 
0.221411 0.414398 
0.219635 0.442497 
0.222049 0.43992 
0.217309 0.447133 
0.222849 0.398421 
0.372259 0.279608 
0.397409 0.452891 
0.408669 0.355402 
0.388818 0.3624 
0.387664 0.338474 
0.387546 0.364144 
0.387045 0.36498 
0.387664 0.350493 
0.388266 0.356494 
0.387884 0.351864 
0.388539 0.354863 
0.387954 0.352855 
0.387662 0.352697 
0.387931 0.357758 
0.387775 0.355584 
0.388094 0.356227 
0.388378 0.35589 
0.388017 0.358429 
0.388406 0.356757 
0.387678 0.349846 
0.388219 0.351483 
0.389541 0.365006 
0.383694 0.363839 
0.392167 0.343661 
0.37127 0.345669 
0.22021 0.428036 
0.220477 0.423567 
0.220323 0.426331 
0.387841 0.35555 
0.387977 0.35455 
0.388333 0.356234 
