0
003
0
0
0
0
0
0
0
0
-1
-42078.6
30.8
-0.968902 0 0 0 0 
-0.96168 0 0 0 0 
-0.916707 0 0 0 0 
-0.894713 0 0 0 0 
-0.859917 0 0 0 0 
-0.839892 0 0 0 0 
-0.826761 0 0 0 0 
-0.812974 0 0 0 0 
0 0 0 0 0 
0 0 0 0 0 
0 0 0 0 0 
0 0 0 0 0 
0 0 0 0 0 
0 0 0 0 0 
0 0 0 0 0 
0 0 0 0 0 
0.000299976 0.00126113 0.00243308 0.00207641 0.00186574 0.0019651 0.00188909 -0.00029 
0.00092957 0.00245478 0.00472011 0.00454965 0.00409253 0.00460241 0.00296303 8e-005 
0.00123949 0.00475343 0.00923156 0.00801633 0.00801684 0.00899464 0.00602623 -4e-005 
0.00193918 0.00814564 0.0163615 0.0145386 0.0142441 0.0153434 0.0106095 0.00032 
0.00421153 0.0131845 0.0263836 0.0239299 0.022968 0.0249945 0.0165496 0.00031 
0.00601208 0.0208556 0.041666 0.0380787 0.0365912 0.0392852 0.026251 -6e-005 
0.00953345 0.0303663 0.0620366 0.0554134 0.0536893 0.0581381 0.0384954 0.00046 
0.0129942 0.0426664 0.0857622 0.0784435 0.0754221 0.0813307 0.053938 -0.00028 
0.0171693 0.0562367 0.114033 0.103139 0.0999725 0.107147 0.0711317 -0.00021 
0.021432 0.0707734 0.142483 0.128705 0.123781 0.133328 0.0885652 0.00011 
0.0247035 0.0829381 0.167609 0.151588 0.146525 0.157899 0.105026 -0.00015 
0.0280595 0.0929149 0.18758 0.16994 0.163615 0.176163 0.117525 0 
0.0300253 0.0987814 0.198089 0.179293 0.173346 0.186252 0.123813 0.00023 
0.0294853 0.0983014 0.198569 0.179423 0.172996 0.185972 0.124163 0.00016 
0.0282195 0.0934449 0.18783 0.16983 0.164425 0.176553 0.117315 -6e-005 
0.0255635 0.0828381 0.167689 0.152318 0.146305 0.158189 0.104806 9e-005 
0.021742 0.0703934 0.142393 0.129105 0.124701 0.133218 0.0892352 0.00042 
0.0169693 0.0563667 0.114033 0.102929 0.0998425 0.106907 0.0716817 -0.00011 
0.0126842 0.0428964 0.0866722 0.0775535 0.0757921 0.0806807 0.054318 3e-005 
0.00911345 0.0306163 0.0613866 0.0559134 0.0539293 0.0585081 0.0384454 -0.00026 
0.00668208 0.0207256 0.042226 0.0383087 0.0363312 0.0393952 0.026191 4e-005 
0.00356153 0.0128645 0.0272436 0.0241599 0.023838 0.0254745 0.0166696 -0.0004 
0.00195918 0.00847564 0.0163915 0.0149786 0.0138741 0.0157134 0.0103495 -5e-005 
0.00142949 0.00442343 0.00920156 0.00815633 0.00769684 0.00916464 0.00583623 -1e-005 
0.00117957 0.00271478 0.00512011 0.00504965 0.00441253 0.00501241 0.00360303 0.00036 
0.000636599 0.00107854 0.00210296 0.00414454 0.00136287 0.00166714 0.00176868 -0.00037 
0.000326651 0.0016607 0.00381488 0.00861731 0.00370837 0.00348729 0.00303844 0.00024 
0.000796166 0.00338049 0.00717671 0.016404 0.0063652 0.00694649 0.00439228 -0.00028 
0.00166023 0.00717592 0.0119001 0.0279167 0.0119517 0.0123343 0.00860794 0.00018 
0.00371485 0.0111021 0.0199531 0.0460701 0.0196704 0.0213007 0.0131486 -0.00032 
0.00506194 0.0171363 0.0310882 0.0716318 0.030441 0.0330347 0.0215886 0.00037 
0.00727235 0.0253218 0.0458657 0.105064 0.0445127 0.0489551 0.0316099 -0.00045 
0.0106943 0.0360562 0.0639207 0.146882 0.0620798 0.067302 0.0437186 8e-005 
0.0137213 0.0471923 0.0842464 0.194363 0.0819224 0.0898885 0.057491 0.00041 
0.0174757 0.058946 0.105696 0.241798 0.101299 0.11182 0.0716374 -0.00048 
0.0200407 0.0694656 0.124476 0.285908 0.120225 0.131771 0.0845649 -0.00025 
0.0229905 0.0779009 0.138898 0.319142 0.134496 0.147078 0.0947105 0.00027 
0.0246142 0.0824421 0.147697 0.338282 0.141667 0.156338 0.10069 -0.00036 
0.0239742 0.0819921 0.146857 0.337673 0.141827 0.156308 0.10084 -0.00036 
0.0232605 0.0773209 0.139198 0.319812 0.134696 0.147908 0.0951805 -0.00026 
0.0199507 0.0695056 0.124746 0.285808 0.120035 0.132421 0.0846849 -0.00016 
0.0168957 0.058776 0.105906 0.242548 0.101999 0.11153 0.0720474 0.00024 
0.0135613 0.0469123 0.0845364 0.193853 0.0818424 0.0891685 0.058001 0.00022 
0.0103143 0.0354462 0.0643407 0.147182 0.0617598 0.067862 0.0436986 9e-005 
0.00774235 0.0254618 0.0458157 0.104794 0.0442827 0.0483951 0.0309099 -0.00017 
0.00523194 0.0172263 0.0306782 0.0710318 0.030371 0.0327447 0.0207886 0.0002 
0.00317485 0.0108021 0.0195231 0.0453301 0.0188604 0.0213007 0.0134186 0.00037 
0.00159023 0.00706592 0.0121701 0.0274067 0.0120317 0.0128443 0.00819794 0.00047 
0.00116617 0.00366049 0.00664671 0.015544 0.0067452 0.00705649 0.00436228 -0.00032 
0.000796651 0.0020107 0.00414488 0.00827731 0.00323837 0.00437729 0.00262844 0.00027 
23.5
0.176108 0.475631 
0.187135 0.401778 
0.173219 0.467343 
0.179087 0.471644 
0.180983 0.432748 
0.182422 0.443142 
0.180105 0.435795 
0.182191 0.44087 
0.181318 0.438878 
0.181513 0.4341 
0.181263 0.4422 
0.181599 0.43912 
0.181177 0.436096 
0.181435 0.438665 
0.181129 0.437383 
0.181827 0.438156 
0.181637 0.43675 
0.180981 0.441382 
0.180107 0.440295 
0.181589 0.44273 
0.182544 0.428721 
0.180551 0.456901 
0.183243 0.454221 
0.177665 0.461743 
0.186389 0.411857 
0.324774 0.300389 
0.349535 0.473846 
0.360835 0.376338 
0.34234 0.382743 
0.341362 0.358739 
0.341132 0.384458 
0.340452 0.385372 
0.341067 0.370887 
0.341692 0.376878 
0.341198 0.372297 
0.341811 0.375315 
0.34125 0.373296 
0.341103 0.373075 
0.341266 0.378182 
0.341178 0.375978 
0.341406 0.376661 
0.34176 0.376294 
0.341365 0.378847 
0.341804 0.377154 
0.340903 0.370319 
0.34138 0.371983 
0.342347 0.385662 
0.337078 0.384241 
0.344036 0.364726 
0.324936 0.365948 
0.181088 0.442454 
0.181421 0.43796 
0.181319 0.440705 
0.34132 0.375911 
0.341316 0.374972 
0.341566 0.376703 
