0
003
0
0
0
0
0
0
0
0
-1
-42078.6
30.8
-0.957084 0 0 0 0 
-0.948549 0 0 0 0 
-0.895041 0 0 0 0 
-0.866482 0 0 0 0 
-0.825448 0 0 0 0 
-0.800828 0 0 0 0 
-0.781788 0 0 0 0 
-0.765703 0 0 0 0 
0 0 0 0 0 
0 0 0 0 0 
0 0 0 0 0 
0 0 0 0 0 
0 0 0 0 0 
0 0 0 0 0 
0 0 0 0 0 
0 0 0 0 0 
0.000316271 0.00130611 0.00259663 0.00160811 0.00195736 0.00204822 0.00195765 -0.00029 
0.000961308 0.00254238 0.00503866 0.00363754 0.004271 0.00476429 0.00309657 8e-005 
0.00129797 0.00491482 0.00981848 0.00633578 0.00834565 0.0092929 0.00627228 -4e-005 
0.00204111 0.00842694 0.0173844 0.0116096 0.0148172 0.0158632 0.0110383 0.00032 
0.00437958 0.0136483 0.0280702 0.0191007 0.0239129 0.0258516 0.0172566 0.00031 
0.00627416 0.0215789 0.0442964 0.0305469 0.0380649 0.0406219 0.0273537 -6e-005 
0.00992011 0.0314335 0.0659173 0.0443015 0.0558634 0.0601102 0.0401223 0.00046 
0.0135339 0.0441557 0.0911782 0.0629356 0.0784563 0.084083 0.0562085 -0.00028 
0.0178817 0.0582029 0.121184 0.0826658 0.103978 0.110781 0.0741292 -0.00021 
0.0223217 0.0732289 0.151413 0.103137 0.128784 0.137866 0.0923086 0.00011 
0.0257545 0.0858389 0.178158 0.121383 0.152435 0.16326 0.109449 -0.00015 
0.0292341 0.0961566 0.199369 0.136185 0.17022 0.182154 0.122467 0 
0.031267 0.102208 0.210551 0.14361 0.180328 0.192585 0.129037 0.00023 
0.030727 0.101728 0.211031 0.14374 0.179978 0.192305 0.129387 0.00016 
0.0293941 0.0966866 0.199619 0.136075 0.17103 0.182544 0.122257 -6e-005 
0.0266145 0.0857389 0.178238 0.122113 0.152215 0.16355 0.109229 9e-005 
0.0226317 0.0728489 0.151323 0.103537 0.129704 0.137756 0.0929786 0.00042 
0.0176817 0.0583329 0.121184 0.0824558 0.103848 0.110541 0.0746792 -0.00011 
0.0132239 0.0443857 0.0920882 0.0620456 0.0788263 0.083433 0.0565885 3e-005 
0.00950011 0.0316835 0.0652673 0.0448015 0.0561034 0.0604802 0.0400723 -0.00026 
0.00694416 0.0214489 0.0448564 0.0307769 0.0378049 0.0407319 0.0272937 4e-005 
0.00372958 0.0133283 0.0289302 0.0193307 0.0247829 0.0263316 0.0173766 -0.0004 
0.00206111 0.00875694 0.0174144 0.0120496 0.0144472 0.0162332 0.0107783 -5e-005 
0.00148797 0.00458482 0.00978848 0.00647578 0.00802565 0.0094629 0.00608228 -1e-005 
0.00121131 0.00280238 0.00543866 0.00413754 0.004591 0.00517429 0.00373657 0.00036 
0.000657495 0.00114039 0.00228517 0.00355672 0.00148048 0.00178355 0.00185729 -0.00037 
0.000367351 0.00178117 0.00416978 0.00747239 0.00393745 0.00371402 0.00321103 0.00024 
0.000871155 0.00360245 0.00783061 0.0142946 0.00678726 0.00736424 0.00471029 -0.00028 
0.00179093 0.00756278 0.0130397 0.0242401 0.0126873 0.0130624 0.0091622 0.00018 
0.00393034 0.01174 0.0218322 0.0400084 0.0208832 0.0225011 0.0140624 -0.00032 
0.00539802 0.0181311 0.0340188 0.0621777 0.0323326 0.0349069 0.0230138 0.00037 
0.00776818 0.0267894 0.0501893 0.0911159 0.0473034 0.0517173 0.0337126 -0.00045 
0.0113863 0.0381044 0.0699547 0.127416 0.0659745 0.071157 0.0466531 8e-005 
0.0146349 0.0498963 0.0922126 0.168664 0.0870642 0.0949778 0.0613651 0.00041 
0.0186166 0.062323 0.115644 0.209704 0.107721 0.118176 0.0764756 -0.00048 
0.0213885 0.073455 0.136229 0.247994 0.127811 0.139279 0.0902805 -0.00025 
0.0244967 0.0823592 0.152031 0.276772 0.142973 0.155469 0.101098 0.00027 
0.0262064 0.087155 0.161581 0.293492 0.150628 0.165208 0.107443 -0.00036 
0.0255664 0.086705 0.160741 0.292882 0.150788 0.165178 0.107593 -0.00036 
0.0247667 0.0817791 0.152331 0.277442 0.143173 0.156299 0.101568 -0.00026 
0.0212985 0.073495 0.136499 0.247894 0.127621 0.139929 0.0904005 -0.00016 
0.0180366 0.062153 0.115854 0.210454 0.108421 0.117886 0.0768856 0.00024 
0.0144749 0.0496163 0.0925026 0.168154 0.0869842 0.0942578 0.0618751 0.00022 
0.0110063 0.0374944 0.0703747 0.127716 0.0656545 0.071717 0.0466331 9e-005 
0.00823818 0.0269294 0.0501393 0.0908459 0.0470734 0.0511573 0.0330126 -0.00017 
0.00556802 0.0182211 0.0336088 0.0615777 0.0322626 0.0346169 0.0222138 0.0002 
0.00339034 0.01144 0.0214022 0.0392684 0.0200732 0.0225011 0.0143324 0.00037 
0.00172093 0.00745278 0.0133097 0.0237301 0.0127673 0.0135724 0.0087522 0.00047 
0.00124115 0.00388245 0.00730061 0.0134346 0.00716726 0.00747424 0.00468029 -0.00032 
0.000837351 0.00213117 0.00449978 0.00713239 0.00346745 0.00460402 0.00280103 0.00027 
23.5
0.136392 0.489307 
0.149621 0.414695 
0.136907 0.479846 
0.143009 0.484067 
0.144462 0.445323 
0.146342 0.455565 
0.143991 0.44823 
0.146174 0.453271 
0.145328 0.45127 
0.145457 0.446515 
0.145147 0.454636 
0.14553 0.451539 
0.145121 0.448511 
0.145354 0.451089 
0.14513 0.449778 
0.145772 0.45057 
0.145667 0.449135 
0.144984 0.453776 
0.144094 0.452695 
0.145503 0.455155 
0.146657 0.441078 
0.144464 0.469326 
0.147412 0.466559 
0.14106 0.474347 
0.152723 0.423448 
0.278716 0.319803 
0.3031 0.493421 
0.314438 0.395895 
0.297259 0.401746 
0.296452 0.37767 
0.296114 0.403435 
0.29526 0.404423 
0.295871 0.389938 
0.296518 0.39592 
0.295916 0.391385 
0.296488 0.39442 
0.29595 0.392392 
0.295944 0.392111 
0.296004 0.397262 
0.295982 0.39503 
0.296121 0.39575 
0.296543 0.395355 
0.296116 0.397921 
0.296603 0.396208 
0.295534 0.389443 
0.295949 0.391134 
0.296572 0.404958 
0.291863 0.403301 
0.297352 0.384405 
0.279996 0.384891 
0.144966 0.454892 
0.145359 0.450377 
0.145306 0.453105 
0.296198 0.394931 
0.296058 0.39405 
0.296205 0.395824 
