0
003
0
0
0
0
0
0
0
0
1
-42078.6
30.8
-0.922944 0 0 0 0 
-0.916051 0 0 0 0 
-0.874032 0 0 0 0 
-0.854336 0 0 0 0 
-0.820852 0 0 0 0 
-0.802469 0 0 0 0 
-0.791637 0 0 0 0 
-0.778506 0 0 0 0 
0 0 0 0 0 
0 0 0 0 0 
0 0 0 0 0 
0 0 0 0 0 
0 0 0 0 0 
0 0 0 0 0 
0 0 0 0 0 
0 0 0 0 0 
0.000330932 0.00134544 0.00275121 0.00118336 0.00203977 0.00212033 0.00201915 -0.00029 
0.000989864 0.00261899 0.00533974 0.00281024 0.00443149 0.00490475 0.00321635 8e-005 
0.00135058 0.00505597 0.0103732 0.0048115 0.00864137 0.00955169 0.00649298 -4e-005 
0.0021328 0.00867295 0.0183513 0.00895289 0.0153326 0.0163143 0.0114229 0.00032 
0.00453076 0.0140539 0.0296643 0.0147206 0.0247626 0.0265953 0.0178908 0.00031 
0.00650995 0.0222115 0.0467825 0.0237156 0.0393902 0.0417817 0.0283428 -6e-005 
0.010268 0.0323667 0.0695853 0.034223 0.0578187 0.0618213 0.0415815 0.00046 
0.0140194 0.0454582 0.0962972 0.0488699 0.0811851 0.0864711 0.058245 -0.00028 
0.0185226 0.0599224 0.127942 0.0640964 0.107581 0.113933 0.0768178 -0.00021 
0.0231221 0.0753763 0.159853 0.0799468 0.133283 0.141803 0.0956662 0.00011 
0.0267002 0.0883758 0.188128 0.093987 0.15775 0.167912 0.113415 -0.00015 
0.0302908 0.0989916 0.210511 0.105569 0.176159 0.187352 0.126899 0 
0.0323841 0.105205 0.22233 0.111245 0.186607 0.19808 0.133723 0.00023 
0.0318441 0.104725 0.22281 0.111375 0.186257 0.1978 0.134073 0.00016 
0.0304508 0.0995216 0.210761 0.105459 0.176969 0.187742 0.126689 -6e-005 
0.0275602 0.0882758 0.188208 0.094717 0.15753 0.168202 0.113195 9e-005 
0.0234321 0.0749963 0.159763 0.0803468 0.134203 0.141693 0.0963362 0.00042 
0.0183226 0.0600524 0.127942 0.0638864 0.107451 0.113693 0.0773678 -0.00011 
0.0137094 0.0456882 0.0972072 0.0479799 0.0815551 0.0858211 0.058625 3e-005 
0.00984799 0.0326167 0.0689353 0.034723 0.0580587 0.0621913 0.0415315 -0.00026 
0.00717995 0.0220815 0.0473425 0.0239456 0.0391302 0.0418917 0.0282828 4e-005 
0.00388076 0.0137339 0.0305243 0.0149506 0.0256326 0.0270753 0.0180108 -0.0004 
0.0021528 0.00900295 0.0183813 0.00939289 0.0149626 0.0166843 0.0111629 -5e-005 
0.00154058 0.00472597 0.0103432 0.0049515 0.00832137 0.00972169 0.00630298 -1e-005 
0.00123986 0.00287899 0.00573974 0.00331024 0.00475149 0.00531475 0.00385635 0.00036 
0.00067744 0.00119854 0.00246489 0.00299298 0.00159271 0.00189259 0.00194173 -0.00037 
0.000406198 0.00189444 0.00451983 0.00637437 0.00415605 0.0039264 0.00337549 0.00024 
0.00094273 0.00381115 0.00847557 0.0122715 0.00719003 0.00775554 0.00501329 -0.00028 
0.00191568 0.00792651 0.0141638 0.0207141 0.0133893 0.0137444 0.0096903 0.00018 
0.00413601 0.0123397 0.0236855 0.034195 0.0220406 0.0236255 0.0149331 -0.00032 
0.0057188 0.0190664 0.0369092 0.053111 0.0341376 0.0366606 0.0243718 0.00037 
0.00824143 0.0281693 0.0544537 0.0777394 0.0499664 0.0543046 0.0357161 -0.00045 
0.0120468 0.0400302 0.0759063 0.108747 0.0696911 0.0747678 0.0494492 8e-005 
0.0155068 0.0524387 0.10007 0.144018 0.0919709 0.0997448 0.0650565 0.00041 
0.0197056 0.0654981 0.125457 0.178925 0.113848 0.124129 0.0810855 -0.00048 
0.0226749 0.0772059 0.147821 0.211633 0.13505 0.146312 0.0957265 -0.00025 
0.0259343 0.0865509 0.164986 0.236138 0.151063 0.163328 0.107184 0.00027 
0.0277262 0.0915862 0.175276 0.250536 0.15918 0.173516 0.113876 -0.00036 
0.0270862 0.0911362 0.174436 0.249926 0.15934 0.173486 0.114026 -0.00036 
0.0262043 0.0859709 0.165286 0.236808 0.151263 0.164158 0.107654 -0.00026 
0.0225849 0.0772459 0.148091 0.211533 0.13486 0.146962 0.0958465 -0.00016 
0.0191256 0.0653281 0.125667 0.179675 0.114548 0.123839 0.0814955 0.00024 
0.0153468 0.0521587 0.10036 0.143508 0.0918909 0.0990248 0.0655665 0.00022 
0.0116668 0.0394202 0.0763263 0.109047 0.0693711 0.0753278 0.0494292 9e-005 
0.00871143 0.0283093 0.0544037 0.0774694 0.0497364 0.0537446 0.0350161 -0.00017 
0.0058888 0.0191564 0.0364992 0.052511 0.0340676 0.0363706 0.0235718 0.0002 
0.00359601 0.0120397 0.0232555 0.033455 0.0212306 0.0236255 0.0152031 0.00037 
0.00184568 0.00781651 0.0144338 0.0202041 0.0134693 0.0142544 0.0092803 0.00047 
0.00131273 0.00409115 0.00794557 0.0114115 0.00757003 0.00786554 0.00498329 -0.00032 
0.000876198 0.00224444 0.00484983 0.00603438 0.00368605 0.0048164 0.00296549 0.00027 
23.5
0.100368 0.500669 
0.115593 0.425427 
0.103971 0.490235 
0.110285 0.494389 
0.111335 0.455771 
0.113616 0.465887 
0.111235 0.458562 
0.113507 0.463575 
0.112684 0.461567 
0.112752 0.456831 
0.112389 0.464968 
0.112815 0.461858 
0.112417 0.458826 
0.112627 0.461412 
0.112479 0.460077 
0.113069 0.460885 
0.113042 0.459426 
0.112335 0.464074 
0.111429 0.462998 
0.112772 0.465479 
0.114106 0.451345 
0.111731 0.479651 
0.114912 0.47681 
0.107859 0.48482 
0.122188 0.43308 
0.234544 0.337655 
0.258566 0.511423 
0.269942 0.413881 
0.254023 0.419221 
0.25338 0.395079 
0.252939 0.420886 
0.251917 0.421941 
0.252526 0.407458 
0.253194 0.413432 
0.252487 0.408939 
0.253021 0.411989 
0.252504 0.409952 
0.252634 0.409616 
0.252594 0.414807 
0.252637 0.412549 
0.25269 0.413305 
0.253178 0.412882 
0.252719 0.415462 
0.253252 0.413729 
0.252023 0.40703 
0.252377 0.408745 
0.252671 0.422702 
0.2485 0.420828 
0.25258 0.402501 
0.236895 0.402312 
0.112202 0.465226 
0.11265 0.460694 
0.112641 0.463408 
0.252924 0.412422 
0.252653 0.411594 
0.252701 0.413408 
