0
003
0
0
0
0
0
0
0
0
-1
-42078.6
30.8
-0.950519 0 0 0 0 
-0.941656 0 0 0 0 
-0.886506 0 0 0 0 
-0.856634 0 0 0 0 
-0.814615 0 0 0 0 
-0.788354 0 0 0 0 
-0.768329 0 0 0 0 
-0.752244 0 0 0 0 
0 0 0 0 0 
0 0 0 0 0 
0 0 0 0 0 
0 0 0 0 0 
0 0 0 0 0 
0 0 0 0 0 
0 0 0 0 0 
0 0 0 0 0 
0.000343812 0.00137874 0.00289529 0.000806386 0.00211212 0.00218073 0.00207297 -0.00029 
0.00101495 0.00268384 0.00562037 0.00207599 0.00457243 0.00502239 0.00332118 8e-005 
0.0013968 0.00517547 0.0108903 0.00345866 0.00890104 0.00976844 0.00668612 -4e-005 
0.00221337 0.00888122 0.0192525 0.00659502 0.0157851 0.0166921 0.0117596 0.00032 
0.00466358 0.0143972 0.0311501 0.0108331 0.0255088 0.0272181 0.0184458 0.00031 
0.00671711 0.022747 0.0490998 0.0176526 0.0405539 0.0427531 0.0292084 -6e-005 
0.0105736 0.0331568 0.073004 0.025278 0.0595356 0.0632545 0.0428585 0.00046 
0.0144459 0.0465609 0.101068 0.0363861 0.0835813 0.0884712 0.0600272 -0.00028 
0.0190857 0.0613782 0.134241 0.0476154 0.110744 0.116574 0.0791707 -0.00021 
0.0238253 0.0771943 0.167719 0.0593646 0.137233 0.145101 0.0986046 0.00011 
0.0275309 0.0905236 0.197421 0.069672 0.162417 0.171807 0.116887 -0.00015 
0.0312192 0.101392 0.220896 0.0783968 0.181375 0.191706 0.130779 0 
0.0333656 0.107743 0.233308 0.0825202 0.192121 0.202682 0.137824 0.00023 
0.0328256 0.107263 0.233788 0.0826503 0.19177 0.202402 0.138174 0.00016 
0.0313792 0.101922 0.221146 0.0782868 0.182185 0.192096 0.130569 -6e-005 
0.0283909 0.0904236 0.197501 0.070402 0.162197 0.172097 0.116667 9e-005 
0.0241353 0.0768143 0.167629 0.0597646 0.138153 0.144991 0.0992746 0.00042 
0.0188857 0.0615082 0.134241 0.0474055 0.110614 0.116334 0.0797207 -0.00011 
0.0141359 0.0467909 0.101978 0.0354961 0.0839513 0.0878212 0.0604072 3e-005 
0.0101536 0.0334068 0.072354 0.025778 0.0597756 0.0636245 0.0428085 -0.00026 
0.00738711 0.022617 0.0496598 0.0178826 0.0402939 0.0428631 0.0291484 4e-005 
0.00401358 0.0140772 0.0320101 0.0110631 0.0263788 0.0276981 0.0185658 -0.0004 
0.00223337 0.00921122 0.0192825 0.00703502 0.0154151 0.0170621 0.0114996 -5e-005 
0.0015868 0.00484547 0.0108603 0.00359866 0.00858104 0.00993844 0.00649612 -1e-005 
0.00126495 0.00294384 0.00602037 0.00257599 0.00489243 0.00543239 0.00396118 0.00036 
0.000696235 0.00125242 0.00264033 0.00245893 0.00169845 0.00199317 0.00202114 -0.00037 
0.000442806 0.00199938 0.00486155 0.00533419 0.004362 0.0041223 0.00353016 0.00024 
0.00101018 0.0040045 0.00910516 0.010355 0.00756948 0.00811648 0.00529828 -0.00028 
0.00203324 0.00826351 0.0152612 0.0173737 0.0140506 0.0143735 0.010187 0.00018 
0.00432983 0.0128953 0.0254947 0.0286877 0.023131 0.0246627 0.015752 -0.00032 
0.00602108 0.019933 0.0397309 0.0445217 0.0358382 0.0382782 0.025649 0.00037 
0.0086874 0.0294477 0.0586166 0.0650674 0.0524754 0.0566911 0.0376004 -0.00045 
0.0126692 0.0418144 0.0817161 0.0910621 0.0731927 0.0780985 0.052079 8e-005 
0.0163285 0.0547942 0.10774 0.12067 0.0965936 0.104142 0.0685283 0.00041 
0.0207317 0.0684398 0.135035 0.149767 0.119621 0.129621 0.0854213 -0.00048 
0.0238872 0.0806811 0.159137 0.177186 0.14187 0.1528 0.100849 -0.00025 
0.027289 0.0904345 0.177632 0.197643 0.158684 0.170578 0.112908 0.00027 
0.0291583 0.0956916 0.188644 0.209843 0.167237 0.18118 0.119927 -0.00036 
0.0285183 0.0952416 0.187804 0.209233 0.167397 0.18115 0.120077 -0.00036 
0.027559 0.0898545 0.177932 0.198313 0.158884 0.171408 0.113378 -0.00026 
0.0237972 0.0807211 0.159407 0.177086 0.14168 0.15345 0.100969 -0.00016 
0.0201517 0.0682698 0.135245 0.150517 0.120321 0.129331 0.0858313 0.00024 
0.0161685 0.0545142 0.10803 0.12016 0.0965136 0.103422 0.0690383 0.00022 
0.0122892 0.0412044 0.0821361 0.0913621 0.0728727 0.0786585 0.052059 9e-005 
0.0091574 0.0295877 0.0585666 0.0647973 0.0522454 0.0561311 0.0369004 -0.00017 
0.00619108 0.020023 0.0393209 0.0439217 0.0357682 0.0379882 0.024849 0.0002 
0.00378983 0.0125953 0.0250647 0.0279477 0.022321 0.0246627 0.016022 0.00037 
0.00196324 0.00815351 0.0155312 0.0168637 0.0141306 0.0148835 0.00977701 0.00047 
0.00138018 0.0042845 0.00857516 0.00949497 0.00794948 0.00822648 0.00526828 -0.00032 
0.000912806 0.00234938 0.00519155 0.00499419 0.003892 0.0050123 0.00312016 0.00027 
23.5
0.0683955 0.509607 
0.0853925 0.433868 
0.0747386 0.498406 
0.0812406 0.502507 
0.0819344 0.463989 
0.0845707 0.474006 
0.082162 0.466688 
0.0845126 0.47168 
0.0837108 0.469665 
0.0837251 0.464944 
0.0833139 0.473095 
0.0837784 0.469975 
0.0833906 0.46694 
0.0835802 0.469531 
0.0834984 0.468177 
0.0840441 0.468998 
0.0840853 0.467519 
0.0833563 0.472174 
0.0824378 0.471102 
0.0837218 0.473599 
0.0852153 0.45942 
0.0826796 0.487772 
0.086067 0.484873 
0.0783907 0.493057 
0.095086 0.440655 
0.192696 0.353769 
0.216376 0.527672 
0.227787 0.430114 
0.213063 0.434995 
0.212575 0.410792 
0.212036 0.436637 
0.210856 0.437754 
0.211462 0.423271 
0.21215 0.429237 
0.211345 0.424782 
0.211842 0.427847 
0.211345 0.425802 
0.211603 0.425417 
0.21147 0.430644 
0.211573 0.428363 
0.211545 0.429149 
0.212095 0.428703 
0.211606 0.431294 
0.212183 0.429545 
0.210801 0.422904 
0.211099 0.424641 
0.21108 0.438718 
0.207419 0.436648 
0.210163 0.418835 
0.196063 0.418036 
0.0831223 0.473354 
0.0836187 0.468808 
0.0836486 0.471512 
0.211927 0.42821 
0.211532 0.427429 
0.211487 0.429279 
