0
003
0
0
0
0
0
0
0
0
1
-42078.6
30.8
-0.940671 0 0 0 0 
-0.933777 0 0 0 0 
-0.892743 0 0 0 0 
-0.872391 0 0 0 0 
-0.838579 0 0 0 0 
-0.820524 0 0 0 0 
-0.809363 0 0 0 0 
-0.797217 0 0 0 0 
0 0 0 0 0 
0 0 0 0 0 
0 0 0 0 0 
0 0 0 0 0 
0 0 0 0 0 
0 0 0 0 0 
0 0 0 0 0 
0 0 0 0 0 
0.000354784 0.00140567 0.00302743 0.000480927 0.00217372 0.00222881 0.00211858 -0.00029 
0.00103632 0.0027363 0.00587775 0.00144208 0.0046924 0.00511604 0.00341001 8e-005 
0.00143618 0.00527212 0.0113645 0.00229071 0.00912209 0.00994099 0.00684979 -4e-005 
0.00228199 0.00904968 0.020079 0.00455937 0.0161704 0.0169928 0.0120448 0.00032 
0.00477673 0.014675 0.0325127 0.00747688 0.026144 0.027714 0.0189161 0.00031 
0.00689357 0.0231802 0.0512251 0.0124182 0.0415446 0.0435265 0.0299419 -6e-005 
0.010834 0.0337959 0.0761395 0.0175555 0.0609972 0.0643954 0.0439407 0.00046 
0.0148092 0.0474528 0.105444 0.0256084 0.0856211 0.0900635 0.0615376 -0.00028 
0.0195654 0.0625557 0.140018 0.0333868 0.113437 0.118676 0.0811646 -0.00021 
0.0244244 0.0786649 0.174934 0.0415952 0.140596 0.147726 0.101095 0.00011 
0.0282386 0.0922608 0.205945 0.0486799 0.16639 0.174909 0.119828 -0.00015 
0.0320101 0.103333 0.230421 0.0549377 0.185815 0.195171 0.134066 0 
0.0342016 0.109795 0.243377 0.057721 0.196814 0.206346 0.141299 0.00023 
0.0336616 0.109315 0.243857 0.057851 0.196464 0.206066 0.141649 0.00016 
0.0321701 0.103863 0.230671 0.0548277 0.186625 0.195561 0.133856 -6e-005 
0.0290986 0.0921608 0.206025 0.0494099 0.16617 0.175199 0.119608 9e-005 
0.0247344 0.0782849 0.174844 0.0419952 0.141516 0.147616 0.101765 0.00042 
0.0193654 0.0626857 0.140018 0.0331768 0.113307 0.118436 0.0817146 -0.00011 
0.0144992 0.0476828 0.106354 0.0247184 0.0859911 0.0894135 0.0619176 3e-005 
0.010414 0.0340459 0.0754895 0.0180555 0.0612372 0.0647654 0.0438907 -0.00026 
0.00756357 0.0230502 0.0517851 0.0126482 0.0412846 0.0436365 0.0298819 4e-005 
0.00412673 0.014355 0.0333727 0.00770688 0.027014 0.028194 0.0190361 -0.0004 
0.00230199 0.00937968 0.020109 0.00499937 0.0158004 0.0173628 0.0117848 -5e-005 
0.00162618 0.00494212 0.0113345 0.00243071 0.00880209 0.010111 0.00665979 -1e-005 
0.00128632 0.0029963 0.00627775 0.00194208 0.0050124 0.00552604 0.00405001 0.00036 
0.000713693 0.00130149 0.00280975 0.00195988 0.00179664 0.00208429 0.00209474 -0.00037 
0.000476809 0.00209495 0.00519153 0.00436216 0.00455325 0.00429979 0.00367352 0.00024 
0.00107283 0.00418059 0.00971315 0.00856403 0.00792186 0.0084435 0.00556242 -0.00028 
0.00214243 0.00857042 0.0163208 0.0142523 0.0146648 0.0149434 0.0106474 0.00018 
0.00450986 0.0134013 0.0272418 0.0235413 0.0241436 0.0256024 0.016511 -0.00032 
0.00630186 0.0207221 0.0424557 0.0364953 0.0374175 0.0397438 0.0268328 0.00037 
0.00910165 0.030612 0.0626366 0.0532256 0.0548053 0.0588534 0.0393469 -0.00045 
0.0132473 0.0434394 0.0873265 0.0745356 0.0764444 0.0811162 0.0545164 8e-005 
0.0170918 0.0569395 0.115147 0.0988518 0.100886 0.108126 0.0717462 0.00041 
0.0216849 0.0711189 0.144285 0.122519 0.124982 0.134596 0.08944 -0.00048 
0.0250132 0.0838461 0.170064 0.144997 0.148204 0.158677 0.105596 -0.00025 
0.0285474 0.0939714 0.189843 0.161671 0.165762 0.177146 0.118213 0.00027 
0.0304886 0.0994306 0.201553 0.171816 0.174719 0.188124 0.125536 -0.00036 
0.0298486 0.0989806 0.200713 0.171206 0.174879 0.188094 0.125686 -0.00036 
0.0288174 0.0933914 0.190143 0.162341 0.165962 0.177976 0.118683 -0.00026 
0.0249232 0.0838861 0.170334 0.144897 0.148014 0.159327 0.105716 -0.00016 
0.0211049 0.0709489 0.144495 0.123269 0.125682 0.134306 0.08985 0.00024 
0.0169318 0.0566595 0.115437 0.0983418 0.100806 0.107406 0.0722562 0.00022 
0.0128673 0.0428294 0.0877465 0.0748356 0.0761243 0.0816761 0.0544964 9e-005 
0.00957165 0.030752 0.0625866 0.0529556 0.0545753 0.0582934 0.0386469 -0.00017 
0.00647186 0.0208121 0.0420457 0.0358953 0.0373475 0.0394538 0.0260328 0.0002 
0.00396986 0.0131013 0.0268118 0.0228013 0.0233336 0.0256024 0.016781 0.00037 
0.00207243 0.00846042 0.0165908 0.0137423 0.0147448 0.0154534 0.0102374 0.00047 
0.00144283 0.00446059 0.00918315 0.00770403 0.00830186 0.0085535 0.00553242 -0.00032 
0.000946809 0.00244495 0.00552153 0.00402216 0.00408325 0.00518979 0.00326352 0.00027 
23.5
0.0407914 0.51603 
0.0593184 0.439935 
0.0495006 0.504279 
0.0561651 0.508342 
0.0565507 0.469895 
0.0594939 0.47984 
0.0570616 0.472528 
0.0594802 0.477504 
0.0586965 0.475485 
0.0586645 0.470775 
0.058212 0.478935 
0.0587095 0.475807 
0.0583303 0.47277 
0.0585025 0.475365 
0.0584782 0.473998 
0.0589848 0.474829 
0.0590853 0.473336 
0.0583376 0.477995 
0.0574077 0.476925 
0.058641 0.479435 
0.0602724 0.465223 
0.0575976 0.493607 
0.0611633 0.490667 
0.0529492 0.498976 
0.0716876 0.446098 
0.153589 0.367984 
0.176949 0.542006 
0.188393 0.444435 
0.174786 0.44891 
0.174443 0.424654 
0.173813 0.450533 
0.172485 0.451703 
0.173087 0.437221 
0.173794 0.44318 
0.172897 0.438759 
0.173359 0.441836 
0.172882 0.439784 
0.173259 0.439356 
0.173039 0.444614 
0.173198 0.442313 
0.173095 0.443127 
0.173702 0.442659 
0.173186 0.44526 
0.173804 0.443496 
0.17228 0.436907 
0.172525 0.438663 
0.172214 0.452847 
0.169029 0.450604 
0.170525 0.433245 
0.157905 0.431907 
0.0580161 0.479195 
0.0585545 0.47464 
0.0586181 0.477336 
0.173615 0.442137 
0.173104 0.441398 
0.172972 0.44328 
