0
003
0
0
0
0
0
0
0
0
1
-42078.6
30.8
-2.1684 0 0 0 0 
-2.16577 0 0 0 0 
-2.086 0 0 0 0 
-2.0535 0 0 0 0 
-2.00952 0 0 0 0 
-1.99474 0 0 0 0 
-1.98293 0 0 0 0 
-1.95962 0 0 0 0 
0 0 0 0 0 
0 0 0 0 0 
0 0 0 0 0 
0 0 0 0 0 
0 0 0 0 0 
0 0 0 0 0 
0 0 0 0 0 
0 0 0 0 0 
-7.3692e-005 4.54428e-005 -0.000100625 0.0122521 -0.000240099 -0.000374877 0.000286375 -0.00029 
0.000201764 8.69425e-005 -0.000214875 0.0243691 -9.07729e-006 4.47513e-005 -0.000158628 8e-005 
-0.000101476 0.000390738 0.000138964 0.0445332 0.000459718 0.00059725 0.000274652 -4e-005 
-0.000397998 0.000541872 0.000513922 0.0781843 0.00107268 0.000707512 0.000584969 0.00032 
0.000358173 0.000647985 0.000255417 0.128864 0.00125207 0.000864054 2.1988e-005 0.00031 
2.28589e-006 0.00130336 0.00091578 0.201736 0.00272256 0.00165072 0.000474199 -6e-005 
0.000666961 0.00152013 0.00191616 0.296864 0.00372146 0.00261438 0.000465838 0.00046 
0.000620048 0.00240832 0.0018574 0.415415 0.00568636 0.00384119 0.000863427 -0.00028 
0.000832967 0.00308827 0.00326301 0.548006 0.00790788 0.00484584 0.00106309 -0.00021 
0.00103039 0.00439904 0.00414777 0.684277 0.0088063 0.00556951 0.00106004 0.00011 
0.000601869 0.00452607 0.00418472 0.807919 0.0106987 0.00697043 0.0016512 -0.00015 
0.00112548 0.00528792 0.00495058 0.903402 0.0118265 0.00749726 0.00200113 0 
0.00155264 0.00614858 0.00502625 0.954656 0.0128861 0.00795013 0.00168973 0.00023 
0.00101264 0.00566858 0.00550625 0.954786 0.0125361 0.00767013 0.00203973 0.00016 
0.00128548 0.00581792 0.00520058 0.903292 0.0126365 0.00788726 0.00179113 -6e-005 
0.00146187 0.00442607 0.00426472 0.808649 0.0104787 0.00726043 0.0014312 9e-005 
0.00134039 0.00401904 0.00405777 0.684677 0.0097263 0.00545951 0.00173004 0.00042 
0.000632967 0.00321827 0.00326301 0.547796 0.00777788 0.00460584 0.00161309 -0.00011 
0.000310048 0.00263832 0.0027674 0.414525 0.00605636 0.00319119 0.00124343 3e-005 
0.000246961 0.00177013 0.00126616 0.297364 0.00396146 0.00298438 0.000415838 -0.00026 
0.000672286 0.00117336 0.00147578 0.201966 0.00246256 0.00176072 0.000414199 4e-005 
-0.000291827 0.000327985 0.00111542 0.129094 0.00212207 0.00134405 0.000141988 -0.0004 
-0.000377998 0.000871872 0.000543922 0.0786243 0.000702682 0.00107751 0.000324969 -5e-005 
8.85239e-005 6.07382e-005 0.000108964 0.0446732 0.000139718 0.00076725 8.46516e-005 -1e-005 
0.000451764 0.000346942 0.000185125 0.0248691 0.000310923 0.000454751 0.000481372 0.00036 
0.000344573 7.05916e-005 0.00050545 0.0119194 -0.000284251 -0.000297919 0.000506587 -0.00037 
-0.000242139 -0.000302506 0.000703368 0.0237608 0.000500221 -0.000340127 0.000580216 0.00024 
-0.000251817 -0.000236671 0.00144382 0.0443055 0.000454248 -0.000105438 -0.00013693 -0.00028 
-0.000166305 0.000871529 0.00190814 0.0765465 0.00164944 4.33947e-005 0.000713932 0.00018 
0.0007034 0.000707959 0.00347925 0.126247 0.00268486 0.00103644 0.000133536 -0.00032 
0.000365208 0.000925342 0.00539513 0.196678 0.00394994 0.00143014 0.0012901 0.00037 
0.000343066 0.00140502 0.00795965 0.289549 0.00542934 0.00232765 0.0016627 -0.00045 
0.00102373 0.00267767 0.0110186 0.404351 0.00753462 0.00222816 0.00192389 8e-005 
0.000954287 0.00312618 0.0144055 0.534272 0.00991228 0.0039785 0.0023139 0.00041 
0.00153162 0.00391417 0.018475 0.666293 0.0113695 0.00453149 0.00272953 -0.00048 
0.00120494 0.00445316 0.0214366 0.787391 0.0139858 0.00502426 0.00315984 -0.00025 
0.0019412 0.00524825 0.0237493 0.879558 0.0157712 0.00543644 0.00373877 0.00027 
0.00236238 0.00563893 0.0259706 0.930714 0.0161596 0.00660443 0.00452178 -0.00036 
0.00172238 0.00518893 0.0251306 0.930104 0.0163196 0.00657443 0.00467178 -0.00036 
0.0022112 0.00466825 0.0240493 0.880228 0.0159712 0.00626644 0.00420877 -0.00026 
0.00111494 0.00449316 0.0217066 0.787291 0.0137958 0.00567426 0.00327984 -0.00016 
0.000951622 0.00374417 0.018685 0.667043 0.0120695 0.00424149 0.00313953 0.00024 
0.000794287 0.00284618 0.0146955 0.533762 0.00983228 0.0032585 0.0028239 0.00022 
0.000643735 0.00206767 0.0114386 0.404651 0.00721462 0.00278816 0.00190389 9e-005 
0.000813066 0.00154502 0.00790965 0.289279 0.00519934 0.00176765 0.000962702 -0.00017 
0.000535208 0.00101534 0.00498513 0.196078 0.00387994 0.00114014 0.000490096 0.0002 
0.0001634 0.000407959 0.00304925 0.125507 0.00187486 0.00103644 0.000403536 0.00037 
-0.000236305 0.000761529 0.00217814 0.0760365 0.00172944 0.000553395 0.000303932 0.00047 
0.000118183 4.3329e-005 0.000913816 0.0434455 0.000834248 4.56199e-006 -0.00016693 -0.00032 
0.000227861 4.74937e-005 0.00103337 0.0234208 3.02214e-005 0.000549873 0.000170216 0.00027 
23.5
1.03879 0.00848591 
1.00202 -0.0394638 
0.961985 0.0402254 
0.962775 0.0472734 
0.974296 0.00317724 
0.966146 0.0187602 
0.964568 0.0110162 
0.96453 0.0172393 
0.963092 0.0155541 
0.964735 0.00999371 
0.965773 0.0173936 
0.965079 0.014872 
0.964387 0.0119953 
0.965191 0.0142681 
0.963089 0.0139582 
0.965007 0.0140705 
0.962964 0.0136685 
0.962892 0.0179825 
0.962374 0.0167038 
0.96544 0.0182802 
0.962087 0.0066082 
0.964441 0.0324253 
0.961562 0.032763 
0.972784 0.031186 
0.91768 0.015876 
0.933798 -0.0815294 
0.963543 0.0887548 
0.974332 -0.00841033 
0.938454 0.0088976 
0.935215 -0.0136823 
0.936411 0.0111366 
0.938034 0.0106061 
0.938697 -0.00390595 
0.939028 0.00226776 
0.939971 -0.00321245 
0.941117 -0.00053052 
0.940258 -0.00236146 
0.938246 -0.00141316 
0.939773 0.00283737 
0.938807 0.00118492 
0.940211 0.00112991 
0.939664 0.00132822 
0.939701 0.00360955 
0.939503 0.00231591 
0.940817 -0.00590659 
0.942122 -0.0047613 
0.947634 0.00606291 
0.934952 0.00929273 
0.961339 -0.0224027 
0.91919 -0.00672394 
0.965734 0.0175735 
0.964752 0.0137931 
0.963601 0.0171056 
0.937973 0.00172962 
0.939769 -0.000337914 
0.941379 0.000539803 
