0
003
0
0
0
0
0
0
0
0
1
-42078.6
30.8
-0.94264 0 0 0 0 
-0.934105 0 0 0 0 
-0.88388 0 0 0 0 
-0.857947 0 0 0 0 
-0.818883 0 0 0 0 
-0.795247 0 0 0 0 
-0.777849 0 0 0 0 
-0.763405 0 0 0 0 
0 0 0 0 0 
0 0 0 0 0 
0 0 0 0 0 
0 0 0 0 0 
0 0 0 0 0 
0 0 0 0 0 
0 0 0 0 0 
0 0 0 0 0 
0.000363739 0.00142597 0.00314633 0.000210221 0.00222395 0.0022641 0.00215552 -0.00029 
0.00105376 0.00277584 0.00610932 0.00091482 0.00479023 0.00518478 0.00348196 8e-005 
0.00146831 0.00534498 0.0117912 0.00131923 0.00930233 0.0100676 0.00698236 -4e-005 
0.002338 0.00917666 0.0208226 0.00286619 0.0164845 0.0172135 0.0122759 0.00032 
0.00486907 0.0148844 0.0337388 0.00468529 0.0266619 0.0280779 0.0192971 0.00031 
0.00703759 0.0235067 0.0531373 0.00806434 0.0423524 0.044094 0.0305361 -6e-005 
0.0110464 0.0342777 0.0789606 0.0111321 0.062189 0.0652328 0.0448173 0.00046 
0.0151058 0.0481251 0.109382 0.0166439 0.0872843 0.0912322 0.0627609 -0.00028 
0.0199569 0.0634433 0.145216 0.0215519 0.115633 0.120219 0.0827797 -0.00021 
0.0249133 0.0797733 0.181425 0.0268152 0.143339 0.149653 0.103112 0.00011 
0.0288162 0.0935703 0.213613 0.0312193 0.16963 0.177185 0.122211 -0.00015 
0.0326555 0.104797 0.238991 0.0354252 0.189435 0.197715 0.136729 0 
0.0348839 0.111342 0.252437 0.0370938 0.200641 0.209035 0.144114 0.00023 
0.0343439 0.110862 0.252917 0.0372238 0.200291 0.208755 0.144464 0.00016 
0.0328155 0.105327 0.239241 0.0353152 0.190245 0.198105 0.136519 -6e-005 
0.0296762 0.0934703 0.213693 0.0319493 0.16941 0.177475 0.121991 9e-005 
0.0252233 0.0793933 0.181335 0.0272152 0.144259 0.149543 0.103782 0.00042 
0.0197569 0.0635733 0.145216 0.0213419 0.115503 0.119979 0.0833297 -0.00011 
0.0147958 0.0483551 0.110292 0.0157539 0.0876543 0.0905822 0.0631409 3e-005 
0.0106264 0.0345277 0.0783106 0.0116321 0.062429 0.0656028 0.0447673 -0.00026 
0.00770759 0.0233767 0.0536973 0.00829434 0.0420924 0.044204 0.0304761 4e-005 
0.00421907 0.0145644 0.0345988 0.00491529 0.0275319 0.0285579 0.0194171 -0.0004 
0.002358 0.00950666 0.0208526 0.00330619 0.0161145 0.0175835 0.0120159 -5e-005 
0.00165831 0.00501498 0.0117612 0.00145923 0.00898233 0.0102376 0.00679236 -1e-005 
0.00130376 0.00303584 0.00650932 0.00141482 0.00511023 0.00559478 0.00412196 0.00036 
0.000729642 0.00134526 0.00297146 0.00150077 0.00188631 0.00216505 0.00216181 -0.00037 
0.000507874 0.0021802 0.0055065 0.00346795 0.0047279 0.00445708 0.00380415 0.00024 
0.00113007 0.00433767 0.0102935 0.00691647 0.00824366 0.00873331 0.00580309 -0.00028 
0.00224219 0.00884418 0.0173323 0.0113808 0.0152257 0.0154485 0.0110669 0.00018 
0.00467434 0.0138526 0.0289094 0.0188069 0.0250683 0.0264352 0.0172026 -0.00032 
0.00655838 0.0214261 0.0450566 0.0291115 0.0388597 0.0410427 0.0279114 0.00037 
0.0094801 0.0316506 0.0664738 0.0423319 0.0569331 0.0607696 0.0409382 -0.00045 
0.0137755 0.0448888 0.0926817 0.0593323 0.0794139 0.0837905 0.0567373 8e-005 
0.0177891 0.058853 0.122216 0.0787805 0.104807 0.111657 0.0746782 0.00041 
0.0225557 0.0735086 0.153115 0.0974529 0.129878 0.139005 0.0931016 -0.00048 
0.026042 0.0866692 0.180495 0.115385 0.153987 0.163886 0.109922 -0.00025 
0.0296971 0.0971262 0.2015 0.128579 0.172226 0.182968 0.123047 0.00027 
0.0317039 0.102766 0.213875 0.136833 0.181552 0.194277 0.130646 -0.00036 
0.0310639 0.102316 0.213035 0.136223 0.181712 0.194247 0.130796 -0.00036 
0.0299671 0.0965462 0.2018 0.129249 0.172426 0.183798 0.123517 -0.00026 
0.025952 0.0867092 0.180765 0.115285 0.153797 0.164536 0.110042 -0.00016 
0.0219757 0.0733386 0.153325 0.098203 0.130578 0.138715 0.0935116 0.00024 
0.0176291 0.058573 0.122506 0.0782705 0.104727 0.110937 0.0751882 0.00022 
0.0133955 0.0442788 0.0931017 0.0596323 0.0790939 0.0843505 0.0567173 9e-005 
0.0099501 0.0317906 0.0664238 0.0420619 0.0567031 0.0602096 0.0402382 -0.00017 
0.00672838 0.0215161 0.0446466 0.0285114 0.0387897 0.0407527 0.0271114 0.0002 
0.00413434 0.0135526 0.0284794 0.0180669 0.0242583 0.0264352 0.0174726 0.00037 
0.00217219 0.00873418 0.0176023 0.0108708 0.0153057 0.0159585 0.0106569 0.00047 
0.00150007 0.00461767 0.00976348 0.00605647 0.00862366 0.00884331 0.00577309 -0.00032 
0.000977874 0.0025302 0.0058365 0.00312795 0.0042579 0.00534708 0.00339415 0.00027 
23.5
0.0178307 0.519874 
0.0376303 0.443565 
0.028508 0.507793 
0.0353077 0.511834 
0.035437 0.473429 
0.0386356 0.483332 
0.0361836 0.476023 
0.0386587 0.480989 
0.0378901 0.478968 
0.0378195 0.474264 
0.0373327 0.482431 
0.0378576 0.479298 
0.0374856 0.47626 
0.0376433 0.478857 
0.0376668 0.477482 
0.0381409 0.478318 
0.0382908 0.476817 
0.0375275 0.481479 
0.0365881 0.480411 
0.0377793 0.482927 
0.0395254 0.468696 
0.0367349 0.4971 
0.0404488 0.494135 
0.0317874 0.502519 
0.0522253 0.449356 
0.117613 0.380158 
0.140678 0.554282 
0.152152 0.4567 
0.139572 0.460827 
0.139363 0.436526 
0.138648 0.462433 
0.137184 0.463649 
0.137783 0.449169 
0.138508 0.455122 
0.137526 0.450729 
0.137957 0.453817 
0.137497 0.451759 
0.137985 0.451294 
0.137683 0.45658 
0.137895 0.45426 
0.137722 0.455098 
0.138383 0.454613 
0.137841 0.457222 
0.138496 0.455445 
0.136841 0.4489 
0.137037 0.450673 
0.136458 0.464948 
0.133711 0.462556 
0.134059 0.445586 
0.122801 0.443787 
0.0371332 0.482692 
0.0377066 0.47813 
0.0377981 0.480821 
0.138369 0.454065 
0.137752 0.453362 
0.13754 0.455271 
