0
003
0
0
0
0
0
0
0
0
-1
-42078.6
30.8
-0.918677 0 0 0 0 
-0.910798 0 0 0 0 
-0.862543 0 0 0 0 
-0.837594 0 0 0 0 
-0.799515 0 0 0 0 
-0.777849 0 0 0 0 
-0.760779 0 0 0 0 
-0.746335 0 0 0 0 
0 0 0 0 0 
0 0 0 0 0 
0 0 0 0 0 
0 0 0 0 0 
0 0 0 0 0 
0 0 0 0 0 
0 0 0 0 0 
0 0 0 0 0 
0.000370586 0.00143944 0.00325079 -3.04219e-006 0.0022623 0.00228625 0.00218343 -0.00029 
0.0010671 0.00280208 0.00631278 0.00049944 0.00486493 0.00522792 0.00353632 8e-005 
0.00149288 0.00539332 0.012166 0.000553906 0.00943996 0.0101471 0.00708252 -4e-005 
0.00238083 0.00926091 0.021476 0.00153229 0.0167244 0.0173521 0.0124505 0.00032 
0.00493968 0.0150233 0.034816 0.00248606 0.0270574 0.0283063 0.0195849 0.00031 
0.00714772 0.0237234 0.0548173 0.00463438 0.0429692 0.0444503 0.0309849 -6e-005 
0.0112089 0.0345973 0.0814393 0.00607173 0.063099 0.0657583 0.0454796 0.00046 
0.0153325 0.0485712 0.112841 0.00958158 0.0885544 0.0919656 0.0636851 -0.00028 
0.0202563 0.0640322 0.149783 0.0122283 0.11731 0.121187 0.0839998 -0.00021 
0.0252871 0.0805087 0.187129 0.0151714 0.145433 0.150862 0.104636 0.00011 
0.0292578 0.0944391 0.220351 0.0174638 0.172103 0.178613 0.124011 -0.00015 
0.0331491 0.105767 0.246521 0.0200531 0.192199 0.199311 0.138741 0 
0.0354057 0.112368 0.260397 0.0208436 0.203563 0.210722 0.146241 0.00023 
0.0348657 0.111888 0.260877 0.0209736 0.203213 0.210442 0.146591 0.00016 
0.0333091 0.106297 0.246771 0.0199431 0.193009 0.199701 0.138531 -6e-005 
0.0301178 0.0943391 0.220431 0.0181938 0.171883 0.178903 0.123791 9e-005 
0.0255971 0.0801287 0.187039 0.0155714 0.146353 0.150752 0.105306 0.00042 
0.0200563 0.0641622 0.149783 0.0120183 0.11718 0.120947 0.0845499 -0.00011 
0.0150225 0.0488012 0.113751 0.00869158 0.0889244 0.0913156 0.0640651 3e-005 
0.0107889 0.0348473 0.0807893 0.00657173 0.063339 0.0661283 0.0454296 -0.00026 
0.00781772 0.0235934 0.0553773 0.00486438 0.0427092 0.0445603 0.0309249 4e-005 
0.00428968 0.0147033 0.035676 0.00271606 0.0279274 0.0287863 0.0197049 -0.0004 
0.00240083 0.00959091 0.021506 0.00197229 0.0163544 0.0177221 0.0121905 -5e-005 
0.00168288 0.00506332 0.012136 0.000693906 0.00911996 0.0103171 0.00689252 -1e-005 
0.0013171 0.00306208 0.00671278 0.00099944 0.00518493 0.00563792 0.00417632 0.00036 
0.000743923 0.00138329 0.00312386 0.00108619 0.00196657 0.00223465 0.00222167 -0.00037 
0.00053569 0.00225429 0.00580334 0.00266045 0.00488423 0.00459263 0.00392073 0.00024 
0.00118131 0.00447416 0.0108404 0.00542867 0.00853168 0.00898306 0.0060179 -0.00028 
0.00233151 0.00908208 0.0182855 0.00878766 0.0157277 0.0158838 0.0114412 0.00018 
0.00482161 0.0142449 0.030481 0.0145316 0.0258959 0.0271529 0.0178199 -0.00032 
0.00678806 0.0220378 0.0475077 0.0224436 0.0401505 0.042162 0.0288741 0.00037 
0.00981896 0.0325531 0.07009 0.0324946 0.0588375 0.062421 0.0423586 -0.00045 
0.0142484 0.0461484 0.0977285 0.0456031 0.0820717 0.0860952 0.0587195 8e-005 
0.0184134 0.0605159 0.128879 0.0606553 0.108316 0.114699 0.0772951 0.00041 
0.0233354 0.0755852 0.161435 0.0748174 0.13426 0.142805 0.0963697 -0.00048 
0.0269631 0.0891225 0.190324 0.0886444 0.159164 0.168375 0.113783 -0.00025 
0.0307264 0.0998679 0.212485 0.0986959 0.178011 0.187984 0.127362 0.00027 
0.032792 0.105664 0.225488 0.105243 0.187668 0.19958 0.135207 -0.00036 
0.032152 0.105214 0.224648 0.104633 0.187828 0.19955 0.135357 -0.00036 
0.0309964 0.0992879 0.212785 0.0993659 0.178211 0.188814 0.127832 -0.00026 
0.0268731 0.0891625 0.190594 0.0885444 0.158974 0.169025 0.113903 -0.00016 
0.0227554 0.0754152 0.161645 0.0755674 0.13496 0.142515 0.0967797 0.00024 
0.0182534 0.0602359 0.129169 0.0601453 0.108236 0.113979 0.0778051 0.00022 
0.0138684 0.0455384 0.0981485 0.0459031 0.0817517 0.0866552 0.0586995 9e-005 
0.010289 0.0326931 0.07004 0.0322246 0.0586075 0.061861 0.0416586 -0.00017 
0.00695806 0.0221278 0.0470977 0.0218436 0.0400805 0.041872 0.0280741 0.0002 
0.00428161 0.0139449 0.030051 0.0137916 0.0250859 0.0271529 0.0180899 0.00037 
0.00226151 0.00897208 0.0185555 0.00827766 0.0158077 0.0163938 0.0110312 0.00047 
0.00155131 0.00475416 0.0103104 0.00456867 0.00891168 0.00909306 0.0059879 -0.00032 
0.00100569 0.00260429 0.00613334 0.00232045 0.00441423 0.00548263 0.00351073 0.00027 
23.5
-0.000258037 0.521101 
0.0205442 0.444724 
0.0119697 0.508915 
0.0188759 0.512949 
0.0188034 0.474558 
0.022203 0.484447 
0.0197356 0.477139 
0.0222553 0.482102 
0.0214985 0.48008 
0.0213975 0.475378 
0.0208837 0.483547 
0.0214302 0.480412 
0.0210639 0.477374 
0.0212101 0.479972 
0.0212713 0.478595 
0.0217198 0.479432 
0.0219085 0.477928 
0.021133 0.482591 
0.0201862 0.481523 
0.0213441 0.484042 
0.0231806 0.469805 
0.0202989 0.498215 
0.0241297 0.495242 
0.0151159 0.50365 
0.0368926 0.450396 
0.0851236 0.390171 
0.107923 0.564379 
0.119424 0.466788 
0.107772 0.470629 
0.107683 0.44629 
0.106893 0.472221 
0.105306 0.473475 
0.105902 0.458995 
0.106642 0.464944 
0.105584 0.460575 
0.105986 0.463671 
0.105542 0.461608 
0.10613 0.461112 
0.105756 0.466421 
0.106014 0.464087 
0.105778 0.464944 
0.106487 0.464444 
0.105923 0.46706 
0.106611 0.465273 
0.104838 0.458764 
0.10499 0.460551 
0.104168 0.474901 
0.101817 0.472387 
0.101128 0.455736 
0.0911004 0.453557 
0.0206813 0.483808 
0.0212824 0.479244 
0.0213959 0.481934 
0.10654 0.463876 
0.105827 0.463202 
0.105542 0.465134 
