0
003
0
0
0
0
0
0
0
0
-1
-42078.6
30.8
-0.923601 0 0 0 0 
-0.916707 0 0 0 0 
-0.875345 0 0 0 0 
-0.855321 0 0 0 0 
-0.821837 0 0 0 0 
-0.803454 0 0 0 0 
-0.791637 0 0 0 0 
-0.780147 0 0 0 0 
0 0 0 0 0 
0 0 0 0 0 
0 0 0 0 0 
0 0 0 0 0 
0 0 0 0 0 
0 0 0 0 0 
0 0 0 0 0 
0 0 0 0 0 
0.000375258 0.00144594 0.00333978 -0.000156743 0.0022884 0.00229503 0.00220202 -0.00029 
0.0010762 0.00281475 0.00648612 0.000200072 0.00491576 0.00524503 0.00357255 8e-005 
0.00150965 0.00541665 0.0124854 2.32689e-006 0.00953361 0.0101786 0.00714926 -4e-005 
0.00241005 0.00930159 0.0220326 0.000570936 0.0168877 0.017407 0.0125668 0.00032 
0.00498786 0.0150903 0.0357337 0.000901058 0.0273265 0.0283969 0.0197767 0.00031 
0.00722286 0.023828 0.0562486 0.00216237 0.0433889 0.0445915 0.031284 -6e-005 
0.0113198 0.0347516 0.0835509 0.00242467 0.0637182 0.0659667 0.0459209 0.00046 
0.0154872 0.0487865 0.115788 0.00449171 0.0894186 0.0922565 0.064301 -0.00028 
0.0204605 0.0643164 0.153673 0.00550864 0.118451 0.121571 0.0848129 -0.00021 
0.0255422 0.0808638 0.191987 0.0067796 0.146857 0.151342 0.105651 0.00011 
0.0295592 0.0948585 0.226091 0.00755009 0.173787 0.17918 0.125211 -0.00015 
0.0334859 0.106236 0.252935 0.00897437 0.194081 0.199945 0.140081 0 
0.0357617 0.112864 0.267178 0.00913192 0.205552 0.211392 0.147658 0.00023 
0.0352217 0.112384 0.267658 0.00926192 0.205202 0.211112 0.148008 0.00016 
0.0336459 0.106766 0.253185 0.00886437 0.194891 0.200335 0.139871 -6e-005 
0.0304192 0.0947585 0.226171 0.00828009 0.173567 0.17947 0.124991 9e-005 
0.0258522 0.0804838 0.191897 0.0071796 0.147777 0.151232 0.106321 0.00042 
0.0202605 0.0644464 0.153673 0.00529864 0.118321 0.121331 0.0853629 -0.00011 
0.0151772 0.0490165 0.116698 0.00360171 0.0897886 0.0916065 0.064681 3e-005 
0.0108998 0.0350016 0.0829009 0.00292467 0.0639582 0.0663367 0.0458709 -0.00026 
0.00789286 0.023698 0.0568086 0.00239237 0.0431289 0.0447015 0.031224 4e-005 
0.00433786 0.0147703 0.0365938 0.00113106 0.0281965 0.0288769 0.0198967 -0.0004 
0.00243005 0.00963158 0.0220626 0.00101094 0.0165177 0.017777 0.0123068 -5e-005 
0.00169965 0.00508665 0.0124554 0.000142327 0.00921361 0.0103486 0.00695926 -1e-005 
0.0013262 0.00307475 0.00688612 0.000700072 0.00523576 0.00565503 0.00421255 0.00036 
0.000756394 0.00141522 0.00326543 0.000720243 0.00203662 0.00229238 0.00227372 -0.00037 
0.00055998 0.00231647 0.00607908 0.00194769 0.00502067 0.00470509 0.00402213 0.00024 
0.00122607 0.00458873 0.0113484 0.00411542 0.00878307 0.00919026 0.00620471 -0.00028 
0.00240951 0.00928176 0.019171 0.00649877 0.0161658 0.016245 0.0117668 0.00018 
0.00495021 0.0145741 0.0319409 0.0107579 0.0266183 0.0277483 0.0183567 -0.00032 
0.00698863 0.0225513 0.0497846 0.016558 0.0412771 0.0430906 0.0297114 0.00037 
0.0101149 0.0333106 0.0734492 0.0238113 0.0604996 0.063791 0.0435938 -0.00045 
0.0146614 0.0472056 0.102417 0.0334847 0.0843914 0.0880071 0.0604434 8e-005 
0.0189586 0.0619116 0.135069 0.0446566 0.111378 0.117223 0.0795709 0.00041 
0.0240163 0.0773282 0.169165 0.0548374 0.138085 0.145957 0.0992119 -0.00048 
0.0277675 0.0911816 0.199456 0.0650408 0.163682 0.172099 0.11714 -0.00025 
0.0316253 0.102169 0.222689 0.0723184 0.18306 0.192146 0.131114 0.00027 
0.0337423 0.108097 0.236275 0.0773584 0.193005 0.20398 0.139174 -0.00036 
0.0331023 0.107647 0.235435 0.0767484 0.193165 0.20395 0.139324 -0.00036 
0.0318953 0.101589 0.222989 0.0729884 0.18326 0.192976 0.131584 -0.00026 
0.0276775 0.0912216 0.199726 0.0649408 0.163492 0.172749 0.11726 -0.00016 
0.0234363 0.0771582 0.169375 0.0555874 0.138785 0.145667 0.0996219 0.00024 
0.0187986 0.0616316 0.135359 0.0441466 0.111298 0.116503 0.0800809 0.00022 
0.0142814 0.0465956 0.102837 0.0337847 0.0840714 0.0885671 0.0604234 9e-005 
0.0105849 0.0334506 0.0733992 0.0235413 0.0602696 0.063231 0.0428938 -0.00017 
0.00715863 0.0226413 0.0493746 0.015958 0.0412071 0.0428006 0.0289114 0.0002 
0.00441021 0.0142741 0.0315109 0.0100179 0.0258083 0.0277483 0.0186267 0.00037 
0.00233951 0.00917176 0.019441 0.00598877 0.0162458 0.016755 0.0113568 0.00047 
0.00159607 0.00486873 0.0108184 0.00325542 0.00916307 0.00930026 0.00617471 -0.00032 
0.00102998 0.00266647 0.00640908 0.00160769 0.00455067 0.00559509 0.00361213 0.00027 
23.5
-0.0132949 0.519699 
0.00822986 0.4434 
5.02835e-005 0.507634 
0.00703325 0.511675 
0.0068152 0.473269 
0.0103598 0.483174 
0.0078812 0.475864 
0.010433 0.480831 
0.00968479 0.47881 
0.00956189 0.474106 
0.00902865 0.482272 
0.00959069 0.479139 
0.00922848 0.476101 
0.00936638 0.478698 
0.00945475 0.477324 
0.00988483 0.478159 
0.0101015 0.476659 
0.00931722 0.481321 
0.00836499 0.480252 
0.009499 0.482768 
0.0114006 0.468538 
0.00845315 0.496942 
0.0123682 0.493978 
0.00310043 0.502358 
0.025842 0.449208 
0.0564453 0.397923 
0.0790101 0.572197 
0.0905349 0.474597 
0.0797017 0.478217 
0.0797197 0.453849 
0.078862 0.479799 
0.0771666 0.481082 
0.077761 0.466603 
0.0785147 0.472548 
0.0773883 0.468197 
0.0777658 0.4713 
0.0773359 0.469234 
0.0780112 0.468713 
0.0775729 0.474039 
0.0778725 0.471694 
0.0775813 0.472566 
0.0783329 0.472055 
0.0777479 0.474677 
0.0784668 0.472882 
0.0765894 0.466401 
0.0767021 0.468198 
0.0756659 0.482606 
0.0736638 0.479998 
0.0720596 0.463594 
0.063118 0.461122 
0.00882417 0.482533 
0.0094451 0.477971 
0.00957448 0.480663 
0.0784449 0.471471 
0.0776469 0.47082 
0.077298 0.472769 
