0
003
0
0
0
0
0
0
0
0
1
-42078.6
30.8
-0.886506 0 0 0 0 
-0.879941 0 0 0 0 
-0.837594 0 0 0 0 
-0.817898 0 0 0 0 
-0.783758 0 0 0 0 
-0.76439 0 0 0 0 
-0.752244 0 0 0 0 
-0.73977 0 0 0 0 
0 0 0 0 0 
0 0 0 0 0 
0 0 0 0 0 
0 0 0 0 0 
0 0 0 0 0 
0 0 0 0 0 
0 0 0 0 0 
0 0 0 0 0 
0.000377709 0.00144542 0.00341242 -0.000249354 0.00230198 0.00229037 0.00221113 -0.00029 
0.00108097 0.00281372 0.00662759 1.96903e-005 0.00494221 0.00523595 0.00359027 8e-005 
0.00151845 0.00541476 0.0127461 -0.000330022 0.00958236 0.0101619 0.00718192 -4e-005 
0.00242538 0.00929828 0.0224869 -8.31822e-006 0.0169726 0.0173778 0.0126237 0.00032 
0.00501314 0.0150849 0.0364828 -5.39702e-005 0.0274666 0.0283488 0.0198705 0.00031 
0.00726228 0.0238195 0.0574169 0.000672888 0.0436074 0.0445165 0.0314304 -6e-005 
0.0113779 0.034739 0.0852745 0.000227177 0.0640405 0.0658561 0.0461368 0.00046 
0.0155684 0.048769 0.118193 0.00142486 0.0898684 0.0921021 0.0646024 -0.00028 
0.0205677 0.0642934 0.156849 0.00145981 0.119044 0.121367 0.0852108 -0.00021 
0.0256761 0.0808349 0.195953 0.00172322 0.147599 0.151087 0.106148 0.00011 
0.0297173 0.0948244 0.230776 0.00157667 0.174663 0.178879 0.125798 -0.00015 
0.0336625 0.106198 0.258171 0.00229897 0.19506 0.199609 0.140737 0 
0.0359485 0.112823 0.272712 0.00207516 0.206587 0.211036 0.148352 0.00023 
0.0354085 0.112343 0.273192 0.00220516 0.206237 0.210756 0.148702 0.00016 
0.0338225 0.106728 0.258421 0.00218897 0.19587 0.199999 0.140527 -6e-005 
0.0305773 0.0947244 0.230856 0.00230667 0.174443 0.179169 0.125578 9e-005 
0.0259861 0.080455 0.195863 0.00212322 0.148519 0.150977 0.106818 0.00042 
0.0203677 0.0644234 0.156849 0.00124981 0.118914 0.121127 0.0857608 -0.00011 
0.0152584 0.048999 0.119103 0.000534857 0.0902384 0.0914521 0.0649824 3e-005 
0.0109579 0.034989 0.0846245 0.000727177 0.0642805 0.0662261 0.0460868 -0.00026 
0.00793228 0.0236895 0.0579769 0.000902888 0.0433474 0.0446265 0.0313704 4e-005 
0.00436314 0.0147649 0.0373428 0.00017603 0.0283366 0.0288288 0.0199905 -0.0004 
0.00244538 0.00962828 0.0225169 0.000431682 0.0166026 0.0177478 0.0123637 -5e-005 
0.00170845 0.00508476 0.0127161 -0.000190022 0.00926236 0.0103319 0.00699192 -1e-005 
0.00133097 0.00307372 0.00702759 0.00051969 0.00526221 0.00564595 0.00423027 0.00036 
0.000766931 0.00144071 0.00339477 0.000406571 0.00209577 0.00233769 0.00231746 -0.00037 
0.000580502 0.00236612 0.00633099 0.00133674 0.00513586 0.00479333 0.00410732 0.00024 
0.00126388 0.00468022 0.0118126 0.00298976 0.00899532 0.00935284 0.00636167 -0.00028 
0.00247542 0.00944122 0.01998 0.00453685 0.0165357 0.0165283 0.0120404 0.00018 
0.00505887 0.014837 0.0332746 0.00752322 0.0272282 0.0282155 0.0188077 -0.00032 
0.0071581 0.0229613 0.0518647 0.0115131 0.0422283 0.0438192 0.0304148 0.00037 
0.0103649 0.0339156 0.0765181 0.0163684 0.061903 0.064866 0.0446316 -0.00045 
0.0150103 0.0480498 0.1067 0.0230973 0.08635 0.0895074 0.0618918 8e-005 
0.0194193 0.0630262 0.140723 0.0309433 0.113964 0.119204 0.0814831 0.00041 
0.0245916 0.0787202 0.176226 0.0377115 0.141314 0.148431 0.1016 -0.00048 
0.0284471 0.0928261 0.207798 0.0448089 0.167497 0.175021 0.119961 -0.00025 
0.0323848 0.104007 0.232012 0.0497089 0.187323 0.195411 0.134267 0.00027 
0.0345452 0.110039 0.24613 0.0534572 0.197512 0.207432 0.142506 -0.00036 
0.0339052 0.109589 0.24529 0.0528473 0.197672 0.207402 0.142656 -0.00036 
0.0326548 0.103427 0.232312 0.0503789 0.187523 0.196241 0.134737 -0.00026 
0.0283571 0.0928661 0.208068 0.0447089 0.167307 0.175671 0.120081 -0.00016 
0.0240116 0.0785502 0.176436 0.0384615 0.142014 0.148141 0.10201 0.00024 
0.0192593 0.0627462 0.141013 0.0304333 0.113884 0.118484 0.0819931 0.00022 
0.0146303 0.0474398 0.10712 0.0233973 0.08603 0.0900674 0.0618718 9e-005 
0.0108349 0.0340556 0.0764681 0.0160984 0.061673 0.064306 0.0439316 -0.00017 
0.0073281 0.0230513 0.0514547 0.0109131 0.0421583 0.0435292 0.0296148 0.0002 
0.00451887 0.014537 0.0328446 0.00678322 0.0264182 0.0282155 0.0190777 0.00037 
0.00240542 0.00933123 0.02025 0.00402685 0.0166157 0.0170383 0.0116304 0.00047 
0.00163388 0.00496022 0.0112826 0.00212976 0.00937532 0.00946284 0.00633167 -0.00032 
0.0010505 0.00271612 0.00666099 0.000996736 0.00466586 0.00568333 0.00369732 0.00027 
23.5
-0.0211502 0.515682 
0.000809955 0.439605 
-0.00713169 0.503961 
-0.000102471 0.508026 
-0.000408207 0.469575 
0.00322379 0.479524 
0.000738422 0.472211 
0.00330955 0.477188 
0.0025665 0.475169 
0.00243042 0.470459 
0.00188544 0.478619 
0.00245686 0.475491 
0.00209711 0.472454 
0.00223004 0.475049 
0.00233476 0.473683 
0.00275373 0.474513 
0.00298733 0.473021 
0.00219769 0.47768 
0.00124221 0.47661 
0.00236179 0.479118 
0.00430262 0.464908 
0.00131559 0.493292 
0.00528139 0.490354 
-0.00413942 0.498656 
0.0191836 0.445803 
0.0318632 0.403337 
0.0542267 0.577656 
0.0657721 0.480051 
0.0556409 0.483516 
0.0557502 0.459128 
0.0548349 0.485091 
0.0530465 0.486395 
0.053639 0.471916 
0.0544045 0.477858 
0.0532202 0.47352 
0.0535761 0.476628 
0.0531582 0.474559 
0.0539089 0.474022 
0.0534155 0.47936 
0.0537505 0.477007 
0.0534119 0.47789 
0.0541998 0.47737 
0.0535974 0.479996 
0.054342 0.478195 
0.0523752 0.471734 
0.0524544 0.473539 
0.0512347 0.487987 
0.049532 0.485313 
0.0471432 0.469081 
0.0391324 0.466405 
0.00167971 0.478879 
0.00231262 0.474324 
0.00245157 0.47702 
0.0543623 0.476775 
0.0534916 0.476141 
0.0530879 0.478101 
