0
003
0
0
0
0
0
0
0
0
1
-42078.6
30.8
-0.875017 0 0 0 0 
-0.868452 0 0 0 0 
-0.824135 0 0 0 0 
-0.802469 0 0 0 0 
-0.766688 0 0 0 0 
-0.746007 0 0 0 0 
-0.731891 0 0 0 0 
-0.719089 0 0 0 0 
0 0 0 0 0 
0 0 0 0 0 
0 0 0 0 0 
0 0 0 0 0 
0 0 0 0 0 
0 0 0 0 0 
0 0 0 0 0 
0 0 0 0 0 
0.000377915 0.00143786 0.00346798 -0.000279955 0.00230291 0.00227231 0.00221064 -0.00029 
0.00108137 0.002799 0.00673581 -3.99114e-005 0.00494403 0.00520076 0.00358933 8e-005 
0.00151918 0.00538765 0.0129455 -0.000439837 0.00958571 0.0100971 0.00718017 -4e-005 
0.00242667 0.00925104 0.0228345 -0.000199716 0.0169785 0.0172649 0.0126207 0.00032 
0.00501526 0.015007 0.0370558 -0.000369531 0.0274763 0.0281625 0.0198655 0.00031 
0.00726558 0.023698 0.0583105 0.000180732 0.0436224 0.044226 0.0314226 -6e-005 
0.0113828 0.0345598 0.0865929 -0.000498921 0.0640627 0.0654274 0.0461253 0.00046 
0.0155752 0.0485189 0.120033 0.000411506 0.0898993 0.0915039 0.0645863 -0.00028 
0.0205767 0.0639631 0.159278 0.000121989 0.119085 0.120577 0.0851896 -0.00021 
0.0256873 0.0804225 0.198987 5.24834e-005 0.14765 0.150101 0.106121 0.00011 
0.0297305 0.0943372 0.23436 -0.000397066 0.174723 0.177714 0.125766 -0.00015 
0.0336773 0.105654 0.262176 9.32786e-005 0.195127 0.198306 0.140702 0 
0.0359641 0.112248 0.276946 -0.000256534 0.206658 0.20966 0.148314 0.00023 
0.0354241 0.111768 0.277426 -0.000126534 0.206308 0.20938 0.148664 0.00016 
0.0338373 0.106184 0.262426 -1.67214e-005 0.195937 0.198696 0.140492 -6e-005 
0.0305905 0.0942372 0.23444 0.000332934 0.174503 0.178004 0.125546 9e-005 
0.0259973 0.0800425 0.198897 0.000452483 0.14857 0.149991 0.106791 0.00042 
0.0203767 0.0640931 0.159278 -8.80115e-005 0.118955 0.120337 0.0857395 -0.00011 
0.0152652 0.0487489 0.120943 -0.000478494 0.0902693 0.0908539 0.0649663 3e-005 
0.0109628 0.0348098 0.0859429 1.07928e-006 0.0643027 0.0657974 0.0460753 -0.00026 
0.00793558 0.023568 0.0588705 0.000410732 0.0433624 0.044336 0.0313626 4e-005 
0.00436526 0.014687 0.0379158 -0.000139531 0.0283463 0.0286425 0.0199855 -0.0004 
0.00244667 0.00958104 0.0228645 0.000240284 0.0166085 0.0176349 0.0123607 -5e-005 
0.00170918 0.00505765 0.0129155 -0.000299837 0.00926571 0.0102671 0.00699017 -1e-005 
0.00133137 0.003059 0.00713581 0.000460089 0.00526403 0.00561076 0.00422933 0.00036 
0.000775429 0.00145953 0.00351058 0.000148292 0.00214342 0.00237011 0.00235244 -0.00037 
0.000597054 0.00240277 0.00655657 0.000833675 0.00522867 0.00485649 0.00417545 0.00024 
0.00129438 0.00474774 0.0122282 0.00206288 0.00916632 0.0094692 0.00648721 -0.00028 
0.00252857 0.0095589 0.0207044 0.00292138 0.0168338 0.0167311 0.0122592 0.00018 
0.0051465 0.015031 0.034469 0.00485978 0.0277196 0.0285499 0.0191685 -0.00032 
0.00729477 0.0232639 0.0537274 0.00735915 0.0429947 0.0443407 0.0309775 0.00037 
0.0105665 0.034362 0.0792662 0.0102399 0.0630337 0.0656354 0.0454617 -0.00045 
0.0152917 0.0486729 0.110535 0.0145442 0.087928 0.0905812 0.0630503 8e-005 
0.0197908 0.0638487 0.145786 0.0196516 0.116047 0.120622 0.0830125 0.00041 
0.0250556 0.0797474 0.18255 0.0236099 0.143916 0.150201 0.10351 -0.00048 
0.0289952 0.0940396 0.215268 0.0281498 0.170571 0.177112 0.122218 -0.00025 
0.0329973 0.105363 0.24036 0.0310921 0.190758 0.197748 0.136788 0.00027 
0.0351927 0.111473 0.254955 0.0337769 0.201143 0.209903 0.145172 -0.00036 
0.0345527 0.111023 0.254115 0.0331669 0.201303 0.209873 0.145322 -0.00036 
0.0332673 0.104783 0.24066 0.0317621 0.190958 0.198578 0.137258 -0.00026 
0.0289052 0.0940796 0.215538 0.0280498 0.170381 0.177762 0.122338 -0.00016 
0.0244756 0.0795774 0.18276 0.0243599 0.144616 0.149911 0.10392 0.00024 
0.0196308 0.0635687 0.146076 0.0191416 0.115967 0.119902 0.0835225 0.00022 
0.0149117 0.0480629 0.110955 0.0148442 0.087608 0.0911412 0.0630303 9e-005 
0.0110365 0.034502 0.0792162 0.00996989 0.0628037 0.0650754 0.0447617 -0.00017 
0.00746477 0.0233539 0.0533174 0.00675915 0.0429247 0.0440507 0.0301775 0.0002 
0.0046065 0.014731 0.034039 0.00411978 0.0269096 0.0285499 0.0194385 0.00037 
0.00245857 0.0094489 0.0209744 0.00241138 0.0169138 0.0172411 0.0118492 0.00047 
0.00166438 0.00502774 0.0116982 0.00120288 0.00954632 0.0095792 0.00645722 -0.00032 
0.00106705 0.00275277 0.00688657 0.000493675 0.00475868 0.00574649 0.00376545 0.00027 
23.5
-0.0237458 0.50909 
-0.00164174 0.433378 
-0.00950476 0.497934 
-0.00246027 0.502038 
-0.00279497 0.463513 
0.00086588 0.473535 
-0.00162171 0.466217 
0.000955817 0.47121 
0.00021447 0.469196 
7.40223e-005 0.464474 
-0.000474827 0.472624 
9.96847e-005 0.469504 
-0.000259247 0.466469 
-0.000127962 0.46906 
-1.78352e-005 0.467707 
0.00039746 0.468528 
0.000636636 0.46705 
-0.000154761 0.471705 
-0.00111131 0.470632 
3.50537e-006 0.473129 
0.0019573 0.458952 
-0.00104281 0.487301 
0.00293975 0.484406 
-0.00653162 0.49258 
0.0169835 0.440215 
0.0116218 0.406358 
0.0338196 0.580704 
0.0453819 0.483096 
0.0358288 0.486474 
0.0360132 0.462075 
0.0350506 0.488045 
0.0331855 0.48936 
0.0337764 0.474881 
0.0345517 0.480822 
0.0333196 0.476491 
0.0336578 0.479601 
0.0332498 0.477531 
0.0340625 0.476985 
0.0335237 0.48233 
0.033888 0.479973 
0.0335102 0.480861 
0.0343281 0.480337 
0.0337113 0.482965 
0.0344771 0.481161 
0.0324366 0.474711 
0.0324884 0.476519 
0.0311175 0.490991 
0.0296613 0.48828 
0.0266265 0.472144 
0.0193821 0.469353 
-0.000680965 0.472883 
-4.41006e-005 0.468338 
9.80033e-005 0.471042 
0.0345322 0.479735 
0.0336017 0.47911 
0.0331528 0.481078 
