0
003
0
0
0
0
0
0
0
0
-1
-42078.6
30.8
-0.924586 0 0 0 0 
-0.915722 0 0 0 0 
-0.86681 0 0 0 0 
-0.841533 0 0 0 0 
-0.803454 0 0 0 0 
-0.780147 0 0 0 0 
-0.763405 0 0 0 0 
-0.749618 0 0 0 0 
0 0 0 0 0 
0 0 0 0 0 
0 0 0 0 0 
0 0 0 0 0 
0 0 0 0 0 
0 0 0 0 0 
0 0 0 0 0 
0 0 0 0 0 
0.000375872 0.00142336 0.00350591 -0.000248241 0.00229119 0.00224102 0.00220057 -0.00029 
0.00107739 0.00277075 0.0068097 2.18589e-005 0.0049212 0.00513982 0.00356972 8e-005 
0.00151185 0.0053356 0.0130816 -0.000326026 0.00954364 0.0099848 0.00714404 -4e-005 
0.00241389 0.00916031 0.0230717 -1.35423e-006 0.0169051 0.0170692 0.0125577 0.00032 
0.00499419 0.0148574 0.0374469 -4.24885e-005 0.0273554 0.0278398 0.0197617 0.00031 
0.00723273 0.0234647 0.0589205 0.000690795 0.0434339 0.0437228 0.0312607 -6e-005 
0.0113343 0.0342156 0.087493 0.000253596 0.0637845 0.064685 0.0458864 0.00046 
0.0155076 0.0480386 0.121289 0.00146173 0.0895111 0.0904677 0.0642529 -0.00028 
0.0204873 0.063329 0.160936 0.00150848 0.118573 0.11921 0.0847494 -0.00021 
0.0255757 0.0796306 0.201058 0.00178401 0.14701 0.148393 0.105572 0.00011 
0.0295988 0.0934017 0.236807 0.00164849 0.173967 0.175696 0.125117 -0.00015 
0.0335301 0.104608 0.26491 0.00237922 0.194282 0.196051 0.139977 0 
0.0358084 0.111143 0.279836 0.00216 0.205765 0.207276 0.147547 0.00023 
0.0352684 0.110663 0.280316 0.00229 0.205415 0.206996 0.147897 0.00016 
0.0336901 0.105138 0.26516 0.00226922 0.195092 0.196441 0.139767 -6e-005 
0.0304588 0.0933017 0.236887 0.00237849 0.173747 0.175986 0.124897 9e-005 
0.0258857 0.0792506 0.200968 0.00218401 0.14793 0.148283 0.106242 0.00042 
0.0202873 0.063459 0.160936 0.00129848 0.118443 0.11897 0.0852994 -0.00011 
0.0151976 0.0482686 0.122199 0.000571728 0.0898811 0.0898177 0.0646329 3e-005 
0.0109143 0.0344656 0.0868429 0.000753596 0.0640245 0.065055 0.0458364 -0.00026 
0.00790273 0.0233347 0.0594805 0.000920795 0.0431739 0.0438328 0.0312007 4e-005 
0.00434419 0.0145374 0.0383069 0.000187512 0.0282254 0.0283198 0.0198817 -0.0004 
0.00243389 0.00949031 0.0231017 0.000438646 0.0165351 0.0174392 0.0122977 -5e-005 
0.00170185 0.0050056 0.0130516 -0.000186026 0.00922364 0.0101548 0.00695404 -1e-005 
0.00132739 0.00303075 0.0072097 0.000521859 0.0052412 0.00554982 0.00420972 0.00036 
0.000781802 0.00147147 0.00361173 -5.20294e-005 0.0021791 0.00238933 0.00237832 -0.00037 
0.000609468 0.00242604 0.00675357 0.000443503 0.00529818 0.00489393 0.00422586 0.00024 
0.00131725 0.00479061 0.0125912 0.00134399 0.00929437 0.00953819 0.00658009 -0.00028 
0.00256844 0.00963362 0.021337 0.00166843 0.017057 0.0168514 0.0124211 0.00018 
0.00521223 0.0151542 0.035512 0.00279401 0.0280876 0.0287481 0.0194354 -0.00032 
0.00739728 0.023456 0.0553541 0.00413734 0.0435686 0.0446499 0.0313937 0.00037 
0.0107178 0.0346455 0.0816662 0.00548663 0.0638804 0.0660915 0.0460758 -0.00045 
0.0155028 0.0490685 0.113884 0.0079105 0.0891097 0.0912177 0.0639073 8e-005 
0.0200694 0.064371 0.150208 0.0108938 0.117607 0.121462 0.084144 0.00041 
0.0254036 0.0803997 0.188072 0.0126728 0.145864 0.15125 0.104923 -0.00048 
0.0294063 0.0948101 0.221792 0.0152291 0.172872 0.178352 0.123887 -0.00025 
0.0334568 0.106224 0.24765 0.0166529 0.19333 0.199134 0.138654 0.00027 
0.0356784 0.112383 0.262662 0.0185128 0.203862 0.211367 0.147144 -0.00036 
0.0350384 0.111933 0.261822 0.0179028 0.204022 0.211337 0.147294 -0.00036 
0.0337268 0.105644 0.24795 0.0173229 0.19353 0.199964 0.139124 -0.00026 
0.0293163 0.0948501 0.222062 0.0151291 0.172682 0.179002 0.124007 -0.00016 
0.0248236 0.0802297 0.188282 0.0134228 0.146564 0.15096 0.105333 0.00024 
0.0199094 0.064091 0.150498 0.0103838 0.117527 0.120742 0.084654 0.00022 
0.0151228 0.0484585 0.114304 0.0082105 0.0887897 0.0917777 0.0638873 9e-005 
0.0111878 0.0347855 0.0816162 0.00521663 0.0636504 0.0655315 0.0453758 -0.00017 
0.00756728 0.023546 0.0549441 0.00353734 0.0434986 0.0443599 0.0305937 0.0002 
0.00467223 0.0148542 0.035082 0.00205401 0.0272776 0.0287481 0.0197054 0.00037 
0.00249844 0.00952362 0.021607 0.00115843 0.017137 0.0173614 0.0120111 0.00047 
0.00168725 0.00507061 0.0120612 0.000483994 0.00967437 0.00964819 0.00655009 -0.00032 
0.00107947 0.00277604 0.00708357 0.000103503 0.00482818 0.00578393 0.00381586 0.00027 
23.5
-0.0210558 0.499988 
0.000899158 0.42478 
-0.00704534 0.489612 
-1.66825e-005 0.493769 
-0.000321364 0.455143 
0.00330958 0.465267 
0.000824294 0.45794 
0.00339519 0.462956 
0.00265208 0.460948 
0.00251615 0.45621 
0.00197132 0.464347 
0.00254262 0.461238 
0.00218284 0.458206 
0.00231583 0.460791 
0.00242036 0.459457 
0.00283946 0.460265 
0.00307285 0.458807 
0.00228328 0.463455 
0.00132784 0.462379 
0.0024476 0.464859 
0.00438795 0.450727 
0.0014014 0.479031 
0.00536658 0.476195 
-0.00405238 0.484191 
0.0192636 0.432499 
-0.00407763 0.406957 
0.0179916 0.581309 
0.0295671 0.4837 
0.0204623 0.487061 
0.0207051 0.462659 
0.0197056 0.488631 
0.0177812 0.489948 
0.0183708 0.475469 
0.0191537 0.48141 
0.0178846 0.47708 
0.0182091 0.480191 
0.0178087 0.478121 
0.0186695 0.477573 
0.0180956 0.482919 
0.0184825 0.480561 
0.0180744 0.48145 
0.0189155 0.480925 
0.0182876 0.483554 
0.0190698 0.481749 
0.0169722 0.475301 
0.0170026 0.477111 
0.0155145 0.491587 
0.0142494 0.488868 
0.0107136 0.472752 
0.00406365 0.469938 
0.00176561 0.464605 
0.00239837 0.460074 
0.0025372 0.462789 
0.0191519 0.480323 
0.0181749 0.479699 
0.0176909 0.481668 
