0
003
0
0
0
0
0
0
0
0
1
-42078.6
30.8
-0.896026 0 0 0 0 
-0.887491 0 0 0 0 
-0.840549 0 0 0 0 
-0.815272 0 0 0 0 
-0.777193 0 0 0 0 
-0.754214 0 0 0 0 
-0.737472 0 0 0 0 
-0.7227 0 0 0 0 
0 0 0 0 0 
0 0 0 0 0 
0 0 0 0 0 
0 0 0 0 0 
0 0 0 0 0 
0 0 0 0 0 
0 0 0 0 0 
0 0 0 0 0 
0.000371602 0.00140205 0.00352584 -0.000154527 0.00226692 0.00219682 0.00218102 -0.00029 
0.00106908 0.00272925 0.00684851 0.000204388 0.00487394 0.00505373 0.00353164 8e-005 
0.00149653 0.00525912 0.0131531 1.02787e-005 0.00945656 0.00982617 0.00707389 -4e-005 
0.00238718 0.00902702 0.0231964 0.000584795 0.0167534 0.0167927 0.0124354 0.00032 
0.00495015 0.0146376 0.0376524 0.000923908 0.0271051 0.027384 0.0195601 0.00031 
0.00716405 0.0231219 0.059241 0.00219801 0.0430436 0.0430119 0.0309463 -6e-005 
0.011233 0.03371 0.0879658 0.00247725 0.0632087 0.0636362 0.0454225 0.00046 
0.0153661 0.0473329 0.121949 0.00456509 0.0887076 0.089004 0.0636055 -0.00028 
0.0203007 0.0623973 0.161808 0.00560552 0.117512 0.117277 0.0838947 -0.00021 
0.0253426 0.0784671 0.202146 0.00690058 0.145685 0.145979 0.104504 0.00011 
0.0293233 0.0920271 0.238092 0.00769301 0.172402 0.172845 0.123856 -0.00015 
0.0332223 0.103072 0.266346 0.00913409 0.192533 0.192865 0.138567 0 
0.0354831 0.109519 0.281355 0.00930076 0.203916 0.203908 0.146058 0.00023 
0.0349431 0.109039 0.281835 0.00943076 0.203566 0.203628 0.146408 0.00016 
0.0333823 0.103602 0.266596 0.00902409 0.193343 0.193255 0.138357 -6e-005 
0.0301833 0.0919271 0.238172 0.00842301 0.172182 0.173135 0.123636 9e-005 
0.0256526 0.0780871 0.202056 0.00730058 0.146605 0.145869 0.105174 0.00042 
0.0201007 0.0625273 0.161808 0.00539552 0.117382 0.117037 0.0844447 -0.00011 
0.0150561 0.0475629 0.122859 0.00367509 0.0890775 0.088354 0.0639855 3e-005 
0.010813 0.03396 0.0873158 0.00297725 0.0634487 0.0640062 0.0453725 -0.00026 
0.00783405 0.0229919 0.059801 0.00242801 0.0427836 0.0431219 0.0308863 4e-005 
0.00430015 0.0143176 0.0385124 0.00115391 0.0279751 0.027864 0.0196801 -0.0004 
0.00240718 0.00935702 0.0232264 0.00102479 0.0163834 0.0171627 0.0121754 -5e-005 
0.00168653 0.00492912 0.0131231 0.000150279 0.00913656 0.00999617 0.00688389 -1e-005 
0.00131908 0.00298925 0.00724851 0.000704388 0.00519394 0.00546373 0.00417164 0.00036 
0.000785989 0.00147643 0.00369719 -0.000192401 0.00220246 0.00239516 0.00239485 -0.00037 
0.000617623 0.0024357 0.00692003 0.000170098 0.00534368 0.00490528 0.00425804 0.00024 
0.00133228 0.0048084 0.0128979 0.000840251 0.00937821 0.0095591 0.00663939 -0.00028 
0.00259462 0.00966464 0.0218715 0.000790455 0.0172031 0.0168878 0.0125244 0.00018 
0.0052554 0.0152053 0.0363933 0.00134647 0.0283285 0.0288082 0.0196058 -0.00032 
0.00746462 0.0235358 0.0567286 0.00187972 0.0439444 0.0447436 0.0316594 0.00037 
0.0108171 0.0347631 0.0836941 0.00215586 0.0644348 0.0662298 0.0464678 -0.00045 
0.0156414 0.0492327 0.116714 0.00326205 0.0898833 0.0914108 0.0644545 8e-005 
0.0202525 0.0645878 0.153944 0.00475693 0.118628 0.121717 0.0848663 0.00041 
0.0256322 0.0806704 0.192738 0.00500875 0.14714 0.151569 0.105825 -0.00048 
0.0296764 0.09513 0.227304 0.00617517 0.174379 0.178728 0.124953 -0.00025 
0.0337586 0.106581 0.25381 0.00653498 0.195014 0.199554 0.139845 0.00027 
0.0359974 0.112761 0.269174 0.00781687 0.205642 0.211811 0.148403 -0.00036 
0.0353574 0.112311 0.268334 0.00720687 0.205802 0.211781 0.148553 -0.00036 
0.0340286 0.106001 0.25411 0.00720498 0.195214 0.200384 0.140315 -0.00026 
0.0295864 0.09517 0.227574 0.00607517 0.174189 0.179378 0.125073 -0.00016 
0.0250522 0.0805004 0.192948 0.00575875 0.14784 0.151279 0.106235 0.00024 
0.0200925 0.0643078 0.154234 0.00424693 0.118548 0.120997 0.0853763 0.00022 
0.0152614 0.0486227 0.117135 0.00356205 0.0895633 0.0919708 0.0644345 9e-005 
0.0112871 0.0349031 0.0836441 0.00188586 0.0642048 0.0656698 0.0457678 -0.00017 
0.00763462 0.0236258 0.0563187 0.00127972 0.0438744 0.0444536 0.0308594 0.0002 
0.0047154 0.0149053 0.0359633 0.000606471 0.0275185 0.0288082 0.0198758 0.00037 
0.00252462 0.00955464 0.0221415 0.000280455 0.0172831 0.0173978 0.0121144 0.00047 
0.00170228 0.0050884 0.0123679 -1.97492e-005 0.00975821 0.0096691 0.00660938 -0.00032 
0.00108762 0.0027857 0.00725003 -0.000169902 0.00487368 0.00579528 0.00384804 0.00027 
23.5
-0.0131069 0.488467 
0.00840737 0.413898 
0.000222119 0.479078 
0.00720396 0.483304 
0.00698801 0.444548 
0.0105306 0.454801 
0.00805208 0.447464 
0.0106034 0.452508 
0.00985508 0.450507 
0.0097325 0.445751 
0.00919954 0.45387 
0.00976135 0.450775 
0.00939908 0.447747 
0.00953711 0.450324 
0.00962508 0.449015 
0.0100554 0.449806 
0.0102717 0.448373 
0.00948755 0.453013 
0.00853539 0.451932 
0.00966974 0.454391 
0.0115704 0.440317 
0.00862391 0.468563 
0.0125377 0.4658 
0.00327364 0.473572 
0.0260013 0.422734 
-0.0150788 0.405128 
0.00690039 0.579465 
0.0184851 0.481857 
0.00969449 0.485271 
0.00997807 0.460876 
0.00895289 0.486843 
0.0069868 0.488154 
0.00757561 0.473675 
0.00836378 0.479616 
0.00706869 0.475282 
0.00738352 0.478392 
0.00698855 0.476322 
0.00788304 0.47578 
0.00728448 0.481122 
0.0076873 0.478766 
0.00725787 0.479652 
0.00811534 0.47913 
0.00747958 0.481757 
0.00827327 0.479954 
0.00613564 0.4735 
0.00615111 0.475307 
0.00458084 0.489769 
0.00344978 0.487073 
-0.000437165 0.470898 
-0.00667056 0.468153 
0.00899508 0.454126 
0.00961573 0.449613 
0.00974488 0.452342 
0.00837433 0.478531 
0.00736478 0.477902 
0.00685624 0.479867 
