0
003
0
0
0
0
0
0
0
0
-1
-42078.6
30.8
-0.87436 0 0 0 0 
-0.867138 0 0 0 0 
-0.825777 0 0 0 0 
-0.805424 0 0 0 0 
-0.770627 0 0 0 0 
-0.750275 0 0 0 0 
-0.7378 0 0 0 0 
-0.724998 0 0 0 0 
0 0 0 0 0 
0 0 0 0 0 
0 0 0 0 0 
0 0 0 0 0 
0 0 0 0 0 
0 0 0 0 0 
0 0 0 0 0 
0 0 0 0 0 
0.000365146 0.00137414 0.00352756 2.54207e-007 0.00223036 0.00214014 0.00215218 -0.00029 
0.0010565 0.00267489 0.00685186 0.000505861 0.00480272 0.00494334 0.00347547 8e-005 
0.00147336 0.00515898 0.0131593 0.000565736 0.00932534 0.00962279 0.0069704 -4e-005 
0.0023468 0.00885248 0.0232071 0.00155291 0.0165247 0.0164382 0.012255 0.00032 
0.00488358 0.0143499 0.0376702 0.00252005 0.0267281 0.0267996 0.0192627 0.00031 
0.00706022 0.0226731 0.0592688 0.0046874 0.0424555 0.0421004 0.0304825 -6e-005 
0.0110798 0.0330478 0.0880067 0.00614994 0.0623411 0.0622914 0.0447382 0.00046 
0.0151524 0.0464088 0.122006 0.00969074 0.0874967 0.0871272 0.0626505 -0.00028 
0.0200184 0.0611773 0.161883 0.0123724 0.115913 0.114799 0.082634 -0.00021 
0.0249901 0.0769435 0.20224 0.0153514 0.143689 0.142885 0.10293 0.00011 
0.0289069 0.0902272 0.238203 0.0176764 0.170043 0.169189 0.121996 -0.00015 
0.0327569 0.101061 0.26647 0.0202907 0.189897 0.18878 0.136489 0 
0.0349911 0.107393 0.281486 0.0210948 0.20113 0.199589 0.14386 0.00023 
0.0344511 0.106913 0.281966 0.0212248 0.20078 0.199309 0.14421 0.00016 
0.0329169 0.101591 0.26672 0.0201807 0.190707 0.18917 0.136279 -6e-005 
0.0297669 0.0901272 0.238283 0.0184064 0.169823 0.169479 0.121776 9e-005 
0.0253001 0.0765635 0.20215 0.0157514 0.144609 0.142775 0.1036 0.00042 
0.0198184 0.0613073 0.161883 0.0121624 0.115783 0.114559 0.083184 -0.00011 
0.0148424 0.0466388 0.122916 0.00880075 0.0878667 0.0864772 0.0630305 3e-005 
0.0106598 0.0332978 0.0873567 0.00664994 0.0625811 0.0626614 0.0446882 -0.00026 
0.00773022 0.0225431 0.0598288 0.0049174 0.0421955 0.0422104 0.0304225 4e-005 
0.00423358 0.0140299 0.0385302 0.00275005 0.0275981 0.0272796 0.0193827 -0.0004 
0.0023668 0.00918248 0.0232371 0.00199291 0.0161547 0.0168082 0.011995 -5e-005 
0.00166336 0.00482898 0.0131293 0.000705736 0.00900534 0.00979279 0.0067804 -1e-005 
0.0013065 0.00293489 0.00725186 0.00100586 0.00512272 0.00535334 0.00411547 0.00036 
0.000787948 0.00147435 0.00376613 -0.000271427 0.00221327 0.00238754 0.00240184 -0.00037 
0.000621437 0.00243165 0.0070543 1.61756e-005 0.00536473 0.00489044 0.00427167 0.00024 
0.0013393 0.00480095 0.0131453 0.000556653 0.009417 0.00953176 0.00666449 -0.00028 
0.00260687 0.00965165 0.0223027 0.00029617 0.0172707 0.0168402 0.0125682 0.00018 
0.0052756 0.0151839 0.0371042 0.000531531 0.02844 0.0287296 0.0196779 -0.00032 
0.00749611 0.0235024 0.0578374 0.000608717 0.0441182 0.0446211 0.0317719 0.00037 
0.0108636 0.0347139 0.0853298 0.000280709 0.0646912 0.066049 0.0466338 -0.00045 
0.0157063 0.0491639 0.118997 0.000645059 0.0902412 0.0911584 0.0646861 8e-005 
0.0203381 0.064497 0.156958 0.001302 0.119101 0.121384 0.0851722 0.00041 
0.0257391 0.080557 0.196502 0.000694061 0.14773 0.151153 0.106207 -0.00048 
0.0298027 0.094996 0.231751 0.00107797 0.175076 0.178237 0.125404 -0.00025 
0.0338997 0.106432 0.258779 0.000838757 0.195793 0.199005 0.140349 0.00027 
0.0361466 0.112603 0.274427 0.00179524 0.206465 0.211231 0.148936 -0.00036 
0.0355066 0.112153 0.273587 0.00118524 0.206625 0.211201 0.149086 -0.00036 
0.0341697 0.105852 0.259079 0.00150876 0.195993 0.199835 0.140819 -0.00026 
0.0297127 0.095036 0.232021 0.000977972 0.174886 0.178887 0.125524 -0.00016 
0.0251591 0.080387 0.196712 0.00144406 0.14843 0.150863 0.106617 0.00024 
0.0201781 0.064217 0.157248 0.000791997 0.119021 0.120664 0.0856822 0.00022 
0.0153263 0.0485539 0.119417 0.000945059 0.0899212 0.0917184 0.0646661 9e-005 
0.0113336 0.0348539 0.0852798 1.07093e-005 0.0644612 0.065489 0.0459338 -0.00017 
0.00766611 0.0235924 0.0574274 8.71698e-006 0.0440482 0.0443311 0.0309719 0.0002 
0.0047356 0.0148839 0.0366742 -0.000208469 0.02763 0.0287296 0.0199479 0.00037 
0.00253687 0.00954165 0.0225727 -0.00021383 0.0173507 0.0173502 0.0121582 0.00047 
0.0017093 0.00508095 0.0126153 -0.000303347 0.009797 0.00964176 0.00663449 -0.00032 
0.00109144 0.00278165 0.0073843 -0.000323824 0.00489473 0.00578044 0.00386167 0.00027 
23.5
2.15616e-005 0.474641 
0.0208082 0.400839 
0.0122253 0.466437 
0.0191298 0.470744 
0.0190604 0.431835 
0.022457 0.442241 
0.0199897 0.434893 
0.0225087 0.439971 
0.0217518 0.437979 
0.0216513 0.433199 
0.0211379 0.441298 
0.0216841 0.438219 
0.0213177 0.435195 
0.021464 0.437764 
0.0215246 0.436483 
0.0219736 0.437255 
0.0221617 0.435851 
0.0213864 0.440482 
0.0204396 0.439395 
0.0215981 0.441829 
0.0234331 0.427824 
0.0205528 0.456 
0.0243819 0.453327 
0.0153735 0.46083 
0.0371294 0.411015 
-0.0212723 0.400889 
0.000656201 0.575191 
0.0122461 0.477587 
0.00363236 0.481122 
0.00393894 0.456742 
0.00289926 0.4827 
0.000909734 0.483994 
0.00149805 0.469515 
0.00228922 0.475458 
0.000979509 0.471114 
0.00128891 0.47422 
0.000896974 0.472152 
0.00181044 0.471623 
0.001198 0.476956 
0.00160976 0.474606 
0.00116836 0.475484 
0.002035 0.474968 
0.00139485 0.477593 
0.00219501 0.475794 
3.48426e-005 0.469324 
4.18993e-005 0.471125 
-0.00157462 0.485556 
-0.00263025 0.482911 
-0.00671487 0.466601 
-0.0127138 0.464017 
0.0209355 0.441552 
0.0215362 0.437059 
0.0216493 0.439805 
0.00230673 0.474378 
0.00127885 0.473737 
0.000756478 0.475692 
