0
003
0
0
0
0
0
0
0
0
-1
-42078.6
30.8
-0.931151 0 0 0 0 
-0.922288 0 0 0 0 
-0.874032 0 0 0 0 
-0.848755 0 0 0 0 
-0.810348 0 0 0 0 
-0.787697 0 0 0 0 
-0.770956 0 0 0 0 
-0.757496 0 0 0 0 
0 0 0 0 0 
0 0 0 0 0 
0 0 0 0 0 
0 0 0 0 0 
0 0 0 0 0 
0 0 0 0 0 
0 0 0 0 0 
0 0 0 0 0 
0.000356569 0.00133992 0.00351106 0.000214565 0.00218186 0.00207156 0.00211434 -0.00029 
0.0010398 0.00260824 0.00681973 0.000923282 0.00470825 0.00480976 0.00340177 8e-005 
0.00144258 0.00503617 0.0131001 0.00133483 0.00915128 0.00937668 0.0068346 -4e-005 
0.00229315 0.00863844 0.0231039 0.00289336 0.0162213 0.0160093 0.0120184 0.00032 
0.00479513 0.013997 0.0375001 0.00473009 0.0262279 0.0260924 0.0188725 0.00031 
0.00692227 0.0221227 0.0590034 0.00813422 0.0416754 0.0409974 0.0298739 -6e-005 
0.0108763 0.0322358 0.0876152 0.0112352 0.0611902 0.0606641 0.0438403 0.00046 
0.0148683 0.0452755 0.12146 0.0167878 0.0858905 0.0848561 0.0613974 -0.00028 
0.0196434 0.0596812 0.161162 0.0217418 0.113793 0.111801 0.0809797 -0.00021 
0.0245218 0.0750751 0.201339 0.0270524 0.141041 0.139141 0.100864 0.00011 
0.0283537 0.0880199 0.237139 0.0314995 0.166915 0.164766 0.119555 -0.00015 
0.0321387 0.0985939 0.265281 0.0357383 0.186401 0.183837 0.133761 0 
0.0343376 0.104785 0.280229 0.0374248 0.197434 0.194364 0.140977 0.00023 
0.0337976 0.104305 0.280709 0.0375548 0.197084 0.194084 0.141327 0.00016 
0.0322987 0.0991239 0.265531 0.0356283 0.187211 0.184227 0.133551 -6e-005 
0.0292137 0.0879199 0.237219 0.0322295 0.166695 0.165056 0.119335 9e-005 
0.0248318 0.0746951 0.201249 0.0274524 0.141961 0.139031 0.101534 0.00042 
0.0194434 0.0598112 0.161162 0.0215318 0.113663 0.111561 0.0815297 -0.00011 
0.0145583 0.0455055 0.12237 0.0158978 0.0862605 0.0842061 0.0617774 3e-005 
0.0104563 0.0324858 0.0869652 0.0117352 0.0614302 0.0610341 0.0437903 -0.00026 
0.00759227 0.0219927 0.0595634 0.00836422 0.0414154 0.0411074 0.0298139 4e-005 
0.00414513 0.013677 0.0383601 0.00496009 0.0270979 0.0265724 0.0189925 -0.0004 
0.00231315 0.00896844 0.0231339 0.00333336 0.0158513 0.0163793 0.0117584 -5e-005 
0.00163258 0.00470617 0.0130701 0.00147483 0.00883128 0.00954668 0.0066446 -1e-005 
0.0012898 0.00286824 0.00721973 0.00142328 0.00502825 0.00521976 0.00404177 0.00036 
0.000787658 0.00146526 0.00381785 -0.000288323 0.00221142 0.00236655 0.00239924 -0.00037 
0.000620873 0.00241394 0.00715504 -1.6733e-005 0.00536112 0.00484955 0.00426661 0.00024 
0.00133826 0.00476833 0.0133309 0.000496019 0.00941034 0.00945642 0.00665517 -0.00028 
0.00260506 0.00959478 0.0226262 0.000190491 0.0172591 0.0167088 0.0125519 0.00018 
0.00527261 0.0150902 0.0376376 0.000357297 0.0284208 0.0285131 0.0196511 -0.00032 
0.00749145 0.0233562 0.0586693 0.000336977 0.0440884 0.0442834 0.0317302 0.00037 
0.0108567 0.0344981 0.0865572 -0.0001202 0.0646472 0.0655508 0.0465722 -0.00045 
0.0156967 0.0488629 0.12071 8.55453e-005 0.0901798 0.0904632 0.0646001 8e-005 
0.0203254 0.0640995 0.15922 0.00056333 0.11902 0.120466 0.0850586 0.00041 
0.0257232 0.0800607 0.199326 -0.000228421 0.147628 0.150006 0.106065 -0.00048 
0.029784 0.0944096 0.235087 -1.18126e-005 0.174957 0.176883 0.125236 -0.00025 
0.0338788 0.105776 0.262507 -0.000379098 0.195659 0.197491 0.140162 0.00027 
0.0361245 0.11191 0.278368 0.000507808 0.206324 0.209631 0.148738 -0.00036 
0.0354845 0.11146 0.277528 -0.000102192 0.206484 0.209601 0.148888 -0.00036 
0.0341488 0.105196 0.262807 0.000290902 0.195859 0.198321 0.140632 -0.00026 
0.029694 0.0944496 0.235357 -0.000111813 0.174767 0.177533 0.125356 -0.00016 
0.0251432 0.0798907 0.199536 0.000521579 0.148328 0.149716 0.106475 0.00024 
0.0201654 0.0638195 0.15951 5.33305e-005 0.11894 0.119746 0.0855686 0.00022 
0.0153167 0.0482529 0.12113 0.000385545 0.0898598 0.0910232 0.0645801 9e-005 
0.0113267 0.0346381 0.0865072 -0.0003902 0.0644172 0.0649908 0.0458722 -0.00017 
0.00766145 0.0234462 0.0582593 -0.000263023 0.0440184 0.0439934 0.0309302 0.0002 
0.00473261 0.0147902 0.0372076 -0.000382703 0.0276108 0.0285131 0.0199211 0.00037 
0.00253506 0.00948478 0.0228962 -0.000319509 0.0173391 0.0172188 0.0121419 0.00047 
0.00170826 0.00504833 0.0128009 -0.000363981 0.00979034 0.00956642 0.00662517 -0.00032 
0.00109087 0.00276394 0.00748504 -0.000356733 0.00489112 0.00573955 0.00385661 0.00027 
23.5
0.0181991 0.458648 
0.0379782 0.385733 
0.0288447 0.451815 
0.0356422 0.456216 
0.0357757 0.417129 
0.0389702 0.427712 
0.0365185 0.42035 
0.0389927 0.425468 
0.0382239 0.423487 
0.0381539 0.41868 
0.0376677 0.426755 
0.0381921 0.423695 
0.03782 0.420676 
0.0379779 0.423235 
0.0380006 0.421987 
0.0384753 0.422737 
0.0386243 0.421367 
0.0378613 0.425988 
0.0369221 0.424894 
0.038114 0.427298 
0.0398582 0.413373 
0.0370695 0.441468 
0.0407811 0.438899 
0.0321269 0.44609 
0.0525374 0.397459 
-0.0225964 0.394281 
-0.000678813 0.56853 
0.0109122 0.470931 
0.00233627 0.474655 
0.00264777 0.4503 
0.00160499 0.476242 
-0.000389549 0.477511 
0.000198666 0.463031 
0.000990468 0.468978 
-0.000322364 0.464618 
-1.4124e-005 0.467718 
-0.000405411 0.465654 
0.000512108 0.465145 
-0.000103292 0.470462 
0.000310376 0.468123 
-0.00013358 0.468988 
0.00073502 0.468481 
9.39244e-005 0.471101 
0.000895475 0.46931 
-0.00126951 0.462815 
-0.00126426 0.464608 
-0.00289067 0.478989 
-0.00393017 0.476425 
-0.00805705 0.459904 
-0.0140058 0.45757 
0.0374682 0.427006 
0.0380411 0.422538 
0.0381321 0.425304 
0.00100946 0.467905 
-2.23269e-005 0.467244 
-0.000547656 0.469184 
