0
003
0
0
0
0
0
0
0
0
1
-42078.6
30.8
-0.940343 0 0 0 0 
-0.929838 0 0 0 0 
-0.875673 0 0 0 0 
-0.845144 0 0 0 0 
-0.802798 0 0 0 0 
-0.77588 0 0 0 0 
-0.755199 0 0 0 0 
-0.7378 0 0 0 0 
0 0 0 0 0 
0 0 0 0 0 
0 0 0 0 0 
0 0 0 0 0 
0 0 0 0 0 
0 0 0 0 0 
0 0 0 0 0 
0 0 0 0 0 
0.000345956 0.00129972 0.00347651 0.000486277 0.0021219 0.00199175 0.00206788 -0.00029 
0.00101913 0.00252994 0.00675243 0.0014525 0.00459146 0.00465432 0.00331127 8e-005 
0.00140449 0.00489191 0.0129761 0.0023099 0.00893611 0.00909027 0.00666785 -4e-005 
0.00222677 0.008387 0.0228878 0.00459283 0.0158463 0.0155101 0.0117277 0.00032 
0.00468569 0.0135824 0.0371437 0.00753204 0.0256096 0.0252694 0.0183933 0.00031 
0.00675158 0.0214762 0.0584477 0.0125042 0.0407111 0.0397138 0.0291265 -6e-005 
0.0106245 0.031282 0.0867953 0.0176824 0.0597675 0.0587704 0.0427378 0.00046 
0.0145169 0.0439443 0.120316 0.0257856 0.083905 0.0822132 0.0598587 -0.00028 
0.0191794 0.0579238 0.159651 0.0336207 0.111172 0.108312 0.0789482 -0.00021 
0.0239424 0.0728803 0.199453 0.0418873 0.137767 0.134783 0.0983268 0.00011 
0.0276692 0.0854271 0.23491 0.0490249 0.163048 0.159618 0.116558 -0.00015 
0.0313737 0.0956964 0.262791 0.0553233 0.182079 0.178084 0.130412 0 
0.0335289 0.101722 0.277596 0.0581286 0.192865 0.188282 0.137436 0.00023 
0.0329889 0.101242 0.278076 0.0582586 0.192515 0.188002 0.137786 0.00016 
0.0315337 0.0962264 0.263041 0.0552133 0.182889 0.178474 0.130202 -6e-005 
0.0285292 0.0853271 0.23499 0.0497549 0.162828 0.159908 0.116338 9e-005 
0.0242524 0.0725003 0.199363 0.0422873 0.138687 0.134673 0.0989968 0.00042 
0.0189794 0.0580538 0.159651 0.0334107 0.111042 0.108072 0.0794982 -0.00011 
0.0142069 0.0441743 0.121226 0.0248956 0.084275 0.0815632 0.0602387 3e-005 
0.0102045 0.031532 0.0861453 0.0181824 0.0600075 0.0591404 0.0426878 -0.00026 
0.00742158 0.0213462 0.0590077 0.0127342 0.0404511 0.0398238 0.0290665 4e-005 
0.00403569 0.0132624 0.0380037 0.00776204 0.0264796 0.0257494 0.0185133 -0.0004 
0.00224677 0.008717 0.0229178 0.00503283 0.0154763 0.0158801 0.0114677 -5e-005 
0.00159449 0.00456191 0.0129461 0.0024499 0.00861611 0.00926027 0.00647785 -1e-005 
0.00126913 0.00278994 0.00715243 0.0019525 0.00491146 0.00506432 0.00395127 0.00036 
0.000785122 0.00144925 0.00385185 -0.00024292 0.00219692 0.00233239 0.00238708 -0.00037 
0.000615935 0.00238275 0.00722126 7.16989e-005 0.00533288 0.00478301 0.00424291 0.00024 
0.00132916 0.00471085 0.0134529 0.000658953 0.00935832 0.00933383 0.00661151 -0.00028 
0.0025892 0.0094946 0.0228389 0.00047447 0.0171684 0.0164952 0.0124758 0.00018 
0.00524646 0.014925 0.0379882 0.000825499 0.0282713 0.0281608 0.0195257 -0.00032 
0.00745068 0.0230986 0.0592161 0.0010672 0.0438552 0.043734 0.0315345 0.00037 
0.0107965 0.0341181 0.0873639 0.000957122 0.0643032 0.0647402 0.0462835 -0.00045 
0.0156127 0.0483324 0.121836 0.00158907 0.0896997 0.0893319 0.0641972 8e-005 
0.0202146 0.0633993 0.160706 0.00254827 0.118386 0.118972 0.0845267 0.00041 
0.0255848 0.0791862 0.201182 0.00225047 0.146837 0.148141 0.105401 -0.00048 
0.0296204 0.0933765 0.23728 0.00291665 0.174022 0.174679 0.124452 -0.00025 
0.0336961 0.104622 0.264958 0.00289352 0.194614 0.195029 0.139285 0.00027 
0.0359313 0.110689 0.280959 0.00396738 0.20522 0.207028 0.147811 -0.00036 
0.0352913 0.110239 0.280119 0.00335738 0.20538 0.206998 0.147961 -0.00036 
0.0339661 0.104042 0.265258 0.00356352 0.194814 0.195859 0.139755 -0.00026 
0.0295304 0.0934165 0.23755 0.00281665 0.173832 0.175329 0.124572 -0.00016 
0.0250048 0.0790162 0.201392 0.00300047 0.147537 0.147851 0.105811 0.00024 
0.0200546 0.0631193 0.160996 0.00203827 0.118306 0.118252 0.0850367 0.00022 
0.0152327 0.0477224 0.122256 0.00188907 0.0893797 0.0898919 0.0641772 9e-005 
0.0112665 0.0342581 0.0873139 0.000687122 0.0640732 0.0641802 0.0455835 -0.00017 
0.00762068 0.0231886 0.0588061 0.000467196 0.0437852 0.043444 0.0307345 0.0002 
0.00470646 0.014625 0.0375582 8.54991e-005 0.0274613 0.0281608 0.0197957 0.00037 
0.0025192 0.0093846 0.0231089 -3.55299e-005 0.0172484 0.0170052 0.0120658 0.00047 
0.00169916 0.00499085 0.0129229 -0.000201047 0.00973832 0.00944383 0.00658151 -0.00032 
0.00108593 0.00273275 0.00755126 -0.000268301 0.00486288 0.00567301 0.00383291 0.00027 
23.5
0.0412449 0.440647 
0.0597466 0.36873 
0.0499151 0.435357 
0.0565769 0.439864 
0.0569677 0.400576 
0.0599058 0.411359 
0.0574739 0.403982 
0.0598914 0.409144 
0.0591074 0.407175 
0.0590761 0.402338 
0.0586243 0.410386 
0.0591213 0.407348 
0.0587419 0.404334 
0.0589144 0.406882 
0.0588892 0.405672 
0.0593964 0.406395 
0.0594959 0.405065 
0.0587485 0.409673 
0.0578188 0.408572 
0.059053 0.410943 
0.0606821 0.397108 
0.0580096 0.425112 
0.0615723 0.422659 
0.0533671 0.429499 
0.0720719 0.3822 
-0.0190381 0.385372 
0.00290863 0.559547 
0.0144967 0.461956 
0.00581911 0.465934 
0.00611739 0.441612 
0.00508294 0.467533 
0.00310187 0.468769 
0.00369037 0.454288 
0.00448045 0.460239 
0.00317602 0.455858 
0.00348738 0.458951 
0.00309435 0.45689 
0.00400096 0.456409 
0.00339353 0.461707 
0.00380207 0.45938 
0.00336499 0.460227 
0.00422832 0.459734 
0.00358975 0.462348 
0.00438758 0.460565 
0.00223554 0.454039 
0.00224563 0.455819 
0.000645798 0.470134 
-0.000437041 0.467678 
-0.00445035 0.450873 
-0.0105338 0.448876 
0.0584285 0.410634 
0.0589662 0.406193 
0.0590292 0.408981 
0.00449545 0.459176 
0.00347418 0.458489 
0.0029568 0.46041 
