0
003
0
0
0
0
0
0
0
0
-1
-42078.6
30.8
-1.88609 0 0 0 0 
-1.8828 0 0 0 0 
-1.81255 0 0 0 0 
-1.784 0 0 0 0 
-1.74329 0 0 0 0 
-1.72786 0 0 0 0 
-1.719 0 0 0 0 
-1.70226 0 0 0 0 
0 0 0 0 0 
0 0 0 0 0 
0 0 0 0 0 
0 0 0 0 0 
0 0 0 0 0 
0 0 0 0 0 
0 0 0 0 0 
0 0 0 0 0 
-7.05262e-005 6.33634e-005 -0.000129584 0.0121893 -0.000222082 -0.000337094 0.000301212 -0.00029 
0.00020793 0.000121847 -0.000271279 0.0242468 2.60138e-005 0.000118344 -0.000129731 8e-005 
-9.01152e-005 0.000455049 3.50409e-005 0.0443079 0.000524372 0.000732842 0.000327894 -4e-005 
-0.000378197 0.00065396 0.000332793 0.0777915 0.00118537 0.000943836 0.000677766 0.00032 
0.000390819 0.000832788 -4.32147e-005 0.128216 0.00143786 0.00125369 0.000174984 0.00031 
5.32022e-005 0.00159159 0.000450028 0.200726 0.00301233 0.0022584 0.000712815 -6e-005 
0.00074208 0.00194535 0.00122901 0.295374 0.00414896 0.00351092 0.000817879 0.00046 
0.000724884 0.00300177 0.00089841 0.413335 0.00628298 0.00509241 0.00135474 -0.00028 
0.000971372 0.00387173 0.00199696 0.545261 0.00869553 0.00649769 0.00171172 -0.00021 
0.00120323 0.00537747 0.00256667 0.680849 0.00978996 0.00763242 0.00187008 0.00011 
0.000806063 0.00568195 0.00231687 0.803868 0.0118607 0.00940747 0.00260815 -0.00015 
0.00135367 0.00657964 0.00286322 0.898875 0.0131251 0.0102207 0.00307053 0 
0.00179386 0.00751409 0.00281965 0.949871 0.0142589 0.0108292 0.00282023 0.00023 
0.00125386 0.00703409 0.00329965 0.950001 0.0139089 0.0105492 0.00317023 0.00016 
0.00151367 0.00710964 0.00311322 0.898765 0.0139351 0.0106107 0.00286053 -6e-005 
0.00166606 0.00558195 0.00239687 0.804598 0.0116407 0.00969747 0.00238815 9e-005 
0.00151323 0.00499747 0.00247667 0.681248 0.01071 0.00752242 0.00254008 0.00042 
0.000771372 0.00400173 0.00199696 0.545051 0.00856553 0.00625769 0.00226172 -0.00011 
0.000414884 0.00323177 0.00180841 0.412445 0.00665298 0.00444241 0.00173474 3e-005 
0.00032208 0.00219535 0.000579013 0.295874 0.00438896 0.00388092 0.000767879 -0.00026 
0.000723202 0.00146159 0.00101003 0.200956 0.00275233 0.0023684 0.000652816 4e-005 
-0.000259181 0.000512788 0.000816785 0.128446 0.00230786 0.00173369 0.000294984 -0.0004 
-0.000358197 0.00098396 0.000362793 0.0782315 0.000815369 0.00131384 0.000417766 -5e-005 
9.98848e-005 0.000125049 5.04089e-006 0.0444479 0.000204372 0.000902842 0.000137894 -1e-005 
0.00045793 0.000381847 0.000128721 0.0247468 0.000346014 0.000528344 0.000510269 0.00036 
0.000339292 6.21167e-005 0.000412044 0.01209 -0.000313809 -0.000310474 0.000485372 -0.00037 
-0.000252424 -0.000319013 0.000521437 0.0240929 0.00044265 -0.000364583 0.000538894 0.00024 
-0.000270767 -0.000267085 0.00110861 0.0449176 0.000348175 -0.000150497 -0.000213063 -0.00028 
-0.000199334 0.000818521 0.00132391 0.0776132 0.00146457 -3.51385e-005 0.000581239 0.00018 
0.000648945 0.000620563 0.00251602 0.128006 0.00238005 0.000906965 -8.52387e-005 -0.00032 
0.00028028 0.000789037 0.00389285 0.199421 0.00347455 0.0012282 0.00094889 0.00037 
0.000217768 0.00120392 0.00574327 0.293596 0.00472799 0.00202972 0.00115931 -0.00045 
0.000848867 0.00239702 0.00792538 0.409999 0.0065558 0.00181237 0.00122135 8e-005 
0.000723428 0.00275567 0.0103219 0.541728 0.00862004 0.00342957 0.0013864 0.00041 
0.00124331 0.00345146 0.0133751 0.675605 0.00975568 0.00384597 0.00157123 -0.00048 
0.000864343 0.00390653 0.0154118 0.798391 0.0120793 0.0042144 0.00179147 -0.00025 
0.00156058 0.00463738 0.0170165 0.891851 0.0136407 0.00453141 0.00220959 0.00027 
0.00196002 0.00499316 0.0188532 0.943709 0.0139073 0.0056477 0.00290524 -0.00036 
0.00132002 0.00454316 0.0180132 0.943099 0.0140673 0.0056177 0.00305524 -0.00036 
0.00183058 0.00405738 0.0173165 0.892521 0.0138407 0.00536141 0.00267959 -0.00026 
0.000774343 0.00394653 0.0156818 0.798291 0.0118893 0.0048644 0.00191147 -0.00016 
0.000663314 0.00328146 0.0135851 0.676355 0.0104557 0.00355597 0.00198123 0.00024 
0.000563428 0.00247567 0.0106119 0.541219 0.00854004 0.00270957 0.0018964 0.00022 
0.000468867 0.00178702 0.00834538 0.410299 0.0062358 0.00237237 0.00120135 9e-005 
0.000687768 0.00134392 0.00569327 0.293326 0.00449799 0.00146972 0.000459307 -0.00017 
0.00045028 0.000879037 0.00348285 0.198821 0.00340455 0.000938196 0.00014889 0.0002 
0.000108945 0.000320563 0.00208602 0.127266 0.00157005 0.000906965 0.000184761 0.00037 
-0.000269334 0.000708521 0.00159391 0.0771032 0.00154457 0.000474861 0.000171239 0.00047 
9.92328e-005 1.29154e-005 0.000578611 0.0440576 0.000728175 -4.04967e-005 -0.000243063 -0.00032 
0.000217576 3.09868e-005 0.000851437 0.0237529 -2.73496e-005 0.000525417 0.000128895 0.00027 
23.5
1.03347 0.0188053 
0.996993 -0.0297162 
0.957119 0.0496608 
0.95794 0.056648 
0.969403 0.0126669 
0.961311 0.0281352 
0.959729 0.0204 
0.959704 0.0265978 
0.958269 0.0249058 
0.959904 0.0193627 
0.960933 0.026778 
0.960246 0.0242441 
0.959556 0.0213641 
0.960357 0.0236435 
0.958266 0.0233121 
0.960176 0.023439 
0.958144 0.0230148 
0.958069 0.0273359 
0.957548 0.0260613 
0.960604 0.0276567 
0.957278 0.0159332 
0.959606 0.0418023 
0.956761 0.0420734 
0.967879 0.0406974 
0.913169 0.0246238 
0.947155 -0.0809114 
0.977009 0.0893771 
0.987787 -0.00778812 
0.951527 0.00950208 
0.94824 -0.01308 
0.949466 0.0117403 
0.95114 0.0112121 
0.951804 -0.00329987 
0.952129 0.00287352 
0.953103 -0.00260521 
0.954261 7.72495e-005 
0.953395 -0.00175399 
0.951343 -0.000807585 
0.952899 0.00344432 
0.951914 0.00179098 
0.953344 0.00173717 
0.952777 0.00193456 
0.952824 0.00421631 
0.952611 0.00292203 
0.953974 -0.00529818 
0.955297 -0.00415205 
0.960909 0.00667672 
0.948064 0.00989901 
0.974877 -0.0217766 
0.932223 -0.00612127 
0.960894 0.0269595 
0.95992 0.0231634 
0.958775 0.0264633 
0.951059 0.00233469 
0.952894 0.000268989 
0.954534 0.00114808 
