0
003
0
0
0
0
0
0
0
0
1
-42078.6
30.8
-0.922944 0 0 0 0 
-0.913753 0 0 0 0 
-0.867138 0 0 0 0 
-0.843175 0 0 0 0 
-0.805424 0 0 0 0 
-0.78343 0 0 0 0 
-0.767016 0 0 0 0 
-0.752901 0 0 0 0 
0 0 0 0 0 
0 0 0 0 0 
0 0 0 0 0 
0 0 0 0 0 
0 0 0 0 0 
0 0 0 0 0 
0 0 0 0 0 
0 0 0 0 0 
0.000333411 0.00125395 0.00342424 0.000812688 0.00205108 0.00190152 0.00201324 -0.00029 
0.000994691 0.00244079 0.00665062 0.00208827 0.00445353 0.00447856 0.00320485 8e-005 
0.00135947 0.00472764 0.0127885 0.00348128 0.00868197 0.00876645 0.00647178 -4e-005 
0.00214831 0.0081007 0.0225609 0.00663444 0.0154033 0.0149457 0.011386 0.00032 
0.00455632 0.0131104 0.0366047 0.0108981 0.0248793 0.0243388 0.0178299 0.00031 
0.00654981 0.02074 0.057607 0.017754 0.0395721 0.0382625 0.0282478 -6e-005 
0.0103268 0.0301958 0.085555 0.0254276 0.0580871 0.0566292 0.0414414 0.00046 
0.0141014 0.0424285 0.118585 0.0365949 0.0815598 0.079225 0.0580494 -0.00028 
0.018631 0.0559226 0.157366 0.047891 0.108075 0.104367 0.0765596 -0.00021 
0.0232574 0.0703811 0.196599 0.0597087 0.1339 0.129856 0.0953438 0.00011 
0.02686 0.0824747 0.231539 0.0700785 0.15848 0.153798 0.113034 -0.00015 
0.0304695 0.092397 0.259023 0.078851 0.176975 0.17158 0.126474 0 
0.032573 0.098234 0.273613 0.0830005 0.187469 0.181406 0.133273 0.00023 
0.032033 0.097754 0.274093 0.0831305 0.187119 0.181126 0.133623 0.00016 
0.0306295 0.092927 0.259273 0.078741 0.177785 0.17197 0.126264 -6e-005 
0.02772 0.0823747 0.231619 0.0708085 0.15826 0.154088 0.112814 9e-005 
0.0235674 0.0700011 0.196509 0.0601087 0.13482 0.129746 0.0960138 0.00042 
0.018431 0.0560526 0.157366 0.047681 0.107945 0.104127 0.0771096 -0.00011 
0.0137914 0.0426585 0.119495 0.0357049 0.0819298 0.078575 0.0584294 3e-005 
0.00990679 0.0304458 0.084905 0.0259276 0.0583271 0.0569992 0.0413914 -0.00026 
0.00721981 0.02061 0.058167 0.017984 0.0393121 0.0383725 0.0281878 4e-005 
0.00390632 0.0127904 0.0374647 0.0111281 0.0257493 0.0248188 0.0179499 -0.0004 
0.00216831 0.0084307 0.0225909 0.00707444 0.0150333 0.0153157 0.011126 -5e-005 
0.00154947 0.00439764 0.0127585 0.00362128 0.00836197 0.00893645 0.00628178 -1e-005 
0.00124469 0.00270079 0.00705062 0.00258827 0.00477353 0.00488856 0.00384485 0.00036 
0.000780367 0.00142646 0.00386778 -0.000135671 0.00216992 0.0022854 0.00236547 -0.00037 
0.000606672 0.00233837 0.0072523 0.000280593 0.0052803 0.00469149 0.00420082 0.00024 
0.0013121 0.00462909 0.0135101 0.00104384 0.00926144 0.00916521 0.00653395 -0.00028 
0.00255946 0.00935211 0.0229385 0.00114528 0.0169996 0.0162013 0.0123407 0.00018 
0.00519742 0.0146901 0.0381525 0.00193148 0.0279929 0.0276763 0.0193028 -0.00032 
0.00737419 0.0227322 0.0594723 0.00279212 0.043421 0.0429783 0.0311869 0.00037 
0.0106837 0.0335775 0.0877419 0.00350197 0.0636626 0.0636253 0.0457707 -0.00045 
0.0154553 0.047578 0.122364 0.00514069 0.0888058 0.0877759 0.0634815 8e-005 
0.0200067 0.0624033 0.161403 0.00723709 0.117206 0.116918 0.0835818 0.00041 
0.0253252 0.0779423 0.202052 0.0081061 0.145363 0.145576 0.104221 -0.00048 
0.0293137 0.0919071 0.238307 0.00983426 0.17228 0.171649 0.123058 -0.00025 
0.0333533 0.10298 0.266106 0.0106241 0.192668 0.191642 0.137727 0.00027 
0.035569 0.108954 0.282173 0.0121396 0.203163 0.203448 0.146164 -0.00036 
0.034929 0.108504 0.281333 0.0115296 0.203322 0.203418 0.146314 -0.00036 
0.0336233 0.1024 0.266406 0.0112941 0.192868 0.192472 0.138197 -0.00026 
0.0292237 0.0919471 0.238577 0.00973426 0.17209 0.172299 0.123178 -0.00016 
0.0247452 0.0777723 0.202262 0.0088561 0.146063 0.145286 0.104631 0.00024 
0.0198467 0.0621233 0.161693 0.00672709 0.117126 0.116198 0.0840918 0.00022 
0.0150753 0.046968 0.122784 0.00544069 0.0884857 0.0883359 0.0634615 9e-005 
0.0111537 0.0337175 0.0876919 0.00323197 0.0634326 0.0630653 0.0450707 -0.00017 
0.00754419 0.0228222 0.0590623 0.00219212 0.043351 0.0426883 0.0303869 0.0002 
0.00465742 0.0143901 0.0377225 0.00119148 0.0271829 0.0276763 0.0195728 0.00037 
0.00248946 0.00924211 0.0232085 0.000635284 0.0170796 0.0167113 0.0119307 0.00047 
0.0016821 0.00490909 0.0129801 0.000183835 0.00964144 0.00927521 0.00650395 -0.00032 
0.00107667 0.00268837 0.0075823 -5.94074e-005 0.0048103 0.00558149 0.00379082 0.00027 
23.5
0.0689296 0.420817 
0.0858969 0.349999 
0.0752269 0.417226 
0.0817257 0.42185 
0.0824254 0.382341 
0.0850557 0.393345 
0.0826475 0.385951 
0.0849968 0.391161 
0.0841947 0.389205 
0.0842099 0.384335 
0.0837995 0.392353 
0.0842634 0.389339 
0.0838753 0.386331 
0.0840653 0.388866 
0.0839825 0.387697 
0.0845289 0.388393 
0.0845689 0.387105 
0.0838403 0.3917 
0.082922 0.390591 
0.084207 0.392925 
0.0856978 0.379189 
0.0831649 0.407093 
0.0865487 0.404768 
0.0788828 0.411222 
0.0955386 0.365392 
-0.0106327 0.374249 
0.0113828 0.548332 
0.0229638 0.45075 
0.0140462 0.455046 
0.0143133 0.430766 
0.0132985 0.45666 
0.0113493 0.457854 
0.0119384 0.443373 
0.0127244 0.449329 
0.0114398 0.444922 
0.0117586 0.448005 
0.0113614 0.44595 
0.0122423 0.445502 
0.0116537 0.450775 
0.0120501 0.448464 
0.0116293 0.449291 
0.0124801 0.448814 
0.0118475 0.451419 
0.0126366 0.449649 
0.0105151 0.443082 
0.0105366 0.444847 
0.00899957 0.459079 
0.00781437 0.456758 
0.00406934 0.439598 
-0.0023324 0.438023 
0.083608 0.392598 
0.0841035 0.388188 
0.0841328 0.390999 
0.01273 0.448279 
0.0117336 0.447558 
0.011235 0.449454 
