0
003
0
0
0
0
0
0
0
0
-1
-42078.6
30.8
-0.90095 0 0 0 0 
-0.894057 0 0 0 0 
-0.852366 0 0 0 0 
-0.83267 0 0 0 0 
-0.799187 0 0 0 0 
-0.780475 0 0 0 0 
-0.768658 0 0 0 0 
-0.755527 0 0 0 0 
0 0 0 0 0 
0 0 0 0 0 
0 0 0 0 0 
0 0 0 0 0 
0 0 0 0 0 
0 0 0 0 0 
0 0 0 0 0 
0 0 0 0 0 
0.000319058 0.00120305 0.00335477 0.00119056 0.0019701 0.00180175 0.00195098 -0.00029 
0.000966737 0.00234166 0.00651532 0.00282425 0.00429581 0.00428424 0.00308358 8e-005 
0.00130797 0.004545 0.0125392 0.00483732 0.00839138 0.00840841 0.00624834 -4e-005 
0.00205854 0.00778238 0.0221264 0.00899788 0.0148968 0.0143217 0.0109966 0.00032 
0.00440831 0.0125856 0.0358884 0.0147947 0.0240443 0.02331 0.0171878 0.00031 
0.00631898 0.0199215 0.0564897 0.0238313 0.0382698 0.0366579 0.0272464 -6e-005 
0.00998624 0.0289882 0.0839067 0.0343937 0.0561657 0.0542619 0.039964 0.00046 
0.0136261 0.0407431 0.116284 0.0491081 0.0788782 0.0759212 0.0559875 -0.00028 
0.0180035 0.0536976 0.154329 0.0644109 0.104535 0.100005 0.0738375 -0.00021 
0.0224738 0.0676024 0.192806 0.0803396 0.129479 0.124409 0.0919443 0.00011 
0.0259343 0.0791921 0.227058 0.094451 0.153257 0.147363 0.109018 -0.00015 
0.029435 0.0887286 0.254016 0.106088 0.171138 0.164389 0.121986 0 
0.0314794 0.094356 0.26832 0.111793 0.181299 0.173804 0.128529 0.00023 
0.0309394 0.093876 0.2688 0.111923 0.180949 0.173524 0.128879 0.00016 
0.029595 0.0892586 0.254266 0.105978 0.171948 0.164779 0.121776 -6e-005 
0.0267943 0.0790921 0.227138 0.095181 0.153037 0.147653 0.108798 9e-005 
0.0227838 0.0672224 0.192716 0.0807396 0.130399 0.124299 0.0926143 0.00042 
0.0178035 0.0538276 0.154329 0.0642009 0.104405 0.0997653 0.0743875 -0.00011 
0.0133161 0.0409731 0.117194 0.0482181 0.0792482 0.0752712 0.0563675 3e-005 
0.00956624 0.0292382 0.0832567 0.0348937 0.0564057 0.0546319 0.039914 -0.00026 
0.00698898 0.0197915 0.0570497 0.0240613 0.0380098 0.0367679 0.0271864 4e-005 
0.00375831 0.0122656 0.0367484 0.0150247 0.0249143 0.02379 0.0173078 -0.0004 
0.00207854 0.00811238 0.0221564 0.00943788 0.0145268 0.0146917 0.0107366 -5e-005 
0.00149797 0.004215 0.0125092 0.00497732 0.00807138 0.00857841 0.00605834 -1e-005 
0.00121674 0.00260166 0.00691532 0.00332425 0.00461581 0.00469424 0.00372358 0.00036 
0.000773438 0.00139714 0.00386549 3.23603e-005 0.0021307 0.00222605 0.00233462 -0.00037 
0.000593177 0.00228126 0.00724783 0.000607872 0.0052039 0.0045759 0.00414074 0.00024 
0.00128723 0.00452387 0.0135018 0.00164684 0.00912067 0.00895223 0.00642325 -0.00028 
0.00251612 0.00916871 0.0229242 0.00219627 0.0167542 0.0158301 0.0121477 0.00018 
0.00512597 0.0143877 0.0381289 0.00366426 0.0275884 0.0270643 0.0189847 -0.00032 
0.00726276 0.0222606 0.0594355 0.0054946 0.0427901 0.0420238 0.0306908 0.00037 
0.0105193 0.0328818 0.0876876 0.00748905 0.0627319 0.0622171 0.0450388 -0.00045 
0.0152258 0.046607 0.122288 0.0107051 0.0875067 0.0858107 0.06246 8e-005 
0.0197038 0.0611214 0.161302 0.0145832 0.115491 0.114324 0.0822333 0.00041 
0.0249469 0.0763414 0.201927 0.0172803 0.143221 0.142336 0.102537 -0.00048 
0.0288668 0.0900159 0.23816 0.0206723 0.16975 0.167821 0.121068 -0.00025 
0.0328539 0.100866 0.265941 0.0227358 0.189841 0.187365 0.135504 0.00027 
0.035041 0.106719 0.281999 0.0249432 0.200173 0.198926 0.143814 -0.00036 
0.034401 0.106269 0.281159 0.0243332 0.200334 0.198896 0.143964 -0.00036 
0.0331239 0.100286 0.266241 0.0234058 0.190041 0.188195 0.135974 -0.00026 
0.0287768 0.0900559 0.23843 0.0205723 0.16956 0.168471 0.121188 -0.00016 
0.0243669 0.0761714 0.202137 0.0180303 0.143921 0.142046 0.102947 0.00024 
0.0195438 0.0608414 0.161592 0.0140732 0.115411 0.113604 0.0827433 0.00022 
0.0148458 0.045997 0.122708 0.0110051 0.0871867 0.0863707 0.06244 9e-005 
0.0109893 0.0330218 0.0876376 0.00721905 0.0625019 0.0616571 0.0443388 -0.00017 
0.00743276 0.0223506 0.0590255 0.0048946 0.0427201 0.0417338 0.0298908 0.0002 
0.00458597 0.0140877 0.0376989 0.00292426 0.0267784 0.0270643 0.0192547 0.00037 
0.00244612 0.00905871 0.0231942 0.00168627 0.0168342 0.0163401 0.0117377 0.00047 
0.00165723 0.00480387 0.0129718 0.00078684 0.00950067 0.00906223 0.00639325 -0.00032 
0.00106318 0.00263126 0.00757783 0.000267872 0.0047339 0.0054659 0.00373074 0.00027 
23.5
0.100978 0.399354 
0.116169 0.329727 
0.104528 0.397603 
0.110838 0.402353 
0.111896 0.362605 
0.11417 0.373847 
0.111789 0.366435 
0.114059 0.371698 
0.113236 0.369756 
0.113305 0.36485 
0.112943 0.372836 
0.113368 0.369847 
0.11297 0.366847 
0.113181 0.369368 
0.113031 0.368244 
0.113623 0.368909 
0.113594 0.367667 
0.112887 0.372247 
0.111982 0.371129 
0.113326 0.373424 
0.114656 0.359796 
0.112285 0.387592 
0.115462 0.385405 
0.10842 0.391441 
0.122704 0.347199 
0.00253611 0.361022 
0.0246594 0.534996 
0.0362294 0.437426 
0.0269357 0.4421 
0.0271539 0.417868 
0.02617 0.443732 
0.0242705 0.444876 
0.0248607 0.430394 
0.0256404 0.436356 
0.0243869 0.431918 
0.0247171 0.434989 
0.0243136 0.432941 
0.0251541 0.432534 
0.024595 0.437777 
0.0249724 0.435485 
0.024577 0.436286 
0.0254084 0.435829 
0.0247851 0.438425 
0.0255604 0.436668 
0.0234869 0.430053 
0.0235263 0.4318 
0.0220875 0.445933 
0.020742 0.443774 
0.0174172 0.426192 
0.0105169 0.425117 
0.112756 0.373078 
0.113203 0.3687 
0.113193 0.371538 
0.0256312 0.435321 
0.0246737 0.434561 
0.0242045 0.436428 
