0
003
0
0
0
0
0
0
0
0
-1
-42078.6
30.8
-0.867795 0 0 0 0 
-0.860901 0 0 0 0 
-0.820196 0 0 0 0 
-0.801485 0 0 0 0 
-0.767016 0 0 0 0 
-0.748305 0 0 0 0 
-0.736487 0 0 0 0 
-0.724013 0 0 0 0 
0 0 0 0 0 
0 0 0 0 0 
0 0 0 0 0 
0 0 0 0 0 
0 0 0 0 0 
0 0 0 0 0 
0 0 0 0 0 
0 0 0 0 0 
0.000303042 0.00114754 0.0032688 0.00161612 0.00187978 0.00169344 0.00188171 -0.00029 
0.000935542 0.00223354 0.00634787 0.00365314 0.00411988 0.00407327 0.00294867 8e-005 
0.00125049 0.0043458 0.0122307 0.00636453 0.00806723 0.00801971 0.00599977 -4e-005 
0.00195836 0.00743518 0.0215887 0.0116597 0.0143319 0.0136442 0.0105633 0.00032 
0.00424315 0.0120131 0.0350018 0.0191833 0.0231128 0.022193 0.0164735 0.00031 
0.00606139 0.0190287 0.0551071 0.0306758 0.0368171 0.0349159 0.0261324 -6e-005 
0.00960621 0.0276711 0.0818668 0.0444917 0.0540225 0.0516918 0.0383204 0.00046 
0.0130958 0.0389049 0.113437 0.063201 0.0758871 0.0723343 0.0536938 -0.00028 
0.0173033 0.0512708 0.15057 0.0830162 0.100586 0.0952699 0.0708093 -0.00021 
0.0215994 0.0645717 0.188112 0.103575 0.124548 0.118496 0.0881626 0.00011 
0.0249013 0.0756117 0.221513 0.1219 0.147431 0.140377 0.104551 -0.00015 
0.0282805 0.0847274 0.247819 0.136763 0.164627 0.156581 0.116993 0 
0.030259 0.0901263 0.261769 0.144221 0.174416 0.165551 0.123251 0.00023 
0.029719 0.0896463 0.262249 0.144351 0.174066 0.165271 0.123601 0.00016 
0.0284405 0.0852574 0.248069 0.136653 0.165437 0.156971 0.116783 -6e-005 
0.0257613 0.0755117 0.221593 0.12263 0.147211 0.140667 0.104331 9e-005 
0.0219094 0.0641917 0.188022 0.103975 0.125468 0.118386 0.0888326 0.00042 
0.0171033 0.0514008 0.15057 0.0828062 0.100456 0.0950299 0.0713593 -0.00011 
0.0127858 0.0391349 0.114347 0.062311 0.0762571 0.0716843 0.0540738 3e-005 
0.00918621 0.0279211 0.0812168 0.0449917 0.0542625 0.0520618 0.0382704 -0.00026 
0.00673139 0.0188987 0.0556671 0.0309058 0.0365571 0.0350259 0.0260724 4e-005 
0.00359315 0.0116931 0.0358618 0.0194133 0.0239828 0.022673 0.0165935 -0.0004 
0.00197836 0.00776518 0.0216187 0.0120997 0.0139619 0.0140142 0.0103033 -5e-005 
0.00144049 0.0040158 0.0122007 0.00650453 0.00774723 0.00818971 0.00580977 -1e-005 
0.00118554 0.00249354 0.00674787 0.00415314 0.00443988 0.00448327 0.00358867 0.00036 
0.000764405 0.00136158 0.003845 0.000259503 0.00207963 0.00215494 0.00229485 -0.00037 
0.000575583 0.00221199 0.00720792 0.00105028 0.00510443 0.00443739 0.00406327 0.00024 
0.00125482 0.00439623 0.0134283 0.00246198 0.0089374 0.00869703 0.00628052 -0.00028 
0.00245962 0.00894625 0.022796 0.00361697 0.0164348 0.0153853 0.011899 0.00018 
0.00503282 0.0140209 0.0379176 0.00600661 0.0270618 0.026331 0.0185745 -0.00032 
0.00711747 0.0216885 0.0591059 0.00914778 0.0419688 0.0408801 0.0300511 0.00037 
0.010305 0.0320378 0.0872014 0.0128787 0.0615201 0.0605297 0.044095 -0.00045 
0.0149267 0.0454292 0.121609 0.018227 0.0858156 0.0834557 0.0611429 8e-005 
0.0193088 0.0595664 0.160407 0.0245136 0.113258 0.111215 0.0804944 0.00041 
0.0244537 0.0743995 0.200808 0.0296818 0.140433 0.138453 0.100365 -0.00048 
0.0282842 0.0877217 0.236838 0.035323 0.166456 0.163234 0.118503 -0.00025 
0.0322028 0.0983025 0.264464 0.0391082 0.18616 0.182239 0.132637 0.00027 
0.0343527 0.104009 0.280437 0.0422509 0.196282 0.193507 0.140783 -0.00036 
0.0337127 0.103559 0.279597 0.0416409 0.196442 0.193477 0.140933 -0.00036 
0.0324728 0.0977225 0.264764 0.0397782 0.18636 0.183069 0.133107 -0.00026 
0.0281942 0.0877617 0.237108 0.035223 0.166266 0.163884 0.118623 -0.00016 
0.0238737 0.0742295 0.201018 0.0304318 0.141133 0.138163 0.100775 0.00024 
0.0191488 0.0592864 0.160697 0.0240036 0.113178 0.110495 0.0810044 0.00022 
0.0145467 0.0448192 0.122029 0.018527 0.0854956 0.0840157 0.0611229 9e-005 
0.010775 0.0321778 0.0871514 0.0126087 0.0612901 0.0599697 0.043395 -0.00017 
0.00728747 0.0217785 0.0586959 0.00854778 0.0418988 0.0405901 0.0292511 0.0002 
0.00449282 0.0137209 0.0374876 0.00526661 0.0262518 0.026331 0.0188445 0.00037 
0.00238962 0.00883625 0.023066 0.00310697 0.0165148 0.0158953 0.011489 0.00047 
0.00162482 0.00467623 0.0128983 0.00160198 0.0093174 0.00880703 0.00625052 -0.00032 
0.00104558 0.00256199 0.00753792 0.000710285 0.00463443 0.00532739 0.00365327 0.00027 
23.5
0.137071 0.376472 
0.150261 0.308114 
0.137528 0.376683 
0.143625 0.381567 
0.145085 0.341564 
0.146958 0.353061 
0.144608 0.345629 
0.14679 0.350949 
0.145943 0.349021 
0.146073 0.344077 
0.145764 0.352029 
0.146147 0.349067 
0.145737 0.346074 
0.14597 0.348581 
0.145746 0.347505 
0.146388 0.348138 
0.146282 0.346945 
0.145599 0.351509 
0.144709 0.350382 
0.146119 0.352635 
0.14727 0.339121 
0.14508 0.366801 
0.148024 0.364762 
0.141686 0.370352 
0.153298 0.327804 
0.0203373 0.345824 
0.0426064 0.519672 
0.0541614 0.422116 
0.0443594 0.427223 
0.0445115 0.403049 
0.0435692 0.428877 
0.0417372 0.429963 
0.0423287 0.415479 
0.0430998 0.42145 
0.0418883 0.416975 
0.0422342 0.420033 
0.0418219 0.417992 
0.0426079 0.417632 
0.0420886 0.422841 
0.0424403 0.420571 
0.0420794 0.421342 
0.0428844 0.420908 
0.0422738 0.423493 
0.0430304 0.421752 
0.0410217 0.415082 
0.0410853 0.416808 
0.0397795 0.430827 
0.0382171 0.428854 
0.0354605 0.410787 
0.0278862 0.410288 
0.145583 0.352267 
0.145975 0.347924 
0.145921 0.35079 
0.0430706 0.420431 
0.0421658 0.419627 
0.0417363 0.421459 
