0
003
0
0
0
0
0
0
0
0
1
-42078.6
30.8
-0.858932 0 0 0 0 
-0.85171 0 0 0 0 
-0.809035 0 0 0 0 
-0.788682 0 0 0 0 
-0.753557 0 0 0 0 
-0.733205 0 0 0 0 
-0.720074 0 0 0 0 
-0.706943 0 0 0 0 
0 0 0 0 0 
0 0 0 0 0 
0 0 0 0 0 
0 0 0 0 0 
0 0 0 0 0 
0 0 0 0 0 
0 0 0 0 0 
0 0 0 0 0 
0.000285523 0.00108797 0.00316718 0.00208516 0.001781 0.00157765 0.00180614 -0.00029 
0.000901418 0.0021175 0.00614994 0.00456671 0.00392749 0.00384775 0.00280146 8e-005 
0.00118762 0.004132 0.011866 0.00804775 0.00771275 0.00760419 0.00572855 -4e-005 
0.00184878 0.00706256 0.0209531 0.0145934 0.0137141 0.01292 0.0100906 0.00032 
0.00406249 0.0113988 0.0339539 0.0240202 0.0220942 0.020999 0.0156942 0.00031 
0.00577962 0.0180706 0.0534727 0.0382195 0.0352284 0.0330537 0.0249169 -6e-005 
0.0091905 0.0262574 0.0794555 0.0556212 0.0516787 0.0489444 0.0365271 0.00046 
0.0125156 0.036932 0.110072 0.0787334 0.072616 0.0685 0.051191 -0.00028 
0.0165374 0.0486662 0.146128 0.103522 0.0962679 0.0902079 0.0675052 -0.00021 
0.0206428 0.061319 0.182564 0.129183 0.119155 0.112174 0.0840362 0.00011 
0.0237712 0.0717691 0.214959 0.152153 0.14106 0.132909 0.099676 -0.00015 
0.0270177 0.0804332 0.240494 0.170571 0.157508 0.148235 0.111546 0 
0.028924 0.0855868 0.254026 0.17996 0.16689 0.156728 0.117492 0.00023 
0.028384 0.0851068 0.254506 0.18009 0.16654 0.156448 0.117842 0.00016 
0.0271777 0.0809632 0.240744 0.170461 0.158318 0.148625 0.111336 -6e-005 
0.0246312 0.0716691 0.215039 0.152883 0.14084 0.133199 0.099456 9e-005 
0.0209528 0.060939 0.182474 0.129583 0.120075 0.112064 0.0847062 0.00042 
0.0163374 0.0487962 0.146128 0.103312 0.0961379 0.0899679 0.0680552 -0.00011 
0.0122056 0.037162 0.110982 0.0778434 0.072986 0.06785 0.051571 3e-005 
0.0087705 0.0265074 0.0788055 0.0561212 0.0519187 0.0493144 0.0364771 -0.00026 
0.00644962 0.0179406 0.0540327 0.0384495 0.0349684 0.0331637 0.0248569 4e-005 
0.00341249 0.0110788 0.0348139 0.0242502 0.0229642 0.021479 0.0158142 -0.0004 
0.00186878 0.00739256 0.0209831 0.0150334 0.0133441 0.01329 0.00983062 -5e-005 
0.00137762 0.003802 0.011836 0.00818775 0.00739275 0.00777419 0.00553855 -1e-005 
0.00115142 0.0023775 0.00654994 0.00506671 0.00424749 0.00425775 0.00344146 0.00036 
0.000753357 0.00132011 0.00380651 0.000543499 0.00201723 0.00207276 0.00224654 -0.00037 
0.000554065 0.00213123 0.00713296 0.00160343 0.00498289 0.00427733 0.00396919 0.00024 
0.00121517 0.00424743 0.0132902 0.00348114 0.00871346 0.00840213 0.00610717 -0.00028 
0.00239052 0.00868691 0.0225553 0.00539329 0.0160445 0.0148713 0.0115968 0.00018 
0.00491889 0.0135933 0.0375207 0.00893525 0.0264183 0.0254835 0.0180764 -0.00032 
0.00693979 0.0210217 0.0584869 0.0137154 0.0409652 0.0395584 0.0292742 0.00037 
0.0100428 0.031054 0.0862881 0.0196175 0.0600394 0.0585798 0.0429488 -0.00045 
0.0145608 0.0440561 0.120335 0.0276317 0.0837491 0.0807344 0.0595433 8e-005 
0.0188259 0.0577537 0.158724 0.0369296 0.11053 0.107622 0.0783826 0.00041 
0.0238505 0.0721357 0.198707 0.0451875 0.137026 0.133966 0.0977279 -0.00048 
0.0275716 0.0850474 0.234355 0.0536407 0.162431 0.157934 0.115387 -0.00025 
0.0314064 0.0953139 0.26169 0.0595787 0.181662 0.176316 0.129155 0.00027 
0.0335109 0.10085 0.277504 0.0638908 0.191527 0.187245 0.137103 -0.00036 
0.0328709 0.1004 0.276664 0.0632808 0.191687 0.187215 0.137253 -0.00036 
0.0316764 0.0947339 0.26199 0.0602487 0.181862 0.177145 0.129625 -0.00026 
0.0274816 0.0850874 0.234625 0.0535408 0.162241 0.158584 0.115507 -0.00016 
0.0232705 0.0719657 0.198917 0.0459375 0.137726 0.133676 0.0981379 0.00024 
0.0186659 0.0574737 0.159014 0.0364196 0.11045 0.106902 0.0788926 0.00022 
0.0141808 0.0434461 0.120755 0.0279317 0.0834291 0.0812944 0.0595233 9e-005 
0.0105128 0.031194 0.0862381 0.0193475 0.0598094 0.0580198 0.0422488 -0.00017 
0.00710979 0.0211117 0.0580769 0.0131154 0.0408952 0.0392684 0.0284742 0.0002 
0.00437889 0.0132933 0.0370907 0.00819525 0.0256083 0.0254835 0.0183464 0.00037 
0.00232052 0.00857691 0.0228253 0.00488329 0.0161245 0.0153813 0.0111868 0.00047 
0.00158517 0.00452743 0.0127602 0.00262114 0.00909346 0.00851213 0.00607717 -0.00032 
0.00102407 0.00248123 0.00746296 0.00126343 0.00451289 0.00516733 0.00355919 0.00027 
23.5
0.176849 0.352401 
0.187835 0.285377 
0.173897 0.354674 
0.17976 0.3597 
0.181664 0.319429 
0.183095 0.331193 
0.180779 0.323741 
0.182863 0.32912 
0.18199 0.327208 
0.182186 0.322224 
0.181937 0.330139 
0.182272 0.327207 
0.18185 0.324221 
0.182108 0.326712 
0.181801 0.325686 
0.1825 0.326285 
0.182308 0.325144 
0.181653 0.329692 
0.180779 0.328555 
0.182262 0.330764 
0.183214 0.31737 
0.181225 0.344928 
0.183912 0.343045 
0.178348 0.348166 
0.187017 0.3074 
0.0425939 0.328806 
0.0650451 0.502513 
0.0765815 0.404972 
0.0661439 0.410565 
0.0662134 0.386454 
0.0653232 0.412242 
0.0635753 0.413264 
0.0641687 0.398779 
0.0649291 0.404757 
0.06377 0.400243 
0.0641354 0.403286 
0.0637122 0.401253 
0.06443 0.400945 
0.0639606 0.406116 
0.0642802 0.403871 
0.0639623 0.404609 
0.0647343 0.4042 
0.0641395 0.406773 
0.0648729 0.40505 
0.0629451 0.398317 
0.063039 0.400021 
0.0618994 0.413913 
0.060066 0.412146 
0.0580197 0.393536 
0.0496026 0.393682 
0.181762 0.330374 
0.182093 0.326068 
0.181991 0.328963 
0.0648748 0.403758 
0.0640358 0.402903 
0.0636561 0.404698 
