0
003
0
0
0
0
0
0
0
0
-1
-42078.6
30.8
-0.923929 0 0 0 0 
-0.913753 0 0 0 0 
-0.860245 0 0 0 0 
-0.830372 0 0 0 0 
-0.787041 0 0 0 0 
-0.760123 0 0 0 0 
-0.739442 0 0 0 0 
-0.7227 0 0 0 0 
0 0 0 0 0 
0 0 0 0 0 
0 0 0 0 0 
0 0 0 0 0 
0 0 0 0 0 
0 0 0 0 0 
0 0 0 0 0 
0 0 0 0 0 
0.000266673 0.00102492 0.00305092 0.00259301 0.00167475 0.00145554 0.001725 -0.00029 
0.000864705 0.0019947 0.0059235 0.00555586 0.00372055 0.00360992 0.00264343 8e-005 
0.00111998 0.00390574 0.0114488 0.00987025 0.00733146 0.00716599 0.00543738 -4e-005 
0.00173089 0.0066682 0.0202259 0.0177698 0.0130495 0.0121562 0.00958314 0.00032 
0.00386811 0.0107486 0.032755 0.0292572 0.0209985 0.0197398 0.0148575 0.00031 
0.00547647 0.0170565 0.0516029 0.0463873 0.0335196 0.0310898 0.023612 -6e-005 
0.00874324 0.0247614 0.0766969 0.0676715 0.0491576 0.046047 0.0346019 0.00046 
0.0118914 0.0348441 0.106222 0.095551 0.0690976 0.0644563 0.0485042 -0.00028 
0.0157133 0.0459098 0.141045 0.125724 0.0916229 0.0848695 0.063958 -0.00021 
0.0196137 0.0578766 0.176217 0.156911 0.113354 0.105507 0.0796063 0.00011 
0.0225555 0.0677024 0.20746 0.184909 0.134207 0.125033 0.0944427 -0.00015 
0.0256591 0.0758887 0.232115 0.207177 0.149849 0.139434 0.105697 0 
0.0274878 0.0807826 0.245168 0.218657 0.158794 0.147424 0.11131 0.00023 
0.0269478 0.0803026 0.245648 0.218787 0.158444 0.147144 0.11166 0.00016 
0.0258191 0.0764187 0.232365 0.207067 0.150659 0.139824 0.105487 -6e-005 
0.0234155 0.0676024 0.20754 0.185639 0.133987 0.125323 0.0942227 9e-005 
0.0199237 0.0574966 0.176127 0.157311 0.114274 0.105397 0.0802763 0.00042 
0.0155133 0.0460398 0.141045 0.125515 0.0914929 0.0846295 0.064508 -0.00011 
0.0115814 0.0350741 0.107132 0.094661 0.0694676 0.0638063 0.0488842 3e-005 
0.00832324 0.0250114 0.0760469 0.0681715 0.0493976 0.046417 0.0345519 -0.00026 
0.00614647 0.0169265 0.0521629 0.0466173 0.0332596 0.0311998 0.023552 4e-005 
0.00321811 0.0104286 0.033615 0.0294872 0.0218685 0.0202198 0.0149775 -0.0004 
0.00175089 0.00699821 0.0202559 0.0182098 0.0126795 0.0125262 0.00932314 -5e-005 
0.00130998 0.00357574 0.0114188 0.0100102 0.00701146 0.00733599 0.00524738 -1e-005 
0.00111471 0.0022547 0.00632351 0.00605586 0.00404055 0.00401992 0.00328343 0.00036 
0.000740403 0.00127317 0.00375041 0.000881527 0.00194411 0.00198035 0.00219018 -0.00037 
0.000528834 0.0020398 0.00702368 0.00226182 0.00484048 0.00409734 0.0038594 0.00024 
0.00116868 0.00407898 0.0130889 0.00469421 0.00845107 0.00807049 0.0059049 -0.00028 
0.0023095 0.00839331 0.0222044 0.00750755 0.0155872 0.0142933 0.0112443 0.00018 
0.00478531 0.0131093 0.0369421 0.0124211 0.0256643 0.0245306 0.0174952 -0.00032 
0.00673145 0.0202667 0.0575846 0.019152 0.0397892 0.0380721 0.0283677 0.00037 
0.00973544 0.0299402 0.0849569 0.0276383 0.0583045 0.0563871 0.0416114 -0.00045 
0.0141318 0.0425017 0.118477 0.0388256 0.0813278 0.0776741 0.0576768 8e-005 
0.0182595 0.0557016 0.156271 0.0517077 0.107334 0.103582 0.0759185 0.00041 
0.0231432 0.0695729 0.195644 0.0636432 0.133034 0.128921 0.0946505 -0.00048 
0.0267361 0.0820198 0.230737 0.0754436 0.157715 0.151973 0.111752 -0.00025 
0.0304727 0.0919304 0.257646 0.0839438 0.176392 0.169654 0.125092 0.00027 
0.0325238 0.097273 0.273229 0.0896479 0.185956 0.180204 0.132808 -0.00036 
0.0318838 0.096823 0.272389 0.0890379 0.186116 0.180174 0.132958 -0.00036 
0.0307427 0.0913504 0.257946 0.0846138 0.176592 0.170484 0.125562 -0.00026 
0.0266461 0.0820598 0.231007 0.0753436 0.157525 0.152623 0.111872 -0.00016 
0.0225632 0.0694029 0.195854 0.0643932 0.133734 0.128631 0.0950605 0.00024 
0.0180995 0.0554216 0.156561 0.0511977 0.107254 0.102862 0.0764285 0.00022 
0.0137518 0.0418917 0.118897 0.0391257 0.0810078 0.0782341 0.0576568 9e-005 
0.0102054 0.0300802 0.0849069 0.0273683 0.0580745 0.0558271 0.0409114 -0.00017 
0.00690145 0.0203567 0.0571746 0.018552 0.0397192 0.0377821 0.0275677 0.0002 
0.00424531 0.0128093 0.0365121 0.0116811 0.0248543 0.0245306 0.0177652 0.00037 
0.0022395 0.00828331 0.0224744 0.00699755 0.0156672 0.0148033 0.0108343 0.00047 
0.00153868 0.00435898 0.0125589 0.00383421 0.00883107 0.00818049 0.0058749 -0.00032 
0.000998834 0.0023898 0.00735368 0.00192182 0.00437048 0.00498734 0.0034494 0.00027 
23.5
0.219918 0.327378 
0.228517 0.261742 
0.213274 0.331796 
0.218884 0.336969 
0.221269 0.296419 
0.222221 0.308461 
0.219942 0.300988 
0.221919 0.306428 
0.221018 0.304533 
0.221287 0.299507 
0.221102 0.307385 
0.221385 0.304482 
0.22095 0.301504 
0.221236 0.30398 
0.220838 0.303006 
0.221598 0.303569 
0.221314 0.302482 
0.220688 0.307013 
0.219832 0.305865 
0.221394 0.308028 
0.222131 0.29476 
0.220359 0.322191 
0.222767 0.32047 
0.218043 0.325104 
0.223524 0.28619 
0.0690844 0.310136 
0.0917525 0.483688 
0.103267 0.386163 
0.0920725 0.39229 
0.0920437 0.368249 
0.0912155 0.393993 
0.0895679 0.394944 
0.0901633 0.380458 
0.0909109 0.386445 
0.0898144 0.381887 
0.090203 0.384913 
0.0897668 0.38289 
0.0904035 0.382638 
0.0899934 0.387767 
0.0902748 0.385549 
0.0900081 0.386251 
0.0907409 0.38587 
0.0901649 0.38843 
0.0908705 0.386726 
0.0890392 0.379926 
0.089169 0.381604 
0.0882272 0.395357 
0.0860713 0.393817 
0.0848704 0.374612 
0.0754504 0.375464 
0.220934 0.307615 
0.221199 0.303347 
0.221045 0.306273 
0.0908269 0.385466 
0.0900663 0.384556 
0.0897457 0.386309 
