0
003
0
0
0
0
0
0
0
0
1
-42078.6
30.8
-0.908172 0 0 0 0 
-0.900294 0 0 0 0 
-0.855977 0 0 0 0 
-0.833983 0 0 0 0 
-0.797545 0 0 0 0 
-0.777193 0 0 0 0 
-0.763405 0 0 0 0 
-0.750275 0 0 0 0 
0 0 0 0 0 
0 0 0 0 0 
0 0 0 0 0 
0 0 0 0 0 
0 0 0 0 0 
0 0 0 0 0 
0 0 0 0 0 
0 0 0 0 0 
0.000246682 0.000959023 0.00292118 0.00313462 0.00156209 0.00132832 0.00163911 -0.00029 
0.000825767 0.00186635 0.0056708 0.00661077 0.00350111 0.00336214 0.00247614 8e-005 
0.00104824 0.00366926 0.0109832 0.0118139 0.00692716 0.00670945 0.00512915 -4e-005 
0.00160585 0.00625605 0.0194144 0.0211574 0.0123448 0.0113605 0.00904593 0.00032 
0.00366195 0.0100691 0.0314171 0.0348424 0.0198367 0.0184279 0.0139717 0.00031 
0.00515494 0.0159967 0.0495163 0.0550982 0.0317076 0.0290437 0.0222306 -6e-005 
0.00826888 0.0231978 0.0736184 0.080523 0.0464843 0.0430284 0.0325639 0.00046 
0.0112294 0.032662 0.101926 0.113487 0.0653667 0.0602435 0.0456599 -0.00028 
0.0148393 0.0430289 0.135373 0.149403 0.0866974 0.0793077 0.060203 -0.00021 
0.0185222 0.0542789 0.169133 0.186482 0.107203 0.0985612 0.0749169 0.00011 
0.021266 0.0634521 0.199092 0.219843 0.12694 0.116827 0.0889028 -0.00015 
0.0242181 0.0711389 0.222763 0.246216 0.141729 0.130264 0.0995064 0 
0.0259645 0.0757615 0.235282 0.259927 0.150209 0.13773 0.104765 0.00023 
0.0254245 0.0752815 0.235762 0.260057 0.149859 0.13745 0.105115 0.00016 
0.0243781 0.0716689 0.223013 0.246106 0.142539 0.130654 0.0992964 -6e-005 
0.022126 0.0633521 0.199172 0.220573 0.12672 0.117117 0.0886828 9e-005 
0.0188322 0.0538988 0.169043 0.186882 0.108123 0.0984512 0.0755869 0.00042 
0.0146393 0.0431589 0.135373 0.149193 0.0865674 0.0790677 0.0607531 -0.00011 
0.0109194 0.032892 0.102836 0.112597 0.0657367 0.0595935 0.0460399 3e-005 
0.00784888 0.0234478 0.0729684 0.081023 0.0467243 0.0433984 0.0325139 -0.00026 
0.00582494 0.0158667 0.0500763 0.0553282 0.0314476 0.0291537 0.0221706 4e-005 
0.00301195 0.00974907 0.0322771 0.0350724 0.0207067 0.0189079 0.0140917 -0.0004 
0.00162585 0.00658605 0.0194444 0.0215974 0.0119748 0.0117305 0.00878593 -5e-005 
0.00123824 0.00333927 0.0109532 0.0119539 0.00660716 0.00687945 0.00493916 -1e-005 
0.00107577 0.00212635 0.0060708 0.00711077 0.00382111 0.00377213 0.00311614 0.00036 
0.000725672 0.00122122 0.00367725 0.00127023 0.00186101 0.00187862 0.00212632 -0.00037 
0.000500141 0.00193861 0.00688118 0.00301891 0.00467861 0.00389919 0.00373502 0.00024 
0.00111582 0.00389253 0.0128263 0.00608912 0.00815284 0.0077054 0.00567573 -0.00028 
0.00221736 0.00806836 0.0217468 0.00993876 0.0150674 0.013657 0.0108449 0.00018 
0.0046334 0.0125735 0.0361876 0.0164295 0.0248073 0.0234814 0.0168366 -0.00032 
0.00649452 0.0194312 0.0564079 0.0254035 0.0384526 0.0364359 0.0273406 0.00037 
0.00938589 0.0287074 0.0832208 0.0368615 0.0563326 0.0539731 0.0400961 -0.00045 
0.013644 0.0407812 0.116054 0.0516977 0.0785758 0.0743051 0.055562 8e-005 
0.0176155 0.0534302 0.153073 0.0687013 0.1037 0.099134 0.0731266 0.00041 
0.0223389 0.0667363 0.191649 0.0848656 0.128497 0.123366 0.0911639 -0.00048 
0.0257859 0.0786687 0.226018 0.100515 0.152355 0.145411 0.107633 -0.00025 
0.0294109 0.0881856 0.252373 0.111961 0.170401 0.162321 0.120489 0.00027 
0.0314013 0.0933143 0.267655 0.119266 0.179624 0.172452 0.127942 -0.00036 
0.0307613 0.0928643 0.266815 0.118656 0.179784 0.172422 0.128092 -0.00036 
0.0296809 0.0876056 0.252673 0.112631 0.170601 0.163151 0.120959 -0.00026 
0.0256959 0.0787087 0.226288 0.100415 0.152165 0.146061 0.107753 -0.00016 
0.0217589 0.0665663 0.191859 0.0856156 0.129197 0.123076 0.0915739 0.00024 
0.0174555 0.0531502 0.153363 0.0681913 0.10362 0.098414 0.0736366 0.00022 
0.013264 0.0401712 0.116474 0.0519977 0.0782558 0.0748651 0.055542 9e-005 
0.00985589 0.0288474 0.0831709 0.0365915 0.0561025 0.0534131 0.0393961 -0.00017 
0.00666452 0.0195212 0.0559979 0.0248035 0.0383826 0.0361459 0.0265406 0.0002 
0.0040934 0.0122735 0.0357576 0.0156895 0.0239973 0.0234814 0.0171066 0.00037 
0.00214736 0.00795836 0.0220168 0.00942876 0.0151474 0.014167 0.0104349 0.00047 
0.00148582 0.00417253 0.0122963 0.00522912 0.00853284 0.0078154 0.00564573 -0.00032 
0.000970141 0.00228861 0.00721118 0.00267891 0.00420861 0.00478919 0.00332502 0.00027 
23.5
0.265848 0.301653 
0.271902 0.237444 
0.255268 0.308275 
0.260607 0.3136 
0.263505 0.272764 
0.263946 0.285092 
0.261706 0.277596 
0.263571 0.283099 
0.262639 0.281221 
0.262985 0.276152 
0.262869 0.283992 
0.263098 0.281119 
0.262648 0.27815 
0.262963 0.280609 
0.26247 0.279689 
0.263295 0.280216 
0.262912 0.279184 
0.262316 0.283697 
0.261479 0.282539 
0.263126 0.284654 
0.263633 0.271515 
0.262093 0.298816 
0.264205 0.297261 
0.260375 0.301394 
0.262457 0.264384 
0.0995453 0.29 
0.122463 0.463385 
0.133951 0.365878 
0.121887 0.37258 
0.121745 0.348614 
0.120989 0.37431 
0.119456 0.375185 
0.120054 0.360698 
0.120787 0.366695 
0.119762 0.362089 
0.120178 0.365097 
0.119727 0.363084 
0.12027 0.362894 
0.119928 0.367978 
0.120165 0.365789 
0.119958 0.366453 
0.120645 0.366101 
0.120091 0.368646 
0.120765 0.366964 
0.119044 0.360091 
0.119215 0.361741 
0.118501 0.375343 
0.115974 0.374049 
0.115746 0.354201 
0.105172 0.355816 
0.262709 0.284218 
0.262904 0.279989 
0.262693 0.282946 
0.120669 0.365739 
0.119998 0.364769 
0.119746 0.366477 
