0
003
0
0
0
0
0
0
0
0
1
-42078.6
30.8
-0.921303 0 0 0 0 
-0.914081 0 0 0 0 
-0.871078 0 0 0 0 
-0.849084 0 0 0 0 
-0.814287 0 0 0 0 
-0.793606 0 0 0 0 
-0.780475 0 0 0 0 
-0.768001 0 0 0 0 
0 0 0 0 0 
0 0 0 0 0 
0 0 0 0 0 
0 0 0 0 0 
0 0 0 0 0 
0 0 0 0 0 
0 0 0 0 0 
0 0 0 0 0 
0.000225747 0.000890935 0.00277925 0.00370461 0.00144413 0.00119726 0.00154932 -0.00029 
0.000784992 0.00173374 0.00539435 0.00772096 0.00327136 0.00310687 0.00230126 8e-005 
0.000973108 0.00342492 0.0104738 0.0138594 0.00650385 0.00623913 0.00480693 -4e-005 
0.0014749 0.00583018 0.0185267 0.0247225 0.0116071 0.0105408 0.00848432 0.00032 
0.00344607 0.00936692 0.0299534 0.0407203 0.0186203 0.0170764 0.0130458 0.00031 
0.00481824 0.0149016 0.0472335 0.0642654 0.0298105 0.0269359 0.0207865 -6e-005 
0.00777213 0.0215822 0.0702506 0.0940478 0.0436854 0.0399186 0.0304334 0.00046 
0.0105361 0.0304072 0.0972257 0.132362 0.0614605 0.0559034 0.0426865 -0.00028 
0.0139241 0.0400522 0.129168 0.174322 0.0815405 0.073578 0.0562776 -0.00021 
0.0173792 0.0505614 0.161384 0.217602 0.100762 0.0914056 0.0700146 0.00011 
0.0199157 0.0590604 0.189937 0.256608 0.119332 0.108374 0.0831114 -0.00015 
0.0227091 0.0662311 0.212532 0.287301 0.133226 0.120817 0.0930344 0 
0.0243693 0.0705733 0.224466 0.303359 0.141221 0.127744 0.0979235 0.00023 
0.0238293 0.0700933 0.224946 0.303489 0.140871 0.127464 0.0982735 0.00016 
0.0228691 0.0667611 0.212782 0.287191 0.134036 0.121207 0.0928244 -6e-005 
0.0207757 0.0589604 0.190017 0.257338 0.119112 0.108664 0.0828914 9e-005 
0.0176892 0.0501814 0.161294 0.218002 0.101682 0.0912956 0.0706846 0.00042 
0.0137241 0.0401822 0.129168 0.174112 0.0814105 0.073338 0.0568276 -0.00011 
0.0102261 0.0306372 0.0981357 0.131472 0.0618305 0.0552534 0.0430665 3e-005 
0.00735213 0.0218322 0.0696006 0.0945478 0.0439254 0.0402886 0.0303834 -0.00026 
0.00548824 0.0147716 0.0477935 0.0644954 0.0295505 0.0270459 0.0207265 4e-005 
0.00279607 0.00904692 0.0308134 0.0409503 0.0194903 0.0175564 0.0131658 -0.0004 
0.0014949 0.00616018 0.0185567 0.0251625 0.0112371 0.0109108 0.00822432 -5e-005 
0.00116311 0.00309492 0.0104438 0.0139994 0.00618385 0.00640913 0.00461693 -1e-005 
0.00103499 0.00199374 0.00579435 0.00822096 0.00359136 0.00351687 0.00294126 0.00036 
0.000709311 0.00116477 0.00358775 0.00170574 0.00176874 0.00176856 0.0020556 -0.00037 
0.000468275 0.00182865 0.00670688 0.00386717 0.0044989 0.00368483 0.00359729 0.00024 
0.0010571 0.00368994 0.0125051 0.00765202 0.00782173 0.00731046 0.00542196 -0.00028 
0.00211502 0.00771526 0.021187 0.0126627 0.0144903 0.0129686 0.0104026 0.00018 
0.00446468 0.0119914 0.0352648 0.0209206 0.0238558 0.0223465 0.0161074 -0.00032 
0.00623139 0.0185232 0.0549686 0.0324079 0.0369687 0.0346659 0.0262033 0.00037 
0.00899768 0.0273679 0.0810974 0.0471954 0.0541433 0.0513617 0.0384182 -0.00045 
0.0131022 0.0389117 0.113091 0.0661198 0.0755204 0.0706607 0.0532203 8e-005 
0.0169002 0.0509621 0.14916 0.0877412 0.0996666 0.0943226 0.070035 0.00041 
0.0214457 0.0636541 0.186763 0.108644 0.123459 0.117358 0.087303 -0.00048 
0.0247306 0.0750275 0.220246 0.128605 0.146404 0.138313 0.103072 -0.00025 
0.0282316 0.0841164 0.245922 0.143353 0.163751 0.154389 0.115392 0.00027 
0.0301547 0.0890127 0.260836 0.152451 0.172593 0.164066 0.122554 -0.00036 
0.0295147 0.0885627 0.259996 0.151841 0.172753 0.164036 0.122704 -0.00036 
0.0285016 0.0835364 0.246222 0.144023 0.163951 0.155219 0.115862 -0.00026 
0.0246406 0.0750675 0.220516 0.128505 0.146214 0.138963 0.103192 -0.00016 
0.0208657 0.0634841 0.186973 0.109394 0.124159 0.117068 0.087713 0.00024 
0.0167402 0.0506821 0.14945 0.0872312 0.0995866 0.0936026 0.070545 0.00022 
0.0127222 0.0383017 0.11351 0.0664198 0.0752004 0.0712207 0.0532003 9e-005 
0.00946768 0.0275079 0.0810474 0.0469254 0.0539133 0.0508017 0.0377182 -0.00017 
0.00640139 0.0186132 0.0545586 0.0318079 0.0368987 0.0343759 0.0254033 0.0002 
0.00392468 0.0116914 0.0348348 0.0201806 0.0230458 0.0223465 0.0163774 0.00037 
0.00204502 0.00760526 0.021457 0.0121527 0.0145703 0.0134786 0.00999257 0.00047 
0.0014271 0.00396994 0.0119751 0.00679202 0.00820173 0.00742046 0.00539196 -0.00032 
0.000938275 0.00217865 0.00703688 0.00352717 0.0040289 0.00457483 0.00318729 0.00027 
23.5
0.314183 0.275481 
0.317558 0.212723 
0.299461 0.284346 
0.304516 0.289825 
0.307952 0.248697 
0.307856 0.261316 
0.305658 0.253798 
0.307403 0.259366 
0.30644 0.257505 
0.306867 0.252392 
0.306823 0.260192 
0.306994 0.257351 
0.306529 0.25439 
0.306875 0.256833 
0.306281 0.255967 
0.307174 0.256457 
0.306687 0.255481 
0.306125 0.259977 
0.305308 0.258808 
0.307043 0.260875 
0.307309 0.247867 
0.306012 0.275036 
0.307812 0.273649 
0.304923 0.277272 
0.303429 0.2422 
0.133674 0.268599 
0.15687 0.441807 
0.16833 0.344319 
0.155292 0.351632 
0.155023 0.327745 
0.154346 0.353391 
0.152943 0.354185 
0.153544 0.339696 
0.15426 0.345703 
0.153316 0.341047 
0.153761 0.344037 
0.153293 0.342034 
0.153732 0.34191 
0.153467 0.346946 
0.153655 0.344788 
0.153513 0.34541 
0.15415 0.34509 
0.15362 0.34762 
0.154258 0.34596 
0.152662 0.339009 
0.152879 0.34063 
0.15242 0.354072 
0.149477 0.353039 
0.150338 0.332508 
0.138472 0.334933 
0.30667 0.260414 
0.306792 0.256226 
0.306523 0.259214 
0.154103 0.344771 
0.153534 0.343739 
0.153357 0.345399 
