0
003
0
0
0
0
0
0
0
0
-1
-42078.6
30.8
-0.871734 0 0 0 0 
-0.864512 0 0 0 0 
-0.822822 0 0 0 0 
-0.802141 0 0 0 0 
-0.768001 0 0 0 0 
-0.747977 0 0 0 0 
-0.735174 0 0 0 0 
-0.722043 0 0 0 0 
0 0 0 0 0 
0 0 0 0 0 
0 0 0 0 0 
0 0 0 0 0 
0 0 0 0 0 
0 0 0 0 0 
0 0 0 0 0 
0 0 0 0 0 
0.000204077 0.000821332 0.00262653 0.00429731 0.00132205 0.00106366 0.00145653 -0.00029 
0.000742784 0.00159817 0.0050969 0.00887539 0.00303358 0.00284665 0.00212051 8e-005 
0.000895342 0.00317514 0.00992579 0.0159864 0.00606574 0.00575968 0.00447392 -4e-005 
0.00133936 0.00539483 0.0175715 0.0284297 0.0108435 0.00970516 0.00790391 0.00032 
0.0032226 0.00864915 0.0283786 0.0468324 0.0173614 0.0156987 0.0120889 0.00031 
0.00446971 0.0137822 0.0447773 0.073798 0.027847 0.0247871 0.019294 -6e-005 
0.00725794 0.0199306 0.0666268 0.108112 0.0407886 0.0367485 0.0282315 0.00046 
0.0098185 0.0281022 0.0921684 0.15199 0.0574177 0.0514791 0.0396135 -0.00028 
0.0129767 0.0370092 0.122491 0.200235 0.0762032 0.0677371 0.0522206 -0.00021 
0.0161961 0.0467611 0.153045 0.249963 0.0940969 0.0841112 0.0649481 0.00011 
0.018518 0.054571 0.180087 0.294837 0.111458 0.0997565 0.077126 -0.00015 
0.0211471 0.0612141 0.201524 0.330023 0.124427 0.111187 0.0863456 0 
0.022718 0.0652697 0.21283 0.348521 0.131919 0.117564 0.0908527 0.00023 
0.022178 0.0647897 0.21331 0.348651 0.131569 0.117284 0.0912027 0.00016 
0.0213071 0.0617441 0.201774 0.329913 0.125237 0.111577 0.0861356 -6e-005 
0.019378 0.054471 0.180167 0.295567 0.111238 0.100046 0.076906 9e-005 
0.0165061 0.0463811 0.152955 0.250363 0.0950169 0.0840012 0.0656181 0.00042 
0.0127767 0.0371392 0.122491 0.200025 0.0760733 0.0674971 0.0527706 -0.00011 
0.0095085 0.0283322 0.0930784 0.1511 0.0577877 0.0508291 0.0399935 3e-005 
0.00683794 0.0201806 0.0659768 0.108612 0.0410286 0.0371185 0.0281815 -0.00026 
0.00513971 0.0136522 0.0453373 0.074028 0.027587 0.0248971 0.019234 4e-005 
0.0025726 0.00832915 0.0292386 0.0470624 0.0182314 0.0161787 0.0122089 -0.0004 
0.00135936 0.00572483 0.0176015 0.0288697 0.0104735 0.0100752 0.00764391 -5e-005 
0.00108534 0.00284514 0.00989579 0.0161264 0.00574574 0.00592968 0.00428392 -1e-005 
0.000992784 0.00185817 0.0054969 0.00937539 0.00335358 0.00325665 0.00276051 0.00036 
0.000691484 0.00110437 0.00348282 0.00218373 0.00166823 0.00165129 0.00197874 -0.00037 
0.000433551 0.00171103 0.0065025 0.00479817 0.00430314 0.0034564 0.00344757 0.00024 
0.000993127 0.00347322 0.0121286 0.00936736 0.00746104 0.00688959 0.00514611 -0.00028 
0.00200352 0.00733753 0.0205307 0.0156524 0.0138616 0.0122351 0.00992179 0.00018 
0.00428083 0.0113686 0.0341827 0.0258497 0.0228194 0.0211371 0.0153147 -0.00032 
0.00594466 0.0175519 0.0532809 0.0400956 0.0353522 0.0327797 0.024967 0.00037 
0.00857466 0.0259349 0.0786075 0.0585373 0.0517584 0.0485789 0.0365943 -0.00045 
0.0125118 0.0369118 0.109616 0.0819487 0.072192 0.0667769 0.0506748 8e-005 
0.0161208 0.0483219 0.144573 0.108638 0.0952725 0.0891953 0.0666745 0.00041 
0.0204723 0.0603568 0.181034 0.134741 0.117971 0.110954 0.0831062 -0.00048 
0.0235807 0.0711322 0.213477 0.159436 0.139921 0.130748 0.0981137 -0.00025 
0.0269466 0.0797634 0.238359 0.177807 0.156506 0.145935 0.109851 0.00027 
0.0287963 0.0844109 0.25284 0.188873 0.164935 0.15513 0.116696 -0.00036 
0.0281563 0.0839609 0.252 0.188263 0.165095 0.1551 0.116846 -0.00036 
0.0272166 0.0791834 0.238659 0.178477 0.156706 0.146765 0.110321 -0.00026 
0.0234907 0.0711722 0.213747 0.159336 0.139731 0.131398 0.0982337 -0.00016 
0.0198923 0.0601868 0.181244 0.135491 0.118671 0.110664 0.0835162 0.00024 
0.0159608 0.0480419 0.144863 0.108128 0.0951925 0.0884753 0.0671845 0.00022 
0.0121318 0.0363019 0.110036 0.0822487 0.071872 0.0673369 0.0506548 9e-005 
0.00904466 0.0260749 0.0785575 0.0582673 0.0515284 0.0480189 0.0358943 -0.00017 
0.00611466 0.0176419 0.0528709 0.0394956 0.0352822 0.0324897 0.024167 0.0002 
0.00374083 0.0110686 0.0337527 0.0251097 0.0220094 0.0211371 0.0155847 0.00037 
0.00193352 0.00722753 0.0208007 0.0151424 0.0139416 0.0127451 0.00951179 0.00047 
0.00136313 0.00375322 0.0115986 0.00850736 0.00784104 0.00699959 0.00511611 -0.00032 
0.000903551 0.00206103 0.0068325 0.00445817 0.00383314 0.0043464 0.00303757 0.00027 
23.5
0.364442 0.249123 
0.365032 0.187827 
0.345413 0.260247 
0.350172 0.265881 
0.35417 0.22446 
0.353514 0.237371 
0.351359 0.229831 
0.352981 0.235463 
0.351985 0.23362 
0.352496 0.228462 
0.352527 0.236223 
0.352638 0.233414 
0.352158 0.230461 
0.352535 0.232887 
0.351837 0.232076 
0.352801 0.232528 
0.352206 0.231609 
0.351678 0.236087 
0.350881 0.234907 
0.352709 0.236926 
0.352724 0.22405 
0.35168 0.251085 
0.353155 0.249869 
0.351246 0.252979 
0.346032 0.219858 
0.17113 0.246146 
0.194633 0.419167 
0.206062 0.321699 
0.191954 0.329654 
0.191546 0.30585 
0.190957 0.331444 
0.189695 0.332153 
0.190299 0.317662 
0.190997 0.32368 
0.190141 0.318971 
0.190619 0.321941 
0.190133 0.319949 
0.190457 0.319894 
0.190276 0.32488 
0.19041 0.322754 
0.190341 0.323332 
0.190922 0.323045 
0.190419 0.32556 
0.191018 0.323923 
0.189557 0.31689 
0.189826 0.318481 
0.189646 0.331756 
0.186248 0.330996 
0.188303 0.309749 
0.17502 0.313024 
0.352382 0.236441 
0.352427 0.232293 
0.352097 0.235313 
0.190798 0.322773 
0.19034 0.321674 
0.190247 0.323284 
