0
003
0
0
0
0
0
0
0
0
1
-42078.6
30.8
-0.904561 0 0 0 0 
-0.897996 0 0 0 0 
-0.856306 0 0 0 0 
-0.835953 0 0 0 0 
-0.800828 0 0 0 0 
-0.78146 0 0 0 0 
-0.768986 0 0 0 0 
-0.756512 0 0 0 0 
0 0 0 0 0 
0 0 0 0 0 
0 0 0 0 0 
0 0 0 0 0 
0 0 0 0 0 
0 0 0 0 0 
0 0 0 0 0 
0 0 0 0 0 
0.000181887 0.000750905 0.00246455 0.00490684 0.00119706 0.000928851 0.00136164 -0.00029 
0.000699564 0.00146099 0.0047814 0.0100626 0.00279013 0.00258407 0.00193571 8e-005 
0.000815709 0.0029224 0.00934449 0.0181738 0.0056172 0.00527588 0.00413342 -4e-005 
0.00120057 0.00495432 0.0165583 0.0322421 0.0100617 0.00886194 0.00731045 0.00032 
0.00299377 0.00792289 0.0267082 0.053118 0.0160724 0.0143084 0.0111104 0.00031 
0.00411282 0.0126495 0.0421721 0.0836012 0.0258368 0.0226189 0.017768 -6e-005 
0.00673141 0.0182595 0.0627833 0.122575 0.0378228 0.0335496 0.0259801 0.00046 
0.00908366 0.02577 0.0868043 0.172175 0.0532786 0.0470147 0.0364714 -0.00028 
0.0120066 0.0339302 0.115409 0.226882 0.0707388 0.0618433 0.0480725 -0.00021 
0.0149845 0.0429159 0.144202 0.283242 0.0872727 0.0767507 0.0597677 0.00011 
0.0170867 0.0500284 0.169639 0.334152 0.103396 0.091061 0.0710061 -0.00015 
0.0195476 0.0561377 0.189849 0.373958 0.115417 0.10147 0.0795066 0 
0.0210272 0.0599033 0.200487 0.394966 0.122395 0.107291 0.0836229 0.00023 
0.0204872 0.0594233 0.200967 0.395096 0.122045 0.107011 0.0839729 0.00016 
0.0197076 0.0566677 0.190099 0.373848 0.116227 0.10186 0.0792966 -6e-005 
0.0179467 0.0499284 0.169719 0.334882 0.103176 0.091351 0.0707861 9e-005 
0.0152945 0.0425359 0.144112 0.283642 0.0881927 0.0766407 0.0604377 0.00042 
0.0118066 0.0340602 0.115409 0.226672 0.0706088 0.0616033 0.0486225 -0.00011 
0.00877366 0.026 0.0877143 0.171285 0.0536486 0.0463647 0.0368514 3e-005 
0.00631141 0.0185095 0.0621333 0.123075 0.0380628 0.0339196 0.0259301 -0.00026 
0.00478282 0.0125195 0.0427321 0.0838312 0.0255768 0.0227289 0.017708 4e-005 
0.00234377 0.00760289 0.0275682 0.053348 0.0169424 0.0147884 0.0112304 -0.0004 
0.00122057 0.00528432 0.0165883 0.0326821 0.0096917 0.00923194 0.00705045 -5e-005 
0.00100571 0.0025924 0.00931449 0.0183138 0.0052972 0.00544588 0.00394342 -1e-005 
0.000949564 0.00172099 0.0051814 0.0105626 0.00311013 0.00299407 0.00257571 0.00036 
0.000672367 0.00104064 0.0033635 0.00269945 0.00156048 0.00152795 0.00189648 -0.00037 
0.000396316 0.0015869 0.00627008 0.00580265 0.00409327 0.00321617 0.00328737 0.00024 
0.000924522 0.00324451 0.0117004 0.0112181 0.00707436 0.00644697 0.00485093 -0.00028 
0.00188395 0.00693892 0.0197844 0.0188781 0.0131877 0.0114636 0.00940732 0.00018 
0.0040837 0.0107114 0.0329522 0.031168 0.0217082 0.0198653 0.0144665 -0.00032 
0.0056372 0.0165269 0.0513618 0.0483901 0.0336192 0.030796 0.0236441 0.00037 
0.00812105 0.0244227 0.0757761 0.0707745 0.0492016 0.0456523 0.0346425 -0.00045 
0.0118788 0.0348014 0.105664 0.099027 0.0686237 0.0626926 0.047951 8e-005 
0.015285 0.0455357 0.139356 0.131185 0.0905617 0.0838031 0.0630785 0.00041 
0.0194286 0.0568772 0.174519 0.162898 0.112088 0.10422 0.0786153 -0.00048 
0.0223477 0.0670216 0.205781 0.1927 0.132971 0.122793 0.0928083 -0.00025 
0.0255686 0.0751697 0.229757 0.21498 0.14874 0.137045 0.103923 0.00027 
0.0273396 0.0795548 0.243748 0.22817 0.156724 0.145732 0.110429 -0.00036 
0.0266996 0.0791048 0.242908 0.22756 0.156884 0.145702 0.110579 -0.00036 
0.0258386 0.0745897 0.230057 0.21565 0.14894 0.137875 0.104393 -0.00026 
0.0222577 0.0670616 0.206051 0.1926 0.132781 0.123443 0.0929283 -0.00016 
0.0188486 0.0567072 0.174729 0.163648 0.112788 0.10393 0.0790253 0.00024 
0.015125 0.0452557 0.139646 0.130675 0.0904817 0.0830832 0.0635885 0.00022 
0.0114988 0.0341914 0.106084 0.099327 0.0683037 0.0632526 0.047931 9e-005 
0.00859105 0.0245627 0.0757261 0.0705045 0.0489716 0.0450923 0.0339425 -0.00017 
0.0058072 0.0166169 0.0509518 0.0477901 0.0335492 0.030506 0.0228441 0.0002 
0.0035437 0.0104114 0.0325222 0.030428 0.0208982 0.0198653 0.0147365 0.00037 
0.00181395 0.00682892 0.0200544 0.0183681 0.0132677 0.0119736 0.00899732 0.00047 
0.00129452 0.00352451 0.0111704 0.0103581 0.00745436 0.00655697 0.00482093 -0.00032 
0.000866316 0.0019369 0.00660008 0.00546265 0.00362327 0.00410617 0.00287737 0.00027 
23.5
0.416125 0.222841 
0.413852 0.163002 
0.392668 0.236217 
0.397122 0.242005 
0.401697 0.200292 
0.400467 0.213495 
0.398356 0.205933 
0.399851 0.21163 
0.398821 0.209803 
0.399419 0.204602 
0.399527 0.212323 
0.399576 0.209545 
0.39908 0.206601 
0.399489 0.20901 
0.398684 0.208253 
0.399721 0.208669 
0.399015 0.207806 
0.398522 0.212266 
0.397747 0.211076 
0.399669 0.213046 
0.399426 0.200301 
0.398643 0.227204 
0.399784 0.226158 
0.398881 0.228755 
0.389843 0.19758 
0.211541 0.222864 
0.235375 0.395692 
0.24677 0.298245 
0.231508 0.306864 
0.230951 0.283147 
0.230456 0.308686 
0.229347 0.309307 
0.229954 0.294815 
0.230633 0.300843 
0.229872 0.29608 
0.230386 0.299029 
0.22988 0.297049 
0.23008 0.297065 
0.229989 0.301998 
0.230065 0.299906 
0.230074 0.30044 
0.230596 0.300187 
0.230121 0.302685 
0.230677 0.301073 
0.229364 0.293956 
0.229688 0.295515 
0.22981 0.308615 
0.225919 0.308139 
0.229264 0.286149 
0.214451 0.290306 
0.39939 0.212537 
0.399357 0.208429 
0.398963 0.211481 
0.230389 0.299963 
0.230049 0.298795 
0.230047 0.300353 
