0
003
0
0
0
0
0
0
0
0
-1
-42078.6
30.8
-0.857947 0 0 0 0 
-0.851053 0 0 0 0 
-0.811333 0 0 0 0 
-0.79295 0 0 0 0 
-0.759466 0 0 0 0 
-0.741411 0 0 0 0 
-0.729265 0 0 0 0 
-0.717776 0 0 0 0 
0 0 0 0 0 
0 0 0 0 0 
0 0 0 0 0 
0 0 0 0 0 
0 0 0 0 0 
0 0 0 0 0 
0 0 0 0 0 
0 0 0 0 0 
0.000159398 0.000680353 0.00229491 0.00552713 0.00107041 0.000794165 0.00126562 -0.00029 
0.00065576 0.00132358 0.00445099 0.0112708 0.00254344 0.00232173 0.00174868 8e-005 
0.000735003 0.00266921 0.00873572 0.0203998 0.00516267 0.00479254 0.00378883 -4e-005 
0.00105991 0.00451305 0.0154973 0.0361219 0.00926949 0.00801952 0.00670986 0.00032 
0.00276185 0.00719535 0.0249588 0.0595147 0.0147663 0.0129195 0.0101202 0.00031 
0.00375112 0.0115148 0.0394438 0.0935775 0.0237997 0.0204527 0.0162236 -6e-005 
0.00619777 0.0165854 0.0587581 0.137293 0.0348174 0.0303537 0.0237016 0.00046 
0.00833892 0.0234337 0.0811867 0.192716 0.0490843 0.0425545 0.0332916 -0.00028 
0.0110234 0.0308458 0.107993 0.254001 0.0652015 0.0559549 0.0438745 -0.00021 
0.0137567 0.039064 0.13494 0.317109 0.0803574 0.069397 0.0545251 0.00011 
0.0156362 0.0454779 0.158697 0.374161 0.0952263 0.0823737 0.0648127 -0.00015 
0.0179266 0.0510523 0.177621 0.418669 0.106288 0.0917619 0.0725853 0 
0.0193136 0.0545274 0.187561 0.442231 0.112744 0.0970286 0.0763062 0.00023 
0.0187736 0.0540474 0.188041 0.442361 0.112394 0.0967486 0.0766562 0.00016 
0.0180866 0.0515823 0.177871 0.418559 0.107098 0.0921519 0.0723753 -6e-005 
0.0164962 0.0453779 0.158777 0.374891 0.0950063 0.0826637 0.0645927 9e-005 
0.0140667 0.038684 0.13485 0.317509 0.0812774 0.069287 0.0551951 0.00042 
0.0108234 0.0309758 0.107993 0.253791 0.0650715 0.0557149 0.0444245 -0.00011 
0.00802892 0.0236637 0.0820967 0.191826 0.0494543 0.0419045 0.0336716 3e-005 
0.00577777 0.0168354 0.0581081 0.137793 0.0350574 0.0307237 0.0236516 -0.00026 
0.00442112 0.0113848 0.0400038 0.0938075 0.0235397 0.0205627 0.0161636 4e-005 
0.00211185 0.00687535 0.0258188 0.0597447 0.0156363 0.0133995 0.0102402 -0.0004 
0.00107991 0.00484305 0.0155273 0.0365619 0.00889949 0.00838952 0.00644986 -5e-005 
0.000925003 0.00233921 0.00870572 0.0205398 0.00484267 0.00496254 0.00359883 -1e-005 
0.00090576 0.00158358 0.00485099 0.0117708 0.00286344 0.00273173 0.00238868 0.00036 
0.00065215 0.000974209 0.00323096 0.00324778 0.00144655 0.00139978 0.00180966 -0.00037 
0.00035694 0.0014575 0.00601193 0.00687065 0.00387137 0.00296653 0.00311826 0.00024 
0.000851973 0.0030061 0.0112247 0.0131859 0.00666552 0.005987 0.00453936 -0.00028 
0.0017575 0.00652339 0.0189554 0.0223077 0.0124751 0.010662 0.00886427 0.00018 
0.00387522 0.0100263 0.0315854 0.0368225 0.0205334 0.0185435 0.0135712 -0.00032 
0.00531205 0.0154584 0.0492301 0.0572089 0.0317869 0.0287346 0.0222478 0.00037 
0.00764135 0.0228463 0.0726312 0.0837853 0.0464984 0.042611 0.0325824 -0.00045 
0.0112093 0.0326014 0.101275 0.117185 0.064851 0.0584481 0.0450758 8e-005 
0.0144012 0.0426312 0.133561 0.155157 0.085581 0.0781996 0.0592827 0.00041 
0.0183248 0.05325 0.167283 0.192836 0.105868 0.0972225 0.073875 -0.00048 
0.0210437 0.0627366 0.197232 0.228067 0.125623 0.114526 0.0872083 -0.00025 
0.0241114 0.0703811 0.220204 0.254503 0.140528 0.127806 0.0976645 0.00027 
0.0257991 0.0744926 0.233648 0.269951 0.148043 0.135965 0.103813 -0.00036 
0.0251591 0.0740426 0.232808 0.269341 0.148203 0.135935 0.103963 -0.00036 
0.0243814 0.0698011 0.220504 0.255173 0.140728 0.128636 0.0981345 -0.00026 
0.0209537 0.0627766 0.197502 0.227967 0.125433 0.115176 0.0873283 -0.00016 
0.0177448 0.05308 0.167493 0.193586 0.106568 0.0969325 0.074285 0.00024 
0.0142412 0.0423512 0.133851 0.154647 0.085501 0.0774796 0.0597927 0.00022 
0.0108293 0.0319914 0.101695 0.117485 0.064531 0.0590081 0.0450558 9e-005 
0.00811135 0.0229863 0.0725812 0.0835153 0.0462684 0.042051 0.0318824 -0.00017 
0.00548205 0.0155484 0.0488201 0.0566089 0.0317169 0.0284446 0.0214478 0.0002 
0.00333522 0.00972629 0.0311554 0.0360825 0.0197234 0.0185435 0.0138412 0.00037 
0.0016875 0.00641338 0.0192254 0.0217977 0.0125551 0.011172 0.00845427 0.00047 
0.00122197 0.0032861 0.0106947 0.0123259 0.00704552 0.006097 0.00450936 -0.00032 
0.00082694 0.0018075 0.00634193 0.00653065 0.00340137 0.00385653 0.00270826 0.00027 
23.5
0.468719 0.196895 
0.463532 0.138496 
0.440755 0.212495 
0.4449 0.218436 
0.450061 0.176433 
0.448247 0.189925 
0.446181 0.182341 
0.447546 0.188101 
0.446482 0.186292 
0.447168 0.181047 
0.447355 0.18873 
0.447342 0.185983 
0.446828 0.183046 
0.447271 0.185439 
0.446356 0.184737 
0.447468 0.185115 
0.446649 0.184309 
0.446191 0.188751 
0.445438 0.18755 
0.447457 0.189472 
0.446951 0.176857 
0.446433 0.203629 
0.447235 0.20275 
0.447356 0.204842 
0.434426 0.175587 
0.254506 0.198985 
0.278692 0.371614 
0.290051 0.274188 
0.273562 0.283489 
0.272845 0.259862 
0.272451 0.285344 
0.271505 0.285875 
0.272115 0.271381 
0.272773 0.277421 
0.272114 0.272601 
0.272665 0.27553 
0.272138 0.273561 
0.272207 0.27365 
0.272212 0.27853 
0.272226 0.276472 
0.272318 0.27696 
0.272776 0.276743 
0.272331 0.279224 
0.272843 0.277636 
0.271686 0.270432 
0.272068 0.271959 
0.272511 0.284881 
0.268097 0.284695 
0.272814 0.261944 
0.256373 0.267005 
0.447227 0.188939 
0.447113 0.184871 
0.446655 0.187955 
0.272481 0.276568 
0.272269 0.275329 
0.272362 0.276833 
