0
003
0
0
0
0
0
0
0
0
1
-42078.6
30.8
-1.62446 0 0 0 0 
-1.61986 0 0 0 0 
-1.54764 0 0 0 0 
-1.51449 0 0 0 0 
-1.47181 0 0 0 0 
-1.45113 0 0 0 0 
-1.43406 0 0 0 0 
-1.41338 0 0 0 0 
0 0 0 0 0 
0 0 0 0 0 
0 0 0 0 0 
0 0 0 0 0 
0 0 0 0 0 
0 0 0 0 0 
0 0 0 0 0 
0 0 0 0 0 
-6.51519e-005 8.79945e-005 -0.000140418 0.0120649 -0.000191629 -0.000286599 0.000325442 -0.00029 
0.000218397 0.000169822 -0.000292381 0.0240045 8.53287e-005 0.000216693 -8.25369e-005 8e-005 
-7.08287e-005 0.000543442 -3.83892e-006 0.0438614 0.000633658 0.000914049 0.000414848 -4e-005 
-0.000344583 0.000808021 0.000265029 0.0770134 0.00137585 0.00125966 0.000829319 0.00032 
0.00044624 0.00108679 -0.000154939 0.126933 0.0017519 0.0017744 0.000424852 0.00031 
0.000139638 0.00198773 0.000275781 0.198725 0.00350211 0.00307051 0.00110252 -6e-005 
0.000869602 0.0025298 0.000971939 0.292422 0.00487156 0.00470906 0.00139282 0.00046 
0.000902856 0.00381744 0.000539635 0.409215 0.00729145 0.00676456 0.00215713 -0.00028 
0.00120633 0.00494858 0.00152331 0.539822 0.0100269 0.00870525 0.00277103 -0.00021 
0.00149666 0.00672228 0.00197514 0.674056 0.0114527 0.0103893 0.003193 0.00011 
0.0011527 0.00727066 0.00161807 0.795844 0.013825 0.0126644 0.004171 -0.00015 
0.00174105 0.00835506 0.0020823 0.889908 0.0153202 0.0138603 0.00481705 0 
0.00220337 0.00939093 0.00199412 0.940392 0.0165794 0.0146767 0.00466652 0.00023 
0.00166337 0.00891093 0.00247412 0.940522 0.0162294 0.0143967 0.00501652 0.00016 
0.00190105 0.00888506 0.0023323 0.889798 0.0161302 0.0142503 0.00460705 -6e-005 
0.0020127 0.00717066 0.00169807 0.796574 0.013605 0.0129544 0.003951 9e-005 
0.00180666 0.00634228 0.00188514 0.674456 0.0123727 0.0102793 0.003863 0.00042 
0.00100633 0.00507858 0.00152331 0.539612 0.00989691 0.00846525 0.00332103 -0.00011 
0.000592856 0.00404744 0.00144963 0.408325 0.00766145 0.00611456 0.00253713 3e-005 
0.000449602 0.0027798 0.000321939 0.292922 0.00511156 0.00507906 0.00134282 -0.00026 
0.000809638 0.00185773 0.000835781 0.198955 0.00324211 0.00318051 0.00104252 4e-005 
-0.00020376 0.00076679 0.000705061 0.127163 0.0026219 0.0022544 0.000544852 -0.0004 
-0.000324583 0.00113802 0.000295029 0.0774534 0.00100585 0.00162966 0.000569319 -5e-005 
0.000119171 0.000213442 -3.38389e-005 0.0440014 0.000313658 0.00108405 0.000224848 -1e-005 
0.000468397 0.000429822 0.000107619 0.0245045 0.000405329 0.000626693 0.000557463 0.00036 
0.000336222 6.0661e-005 0.00033476 0.0121998 -0.000330915 -0.000309592 0.000473612 -0.00037 
-0.000258403 -0.000321848 0.000370909 0.0243069 0.000409333 -0.000362863 0.00051599 0.00024 
-0.000281784 -0.000272308 0.000831268 0.0453117 0.000286789 -0.000147329 -0.000255265 -0.00028 
-0.000218534 0.000809417 0.000840527 0.0783001 0.00135758 -2.96166e-005 0.000507686 0.00018 
0.000617289 0.000605552 0.00171905 0.129138 0.00220365 0.000916069 -0.000206507 -0.00032 
0.000230908 0.000765626 0.00264988 0.201187 0.00319944 0.00124239 0.000759758 0.00037 
0.000144928 0.00116938 0.00390948 0.296202 0.0043221 0.00205067 0.000880272 -0.00045 
0.00074721 0.00234882 0.00536611 0.413636 0.00598933 0.00184161 0.000831923 8e-005 
0.000589221 0.00269203 0.00694312 0.54653 0.0078722 0.00346817 0.000872289 0.00041 
0.00107571 0.00337198 0.00915561 0.681601 0.00882174 0.00389417 0.000929173 -0.00048 
0.000666343 0.00381264 0.0104271 0.805475 0.010976 0.00427135 0.00103298 -0.00025 
0.00133931 0.00453245 0.0114459 0.899768 0.0124077 0.00459504 0.00136196 0.00027 
0.00172611 0.00488224 0.0129644 0.952078 0.0126039 0.00571497 0.00200919 -0.00036 
0.00108611 0.00443224 0.0121244 0.951468 0.0127639 0.00568497 0.00215919 -0.00036 
0.00160931 0.00395245 0.0117459 0.900438 0.0126077 0.00542504 0.00183196 -0.00026 
0.000576343 0.00385264 0.0106971 0.805375 0.010786 0.00492135 0.00115298 -0.00016 
0.00049571 0.00320198 0.00936561 0.682351 0.00952174 0.00360417 0.00133917 0.00024 
0.000429221 0.00241203 0.00723312 0.54602 0.0077922 0.00274817 0.00138229 0.00022 
0.00036721 0.00173882 0.00578611 0.413936 0.00566933 0.00240161 0.000811923 9e-005 
0.000614928 0.00130938 0.00385948 0.295932 0.0040921 0.00149067 0.000180272 -0.00017 
0.000400908 0.000855626 0.00223988 0.200587 0.00312944 0.000952395 -4.0242e-005 0.0002 
7.7289e-005 0.000305552 0.00128905 0.128398 0.00139365 0.000916069 6.34934e-005 0.00037 
-0.000288534 0.000699417 0.00111053 0.0777901 0.00143758 0.000480383 9.76862e-005 0.00047 
8.82164e-005 7.69162e-006 0.000301268 0.0444517 0.000666789 -3.73285e-005 -0.000285265 -0.00032 
0.000211597 2.81516e-005 0.000700909 0.0239669 -6.06669e-005 0.000527137 0.00010599 0.00027 
23.5
1.02292 0.0314878 
0.987034 -0.0177366 
0.947479 0.0612567 
0.948363 0.0681694 
0.959707 0.0243296 
0.951733 0.039657 
0.950141 0.0319326 
0.950142 0.0380992 
0.948715 0.0363988 
0.950332 0.030877 
0.951345 0.0383113 
0.950671 0.0357622 
0.949984 0.0328783 
0.950778 0.0351657 
0.948709 0.0348079 
0.950604 0.0349527 
0.948595 0.0345013 
0.948513 0.038831 
0.947988 0.0375617 
0.951024 0.0391803 
0.947751 0.0273934 
0.950025 0.0533265 
0.947249 0.0535158 
0.958162 0.0523867 
0.904231 0.0353748 
0.955757 -0.0778726 
0.985681 0.0924402 
0.996451 -0.00472725 
0.959946 0.0124762 
0.956627 -0.0101172 
0.957874 0.0147102 
0.95958 0.0141935 
0.960245 -0.000318198 
0.960565 0.00585371 
0.96156 0.000382156 
0.962725 0.00306727 
0.961855 0.00123455 
0.959777 0.00217165 
0.961352 0.00643034 
0.960354 0.00477262 
0.961801 0.00472468 
0.961221 0.00491758 
0.961274 0.00720148 
0.961053 0.00590403 
0.962447 -0.0023051 
0.963781 -0.00115486 
0.969458 0.00969656 
0.956508 0.0128819 
0.983595 -0.0186967 
0.940615 -0.00315646 
0.951305 0.0384948 
0.950346 0.0346793 
0.949214 0.0379638 
0.959485 0.00531147 
0.961346 0.00325475 
0.963005 0.00414063 
