0
003
0
0
0
0
0
0
0
0
-1
-42078.6
30.8
-0.853351 0 0 0 0 
-0.846129 0 0 0 0 
-0.804767 0 0 0 0 
-0.784743 0 0 0 0 
-0.750275 0 0 0 0 
-0.73025 0 0 0 0 
-0.717119 0 0 0 0 
-0.704317 0 0 0 0 
0 0 0 0 0 
0 0 0 0 0 
0 0 0 0 0 
0 0 0 0 0 
0 0 0 0 0 
0 0 0 0 0 
0 0 0 0 0 
0 0 0 0 0 
0.000136833 0.000610379 0.0021193 0.00615203 0.000943339 0.000660944 0.00116941 -0.00029 
0.00061181 0.00118729 0.00410896 0.0124879 0.00229594 0.00206225 0.00156129 8e-005 
0.000654025 0.0024181 0.00810553 0.0226423 0.00470667 0.00431445 0.00344356 -4e-005 
0.000918771 0.00407538 0.0143989 0.0400304 0.00847473 0.00718626 0.0061081 0.00032 
0.00252916 0.00647376 0.0231479 0.0659587 0.013456 0.0115457 0.00912809 0.00031 
0.00338821 0.0103894 0.0366194 0.103628 0.0217561 0.0183101 0.0146763 -6e-005 
0.00566235 0.0149251 0.0545912 0.152121 0.0318024 0.0271926 0.0214187 0.00046 
0.00759167 0.0211164 0.0753714 0.213409 0.0448764 0.0381429 0.0301056 -0.00028 
0.0100369 0.0277866 0.100316 0.28132 0.0596463 0.0501307 0.0396684 -0.00021 
0.0125246 0.0352435 0.125352 0.351227 0.0734198 0.0621234 0.0492722 0.00011 
0.0141807 0.0409645 0.14737 0.414466 0.0870305 0.073781 0.0586071 -0.00015 
0.0163001 0.0460086 0.164963 0.463711 0.0971288 0.0821593 0.0656504 0 
0.0175942 0.0491955 0.17418 0.489847 0.103062 0.0868775 0.0689752 0.00023 
0.0170542 0.0487155 0.17466 0.489977 0.102712 0.0865975 0.0693252 0.00016 
0.0164601 0.0465386 0.165213 0.463601 0.0979388 0.0825493 0.0654405 -6e-005 
0.0150407 0.0408645 0.14745 0.415196 0.0868105 0.074071 0.0583871 9e-005 
0.0128346 0.0348635 0.125262 0.351627 0.0743398 0.0620134 0.0499422 0.00042 
0.00983685 0.0279166 0.100316 0.28111 0.0595163 0.0498907 0.0402184 -0.00011 
0.00728167 0.0213464 0.0762814 0.212519 0.0452464 0.0374929 0.0304856 3e-005 
0.00524235 0.0151751 0.0539412 0.152621 0.0320424 0.0275626 0.0213687 -0.00026 
0.00405821 0.0102594 0.0371794 0.103858 0.0214961 0.0184201 0.0146163 4e-005 
0.00187916 0.00615376 0.0240079 0.0661887 0.014326 0.0120257 0.00924809 -0.0004 
0.000938771 0.00440538 0.0144289 0.0404704 0.00810473 0.00755626 0.0058481 -5e-005 
0.000844025 0.0020881 0.00807553 0.0227823 0.00438667 0.00448445 0.00325356 -1e-005 
0.00086181 0.00144729 0.00450896 0.0129879 0.00261594 0.00247225 0.00220129 0.00036 
0.000631035 0.000905729 0.00308653 0.00382326 0.00132759 0.00126804 0.00171913 -0.00037 
0.000315814 0.00132412 0.00573062 0.00799153 0.00363965 0.00270995 0.00294193 0.00024 
0.000776199 0.00276035 0.0107064 0.0152511 0.00623858 0.00551427 0.00421448 -0.00028 
0.00162543 0.00609506 0.018052 0.0259072 0.011731 0.00983803 0.00829805 0.00018 
0.00365748 0.00932011 0.030096 0.042757 0.0193066 0.0171851 0.0126376 -0.00032 
0.00497246 0.0143571 0.0469072 0.0664645 0.0298735 0.0266159 0.0207918 0.00037 
0.00714033 0.0212214 0.0692041 0.0974404 0.0436755 0.0394852 0.0304343 -0.00045 
0.0105101 0.0303336 0.0964921 0.136242 0.0609114 0.0540857 0.0420779 8e-005 
0.0134781 0.0396374 0.127247 0.180317 0.0803799 0.0724405 0.0553249 0.00041 
0.017172 0.0495111 0.159397 0.224256 0.0993729 0.0900302 0.0689323 -0.00048 
0.0196818 0.0583196 0.187916 0.265186 0.11795 0.106029 0.0813692 -0.00025 
0.0225895 0.065445 0.209793 0.295984 0.131953 0.118311 0.0911392 0.00027 
0.0241902 0.0692746 0.222643 0.313801 0.138978 0.125927 0.0969152 -0.00036 
0.0235502 0.0688246 0.221803 0.313191 0.139138 0.125897 0.0970652 -0.00036 
0.0228595 0.064865 0.210093 0.296654 0.132153 0.119141 0.0916092 -0.00026 
0.0195918 0.0583596 0.188186 0.265085 0.11776 0.106679 0.0814892 -0.00016 
0.016592 0.0493411 0.159607 0.225006 0.100073 0.0897402 0.0693423 0.00024 
0.0133181 0.0393574 0.127537 0.179807 0.0802999 0.0717205 0.0558349 0.00022 
0.0101301 0.0297236 0.0969121 0.136542 0.0605914 0.0546457 0.0420579 9e-005 
0.00761033 0.0213614 0.0691541 0.0971704 0.0434455 0.0389252 0.0297343 -0.00017 
0.00514246 0.0144471 0.0464972 0.0658645 0.0298035 0.0263259 0.0199918 0.0002 
0.00311748 0.00902011 0.029666 0.042017 0.0184966 0.0171851 0.0129076 0.00037 
0.00155543 0.00598506 0.018322 0.0253972 0.011811 0.010348 0.00788805 0.00047 
0.0011462 0.00304035 0.0101764 0.0143911 0.00661858 0.00562427 0.00418448 -0.00032 
0.000785814 0.00167412 0.00606062 0.00765153 0.00316966 0.00359995 0.00253193 0.00027 
23.5
0.521701 0.171545 
0.513578 0.114551 
0.489197 0.189317 
0.49303 0.195406 
0.498783 0.153122 
0.49638 0.166895 
0.494359 0.159289 
0.495594 0.165112 
0.494495 0.16332 
0.49527 0.158032 
0.495536 0.165677 
0.495459 0.16296 
0.494929 0.160032 
0.495406 0.162408 
0.49438 0.161759 
0.495567 0.162102 
0.494634 0.161349 
0.494212 0.165775 
0.493481 0.164563 
0.495597 0.166439 
0.494827 0.153951 
0.494576 0.180594 
0.495035 0.179879 
0.496189 0.181477 
0.479338 0.154099 
0.299598 0.174746 
0.324152 0.347173 
0.335473 0.249769 
0.317697 0.259762 
0.316813 0.236226 
0.316524 0.26165 
0.315749 0.262089 
0.316362 0.247594 
0.316999 0.253646 
0.316446 0.248769 
0.317037 0.251676 
0.316488 0.249719 
0.316418 0.249882 
0.316524 0.254708 
0.316473 0.252685 
0.316652 0.253126 
0.317043 0.252945 
0.316631 0.255408 
0.317096 0.253846 
0.316103 0.246554 
0.316546 0.248048 
0.317325 0.260788 
0.312363 0.260898 
0.318518 0.237373 
0.300371 0.243352 
0.495416 0.165882 
0.495221 0.161853 
0.494699 0.164967 
0.316656 0.252819 
0.316577 0.251509 
0.316771 0.252959 
