0
003
0
0
0
0
0
0
0
0
1
-42078.6
30.8
-0.838579 0 0 0 0 
-0.831357 0 0 0 0 
-0.79098 0 0 0 0 
-0.770627 0 0 0 0 
-0.736487 0 0 0 0 
-0.716135 0 0 0 0 
-0.703004 0 0 0 0 
-0.690201 0 0 0 0 
0 0 0 0 0 
0 0 0 0 0 
0 0 0 0 0 
0 0 0 0 0 
0 0 0 0 0 
0 0 0 0 0 
0 0 0 0 0 
0 0 0 0 0 
0.000114416 0.000541678 0.00193947 0.00677531 0.000817126 0.000530512 0.00107397 -0.00029 
0.000568148 0.00105348 0.0037587 0.0137019 0.00205012 0.00180821 0.0013754 8e-005 
0.00057358 0.00217155 0.00746018 0.0248791 0.00425373 0.00384638 0.00310106 -4e-005 
0.000778562 0.00364567 0.0132741 0.0439289 0.00768531 0.00637045 0.00551114 0.00032 
0.00229799 0.00576529 0.0212934 0.0723862 0.0121544 0.0102007 0.00814387 0.00031 
0.00302768 0.00928443 0.0337272 0.113652 0.0197262 0.0162123 0.0131413 -6e-005 
0.00513044 0.0132949 0.0503242 0.16691 0.0288076 0.0240977 0.0191541 0.00046 
0.00684934 0.0188414 0.0694162 0.23405 0.0406968 0.0338236 0.026945 -0.00028 
0.00905683 0.024783 0.0924537 0.30857 0.0541285 0.0444284 0.0354958 -0.00021 
0.0113007 0.0314925 0.115533 0.385257 0.0665288 0.0550021 0.0440613 0.00011 
0.0127349 0.0365333 0.135771 0.454668 0.0788898 0.0653681 0.0524512 -0.00015 
0.0146843 0.0410566 0.152001 0.508637 0.0880314 0.0727578 0.058771 0 
0.0158861 0.0439606 0.160477 0.53734 0.0934444 0.0769389 0.0617028 0.00023 
0.0153461 0.0434806 0.160957 0.53747 0.0930944 0.0766589 0.0620528 0.00016 
0.0148443 0.0415866 0.152251 0.508527 0.0888414 0.0731478 0.058561 -6e-005 
0.0135949 0.0364333 0.135851 0.455398 0.0786698 0.0656581 0.0522312 9e-005 
0.0116107 0.0311125 0.115443 0.385657 0.0674488 0.0548921 0.0447313 0.00042 
0.00885683 0.024913 0.0924537 0.30836 0.0539985 0.0441884 0.0360458 -0.00011 
0.00653934 0.0190714 0.0703262 0.23316 0.0410668 0.0331736 0.027325 3e-005 
0.00471044 0.0135449 0.0496742 0.16741 0.0290476 0.0244677 0.0191041 -0.00026 
0.00369768 0.00915443 0.0342872 0.113882 0.0194662 0.0163223 0.0130813 4e-005 
0.00164799 0.00544529 0.0221534 0.0726162 0.0130244 0.0106807 0.00826387 -0.0004 
0.000798562 0.00397567 0.0133041 0.0443689 0.00731531 0.00674045 0.00525114 -5e-005 
0.00076358 0.00184155 0.00743018 0.0250191 0.00393373 0.00401638 0.00291106 -1e-005 
0.000818148 0.00131348 0.0041587 0.0142019 0.00237012 0.00221821 0.0020154 0.00036 
0.000609232 0.000835884 0.00293164 0.00442017 0.00120476 0.00113406 0.0016258 -0.00037 
0.000273348 0.00118808 0.00542893 0.00915417 0.00340042 0.00244899 0.00276014 0.00024 
0.000697955 0.0025097 0.0101506 0.0173932 0.0057978 0.00503345 0.00387953 -0.00028 
0.00148906 0.00565821 0.0170832 0.0296407 0.0109628 0.00900001 0.00771426 0.00018 
0.00343264 0.00859985 0.0284987 0.0489125 0.0180399 0.0158034 0.0116751 -0.00032 
0.00462179 0.0132337 0.0444161 0.0760649 0.0278981 0.024461 0.0192906 0.00037 
0.00662298 0.0195641 0.0655288 0.111604 0.040761 0.0363061 0.0282196 -0.00045 
0.00978806 0.0280207 0.0913628 0.15601 0.056844 0.0496489 0.0389871 8e-005 
0.0125249 0.0365838 0.120475 0.206413 0.0750101 0.066583 0.0512444 0.00041 
0.0159815 0.0456977 0.15094 0.256847 0.0926668 0.082715 0.0638364 -0.00048 
0.0182755 0.0538146 0.177926 0.303687 0.110027 0.0973872 0.0753491 -0.00025 
0.0210179 0.0604106 0.198629 0.33901 0.123099 0.108654 0.0844116 0.00027 
0.0225289 0.0639526 0.210841 0.359285 0.129619 0.115718 0.0898033 -0.00036 
0.0218889 0.0635026 0.210001 0.358675 0.129779 0.115688 0.0899533 -0.00036 
0.0212879 0.0598306 0.198929 0.33968 0.123299 0.109484 0.0848816 -0.00026 
0.0181855 0.0538546 0.178196 0.303587 0.109837 0.0980372 0.0754691 -0.00016 
0.0154015 0.0455277 0.15115 0.257597 0.0933668 0.082425 0.0642464 0.00024 
0.0123649 0.0363038 0.120765 0.205903 0.0749301 0.065863 0.0517544 0.00022 
0.00940806 0.0274107 0.0917828 0.15631 0.056524 0.0502089 0.0389671 9e-005 
0.00709298 0.0197041 0.0654788 0.111334 0.040531 0.0357461 0.0275196 -0.00017 
0.00479179 0.0133237 0.0440061 0.0754649 0.0278281 0.024171 0.0184906 0.0002 
0.00289264 0.00829985 0.0280687 0.0481725 0.0172299 0.0158034 0.0119451 0.00037 
0.00141906 0.00554821 0.0173532 0.0291307 0.0110428 0.00951001 0.00730426 0.00047 
0.00106796 0.0027897 0.00962056 0.0165332 0.0061778 0.00514345 0.00384953 -0.00032 
0.000743348 0.00153808 0.00575893 0.00881417 0.00293042 0.00333899 0.00235014 0.00027 
23.5
0.574545 0.147041 
0.563494 0.0914066 
0.537513 0.166913 
0.541035 0.173146 
0.547377 0.130589 
0.544386 0.144635 
0.542411 0.137008 
0.543516 0.142891 
0.542382 0.141115 
0.543246 0.135786 
0.543591 0.143394 
0.543451 0.140707 
0.542905 0.137786 
0.543415 0.140147 
0.542279 0.139548 
0.543541 0.139857 
0.542494 0.139157 
0.542108 0.143565 
0.541399 0.142344 
0.543612 0.144175 
0.542577 0.131809 
0.542593 0.158328 
0.542711 0.157771 
0.544893 0.158893 
0.524133 0.133328 
0.346367 0.150388 
0.371304 0.322612 
0.382586 0.225231 
0.363475 0.235919 
0.362417 0.212473 
0.362237 0.23784 
0.361639 0.238187 
0.362256 0.22369 
0.36287 0.229753 
0.362428 0.224819 
0.363059 0.227705 
0.362487 0.22576 
0.362275 0.225998 
0.362486 0.230769 
0.362367 0.228781 
0.362636 0.229175 
0.362958 0.22903 
0.362579 0.231476 
0.362995 0.22994 
0.362172 0.222559 
0.362679 0.22402 
0.363807 0.236578 
0.358275 0.236984 
0.365923 0.212683 
0.346005 0.219584 
0.543479 0.143596 
0.543204 0.139603 
0.542618 0.142748 
0.362474 0.228955 
0.362534 0.227572 
0.362832 0.228968 
