0
003
0
0
0
0
0
0
0
0
-1
-42078.6
30.8
-0.839892 0 0 0 0 
-0.832014 0 0 0 0 
-0.790652 0 0 0 0 
-0.769971 0 0 0 0 
-0.734846 0 0 0 0 
-0.714821 0 0 0 0 
-0.700706 0 0 0 0 
-0.687903 0 0 0 0 
0 0 0 0 0 
0 0 0 0 0 
0 0 0 0 0 
0 0 0 0 0 
0 0 0 0 0 
0 0 0 0 0 
0 0 0 0 0 
0 0 0 0 0 
9.23684e-005 0.000474932 0.00175721 0.00739079 0.000693022 0.000404164 0.000980244 -0.00029 
0.000525205 0.000923474 0.00340369 0.0149007 0.00180839 0.00156212 0.00119284 8e-005 
0.000494457 0.00193203 0.00680609 0.0270878 0.00380837 0.00339296 0.00276471 -4e-005 
0.00064066 0.0032282 0.0121341 0.0477785 0.00690907 0.00558018 0.00492491 0.00032 
0.00207063 0.00507699 0.0194139 0.0787332 0.0108746 0.00889773 0.00717735 0.00031 
0.00267307 0.00821095 0.0307957 0.123551 0.0177302 0.0141802 0.0116339 -6e-005 
0.00460728 0.0117112 0.0459993 0.181515 0.0258628 0.0210997 0.0169301 0.00046 
0.00611921 0.0166311 0.0633804 0.254432 0.0365871 0.0296395 0.0238412 -0.00028 
0.00809292 0.021865 0.0844852 0.335478 0.0487028 0.0389046 0.0313982 -0.00021 
0.010097 0.0278484 0.105582 0.418861 0.059753 0.0481037 0.038944 0.00011 
0.0113128 0.0322282 0.124015 0.494367 0.070885 0.0572187 0.0464058 -0.00015 
0.0130951 0.0362456 0.138863 0.553001 0.0790859 0.0636506 0.0520153 0 
0.0142061 0.0388748 0.146589 0.584238 0.0839879 0.0673114 0.0545611 0.00023 
0.0136661 0.0383948 0.147069 0.584368 0.0836379 0.0670314 0.0549111 0.00016 
0.0132551 0.0367756 0.139113 0.552891 0.0798959 0.0640406 0.0518053 -6e-005 
0.0121728 0.0321282 0.124095 0.495097 0.070665 0.0575087 0.0461858 9e-005 
0.010407 0.0274684 0.105492 0.419261 0.060673 0.0479937 0.039614 0.00042 
0.00789292 0.021995 0.0844852 0.335268 0.0485728 0.0386646 0.0319482 -0.00011 
0.00580921 0.0168611 0.0642904 0.253542 0.0369571 0.0289895 0.0242212 3e-005 
0.00418728 0.0119612 0.0453493 0.182015 0.0261028 0.0214697 0.0168801 -0.00026 
0.00334307 0.00808095 0.0313557 0.123781 0.0174702 0.0142902 0.0115739 4e-005 
0.00142063 0.00475699 0.0202739 0.0789632 0.0117446 0.00937773 0.00729735 -0.0004 
0.00066066 0.0035582 0.0121641 0.0482185 0.00653907 0.00595018 0.00466491 -5e-005 
0.000684457 0.00160203 0.00677609 0.0272278 0.00348837 0.00356296 0.00257471 -1e-005 
0.000775205 0.00118347 0.00380369 0.0154007 0.00212839 0.00197212 0.00183284 0.00036 
0.000586957 0.000765369 0.00276783 0.00503259 0.0010793 0.000999162 0.00153058 -0.00037 
0.000229962 0.00105074 0.00510988 0.010347 0.00315605 0.00218624 0.00257469 0.00024 
0.000618018 0.00225665 0.00956271 0.019591 0.00534756 0.00454934 0.00353784 -0.00028 
0.00134974 0.00521716 0.0160586 0.0334712 0.010178 0.00815625 0.00711873 0.00018 
0.00320293 0.00787269 0.0268095 0.055228 0.0167461 0.0144123 0.0106933 -0.00032 
0.00426354 0.0120996 0.0417815 0.0859146 0.0258802 0.0222914 0.0177593 0.00037 
0.00609443 0.0178909 0.0616419 0.126136 0.037784 0.0331051 0.0259604 -0.00045 
0.00905041 0.0256856 0.0859383 0.17629 0.0526892 0.0451816 0.035834 8e-005 
0.011551 0.033501 0.113314 0.233187 0.069525 0.0606853 0.0470818 0.00041 
0.0147654 0.0418478 0.141997 0.290284 0.0858167 0.0753497 0.0586379 -0.00048 
0.0168388 0.0492664 0.16736 0.343188 0.101935 0.0886861 0.0692078 -0.00025 
0.0194123 0.0553279 0.186822 0.383153 0.114056 0.0989302 0.0775486 0.00027 
0.0208316 0.0585795 0.198359 0.40595 0.120059 0.105439 0.0825482 -0.00036 
0.0201916 0.0581295 0.197519 0.40534 0.120219 0.105409 0.0826982 -0.00036 
0.0196823 0.0547479 0.187122 0.383823 0.114256 0.0997601 0.0780186 -0.00026 
0.0167488 0.0493064 0.16763 0.343088 0.101745 0.0893361 0.0693277 -0.00016 
0.0141854 0.0416778 0.142207 0.291034 0.0865167 0.0750597 0.0590479 0.00024 
0.011391 0.033221 0.113604 0.232677 0.069445 0.0599653 0.0475918 0.00022 
0.00867041 0.0250756 0.0863582 0.17659 0.0523692 0.0457416 0.035814 9e-005 
0.00656443 0.0180309 0.0615919 0.125866 0.037554 0.0325451 0.0252604 -0.00017 
0.00443354 0.0121896 0.0413715 0.0853146 0.0258102 0.0220014 0.0169593 0.0002 
0.00266293 0.00757269 0.0263795 0.054488 0.0159361 0.0144123 0.0109633 0.00037 
0.00127974 0.00510716 0.0163286 0.0329612 0.010258 0.00866625 0.00670873 0.00047 
0.000988018 0.00253665 0.00903271 0.018731 0.00572756 0.00465934 0.00350784 -0.00032 
0.000699962 0.00140074 0.00543988 0.010007 0.00268605 0.00307624 0.00216469 0.00027 
23.5
0.626724 0.123627 
0.612783 0.0692911 
0.585222 0.145505 
0.588437 0.151876 
0.595361 0.109059 
0.591791 0.123364 
0.58986 0.115717 
0.590836 0.121658 
0.589668 0.119897 
0.59062 0.114529 
0.591042 0.122102 
0.59084 0.119443 
0.590277 0.116529 
0.590821 0.118875 
0.589576 0.118326 
0.590912 0.118601 
0.589753 0.117951 
0.589402 0.122344 
0.588714 0.121113 
0.591024 0.122901 
0.589728 0.110652 
0.590007 0.137053 
0.589788 0.136647 
0.592987 0.137312 
0.568366 0.11348 
0.394349 0.126153 
0.419679 0.298175 
0.43092 0.200816 
0.410439 0.212196 
0.409203 0.188841 
0.409136 0.214151 
0.408719 0.214406 
0.40934 0.199907 
0.409931 0.205982 
0.409602 0.20099 
0.410275 0.203855 
0.40968 0.201922 
0.40932 0.202234 
0.409639 0.206951 
0.409451 0.204998 
0.409813 0.205345 
0.410064 0.205236 
0.409719 0.207665 
0.410084 0.206154 
0.409436 0.198685 
0.410008 0.200113 
0.411495 0.21249 
0.405379 0.213191 
0.414557 0.188117 
0.392823 0.195935 
0.590939 0.1223 
0.590584 0.118344 
0.589934 0.121516 
0.409481 0.20521 
0.409683 0.203757 
0.410088 0.205098 
