0
003
0
0
0
0
0
0
0
0
1
-42078.6
30.8
-0.813302 0 0 0 0 
-0.806737 0 0 0 0 
-0.767345 0 0 0 0 
-0.749946 0 0 0 0 
-0.716135 0 0 0 0 
-0.697423 0 0 0 0 
-0.685277 0 0 0 0 
-0.672803 0 0 0 0 
0 0 0 0 0 
0 0 0 0 0 
0 0 0 0 0 
0 0 0 0 0 
0 0 0 0 0 
0 0 0 0 0 
0 0 0 0 0 
0 0 0 0 0 
7.09122e-005 0.000410804 0.00157432 0.00799235 0.000572259 0.000283159 0.000889165 -0.00029 
0.000483414 0.00079857 0.00304747 0.0160723 0.00157318 0.00132643 0.00101545 8e-005 
0.000417459 0.0017019 0.00614975 0.0292466 0.00337499 0.00295872 0.00243786 -4e-005 
0.000506458 0.0028271 0.0109902 0.0515411 0.00615374 0.00482333 0.00435524 0.00032 
0.00184937 0.00441569 0.0175278 0.0849366 0.00962931 0.0076499 0.00623811 0.00031 
0.00232799 0.00717956 0.0278543 0.133226 0.0157879 0.0122341 0.010169 -6e-005 
0.00409817 0.0101895 0.0416596 0.195789 0.0229973 0.0182284 0.014769 0.00046 
0.00540868 0.0145074 0.0573238 0.274353 0.032588 0.0256324 0.0208251 -0.00028 
0.00715489 0.0190614 0.0764894 0.361777 0.0434232 0.0336144 0.0274163 -0.00021 
0.00892551 0.0243471 0.0955965 0.451705 0.0531595 0.0414971 0.0339712 0.00011 
0.00992885 0.0280919 0.112219 0.533167 0.0630958 0.0494138 0.0405312 -0.00015 
0.0115486 0.0316232 0.125681 0.596362 0.0703813 0.0549286 0.0454503 0 
0.0125712 0.0339883 0.132653 0.630075 0.0747861 0.0580911 0.047621 0.00023 
0.0120312 0.0335083 0.133133 0.630205 0.0744361 0.0578111 0.047971 0.00016 
0.0117086 0.0321532 0.125931 0.596252 0.0711913 0.0553186 0.0452403 -6e-005 
0.0107889 0.0279919 0.112299 0.533897 0.0628758 0.0497038 0.0403112 9e-005 
0.00923551 0.0239671 0.0955065 0.452105 0.0540795 0.0413871 0.0346412 0.00042 
0.00695489 0.0191914 0.0764894 0.361567 0.0432932 0.0333744 0.0279663 -0.00011 
0.00509868 0.0147374 0.0582338 0.273463 0.032958 0.0249824 0.0212051 3e-005 
0.00367817 0.0104395 0.0410096 0.196288 0.0232373 0.0185984 0.014719 -0.00026 
0.00299799 0.00704956 0.0284143 0.133456 0.0155279 0.0123441 0.010109 4e-005 
0.00119937 0.00409569 0.0183878 0.0851666 0.0104993 0.0081299 0.00635811 -0.0004 
0.000526458 0.0031571 0.0110202 0.0519811 0.00578374 0.00519333 0.00409524 -5e-005 
0.000607459 0.0013719 0.00611975 0.0293866 0.00305499 0.00312872 0.00224786 -1e-005 
0.000733414 0.00105857 0.00344747 0.0165723 0.00189318 0.00173643 0.00165545 0.00036 
0.000564432 0.000694885 0.00259673 0.00565443 0.000952442 0.000864684 0.00143444 -0.00037 
0.000186089 0.000913451 0.00477662 0.0115582 0.00290897 0.00192431 0.00238742 0.00024 
0.000537183 0.0020037 0.0089487 0.0218225 0.00489231 0.00406674 0.00319281 -0.00028 
0.00120885 0.0047763 0.0149885 0.0373606 0.00938459 0.00731513 0.00651736 0.00018 
0.00297065 0.00714584 0.0250451 0.0616405 0.015438 0.0130255 0.00970178 -0.00032 
0.00390126 0.010966 0.0390297 0.0959157 0.02384 0.0201286 0.0162129 0.00037 
0.00555995 0.0162184 0.0575821 0.140891 0.0347739 0.0299142 0.023679 -0.00045 
0.00830448 0.0233514 0.0802723 0.196883 0.0484883 0.0407283 0.0326501 8e-005 
0.0105663 0.0304195 0.105834 0.260373 0.063979 0.0548061 0.0428784 0.00041 
0.0135355 0.0379994 0.132655 0.324235 0.0788906 0.0680074 0.0533885 -0.00048 
0.0153859 0.0447202 0.156324 0.383296 0.0937526 0.0800122 0.0630063 -0.00025 
0.0177887 0.0502474 0.174489 0.427975 0.104912 0.0892369 0.0706184 0.00027 
0.0191152 0.0532088 0.185322 0.453333 0.110393 0.0951922 0.0752221 -0.00036 
0.0184752 0.0527588 0.184482 0.452723 0.110553 0.0951622 0.075372 -0.00036 
0.0180587 0.0496674 0.174789 0.428645 0.105112 0.0900669 0.0710884 -0.00026 
0.0152959 0.0447602 0.156594 0.383196 0.0935626 0.0806622 0.0631263 -0.00016 
0.0129555 0.0378294 0.132865 0.324985 0.0795906 0.0677174 0.0537985 0.00024 
0.0104063 0.0301395 0.106124 0.259863 0.063899 0.0540861 0.0433884 0.00022 
0.00792448 0.0227414 0.0806923 0.197183 0.0481683 0.0412883 0.0326301 9e-005 
0.00602995 0.0163584 0.0575321 0.140621 0.0345439 0.0293542 0.022979 -0.00017 
0.00407126 0.011056 0.0386197 0.0953157 0.02377 0.0198386 0.0154129 0.0002 
0.00243065 0.00684584 0.0246151 0.0609005 0.014628 0.0130255 0.00997178 0.00037 
0.00113885 0.0046663 0.0152585 0.0368506 0.00946459 0.00782513 0.00610736 0.00047 
0.000907183 0.0022837 0.0084187 0.0209625 0.00527231 0.00417674 0.00316281 -0.00032 
0.000656089 0.00126345 0.00510662 0.0112182 0.00243897 0.00281431 0.00197742 0.00027 
23.5
0.677722 0.101536 
0.660955 0.0484246 
0.63185 0.125306 
0.634765 0.131807 
0.642258 0.088744 
0.638121 0.103295 
0.636234 0.0956291 
0.637084 0.101624 
0.635883 0.0998776 
0.63692 0.0944727 
0.637419 0.102012 
0.637156 0.0993795 
0.636577 0.0964733 
0.637153 0.0988052 
0.635802 0.0983016 
0.63721 0.0985455 
0.635942 0.0979435 
0.635625 0.102321 
0.634958 0.101081 
0.637361 0.102828 
0.635812 0.0906899 
0.636347 0.116979 
0.635799 0.116716 
0.63999 0.116951 
0.611597 0.0947539 
0.443066 0.102282 
0.468795 0.274105 
0.479996 0.176768 
0.458124 0.18883 
0.456707 0.165563 
0.456754 0.190817 
0.456522 0.190982 
0.457146 0.176481 
0.457714 0.182568 
0.457499 0.17752 
0.458216 0.180364 
0.457596 0.178442 
0.457088 0.178828 
0.457515 0.183491 
0.457257 0.181573 
0.457713 0.181873 
0.457892 0.181799 
0.457581 0.184211 
0.457896 0.182725 
0.457425 0.17517 
0.458063 0.176565 
0.459914 0.188764 
0.453204 0.189756 
0.463937 0.16392 
0.440359 0.172642 
0.637324 0.102207 
0.636891 0.0982843 
0.636179 0.101484 
0.457209 0.181823 
0.457555 0.180299 
0.458069 0.181587 
