0
003
0
0
0
0
0
0
0
0
1
-42078.6
30.8
-0.840549 0 0 0 0 
-0.83267 0 0 0 0 
-0.788682 0 0 0 0 
-0.76636 0 0 0 0 
-0.729265 0 0 0 0 
-0.7076 0 0 0 0 
-0.692499 0 0 0 0 
-0.678384 0 0 0 0 
0 0 0 0 0 
0 0 0 0 0 
0 0 0 0 0 
0 0 0 0 0 
0 0 0 0 0 
0 0 0 0 0 
0 0 0 0 0 
0 0 0 0 0 
5.02595e-005 0.000349932 0.00139262 0.00857401 0.000456038 0.000168699 0.000801638 -0.00029 
0.000443188 0.000680007 0.00269357 0.0172053 0.00134681 0.00110349 0.000844966 8e-005 
0.000343343 0.00148345 0.0054977 0.031334 0.00295791 0.00254796 0.00212375 -4e-005 
0.000377281 0.00244636 0.00985371 0.0551792 0.00542681 0.00410742 0.00380778 0.00032 
0.00163639 0.00378796 0.0156541 0.0909349 0.00843081 0.00646955 0.00533551 0.00031 
0.00199583 0.00620054 0.024932 0.142581 0.0139187 0.0103932 0.00876129 -6e-005 
0.00360811 0.00874513 0.0373482 0.20959 0.0202396 0.0155125 0.0126921 0.00046 
0.00472476 0.0124916 0.0513068 0.293615 0.0287393 0.021842 0.0179266 -0.00028 
0.00625197 0.0164002 0.0685458 0.387207 0.0383421 0.0286103 0.0235897 -0.00021 
0.00779791 0.0210236 0.0856761 0.483463 0.0468141 0.0352478 0.0291924 0.00011 
0.00859675 0.0241657 0.100499 0.570685 0.0555996 0.0420311 0.0348857 -0.00015 
0.0100599 0.0272355 0.112584 0.638288 0.0620041 0.0466783 0.0391413 0 
0.0109975 0.02935 0.118808 0.674397 0.0659303 0.0493695 0.0409516 0.00023 
0.0104575 0.02887 0.119288 0.674527 0.0655803 0.0490895 0.0413016 0.00016 
0.0102199 0.0277655 0.112834 0.638178 0.0628141 0.0470683 0.0389313 -6e-005 
0.00945675 0.0240657 0.100579 0.571415 0.0553796 0.0423211 0.0346657 9e-005 
0.00810791 0.0206436 0.0855861 0.483863 0.0477341 0.0351378 0.0298624 0.00042 
0.00605197 0.0165302 0.0685458 0.386997 0.0382121 0.0283703 0.0241397 -0.00011 
0.00441476 0.0127216 0.0522168 0.292725 0.0291093 0.021192 0.0183066 3e-005 
0.00318811 0.00899513 0.0366982 0.21009 0.0204796 0.0158825 0.0126421 -0.00026 
0.00266583 0.00607054 0.025492 0.142811 0.0136587 0.0105032 0.00870129 4e-005 
0.000986392 0.00346796 0.0165141 0.0911649 0.00930081 0.00694955 0.00545551 -0.0004 
0.000397281 0.00277636 0.00988371 0.0556192 0.00505681 0.00447742 0.00354778 -5e-005 
0.000533343 0.00115345 0.0054677 0.031474 0.00263791 0.00271796 0.00193375 -1e-005 
0.000693188 0.000940007 0.00309357 0.0177053 0.00166681 0.00151349 0.00148497 0.00036 
0.000541881 0.000625132 0.00242004 0.0062795 0.000825455 0.000731964 0.00133832 -0.00037 
0.000142164 0.00077759 0.00443248 0.0127756 0.00266163 0.00166581 0.0022002 0.00024 
0.000456253 0.00175338 0.00831463 0.0240657 0.0044366 0.00359046 0.00284786 -0.00028 
0.0010678 0.00434001 0.0138833 0.0412703 0.00859032 0.006485 0.00591615 0.00018 
0.00273809 0.00642652 0.023223 0.0680864 0.0141284 0.0116569 0.00871054 -0.00032 
0.00353856 0.00984414 0.036188 0.105969 0.0217976 0.017994 0.014667 0.00037 
0.00502484 0.0145633 0.0533896 0.155723 0.0317607 0.026765 0.0213982 -0.00045 
0.00755767 0.0210415 0.0744212 0.217582 0.044283 0.0363332 0.029467 8e-005 
0.00958035 0.02737 0.0981091 0.287701 0.0584273 0.0490037 0.0386761 0.00041 
0.0123043 0.034191 0.123008 0.358363 0.0719574 0.0607612 0.0481404 -0.00048 
0.0139313 0.040221 0.144928 0.423614 0.085562 0.0714518 0.0568064 -0.00025 
0.0161632 0.0452195 0.161753 0.47303 0.0957589 0.0796704 0.0636898 0.00027 
0.0173968 0.0478937 0.171858 0.500962 0.100717 0.0850792 0.0678977 -0.00036 
0.0167568 0.0474437 0.171018 0.500352 0.100877 0.0850492 0.0680477 -0.00036 
0.0164332 0.0446395 0.162053 0.4737 0.0959589 0.0805004 0.0641598 -0.00026 
0.0138413 0.040261 0.145198 0.423514 0.085372 0.0721018 0.0569264 -0.00016 
0.0117243 0.034021 0.123218 0.359113 0.0726574 0.0604712 0.0485504 0.00024 
0.00942035 0.02709 0.0983991 0.287191 0.0583473 0.0482837 0.0391861 0.00022 
0.00717768 0.0204315 0.0748412 0.217882 0.043963 0.0368932 0.029447 9e-005 
0.00549484 0.0147033 0.0533396 0.155453 0.0315307 0.026205 0.0206982 -0.00017 
0.00370856 0.00993414 0.035778 0.105369 0.0217276 0.017704 0.013867 0.0002 
0.00219809 0.00612652 0.022793 0.0673464 0.0133184 0.0116569 0.00898053 0.00037 
0.000997797 0.00423001 0.0141533 0.0407603 0.00867032 0.006995 0.00550615 0.00047 
0.000826253 0.00203338 0.00778463 0.0232057 0.0048166 0.00370046 0.00281786 -0.00032 
0.000612164 0.00112759 0.00476248 0.0124356 0.00219163 0.00255581 0.0017902 0.00027 
23.5
0.72703 0.0809863 
0.707532 0.0290145 
0.676934 0.106517 
0.679559 0.113139 
0.687602 0.069847 
0.682917 0.0846258 
0.681072 0.076943 
0.681801 0.0829883 
0.680567 0.0812554 
0.681687 0.0758161 
0.68226 0.083325 
0.681938 0.0807166 
0.681344 0.0778169 
0.681951 0.0801358 
0.680498 0.0796749 
0.681975 0.0798898 
0.680601 0.079332 
0.680318 0.0836956 
0.679671 0.0824466 
0.682165 0.0841563 
0.680369 0.072121 
0.681152 0.0983061 
0.680286 0.0981758 
0.685438 0.0980106 
0.653396 0.0773344 
0.492036 0.0790124 
0.518166 0.250642 
0.529325 0.153326 
0.506055 0.166052 
0.504456 0.142872 
0.504618 0.168071 
0.504571 0.168148 
0.505199 0.153646 
0.505743 0.159743 
0.505644 0.154641 
0.506403 0.157464 
0.50576 0.155554 
0.505102 0.156011 
0.505639 0.160621 
0.50531 0.158737 
0.505861 0.158992 
0.505967 0.158953 
0.505691 0.161349 
0.505955 0.159887 
0.505662 0.152247 
0.506367 0.153611 
0.508582 0.165635 
0.501277 0.166911 
0.513572 0.140333 
0.488141 0.149936 
0.682172 0.0835163 
0.681665 0.079625 
0.680893 0.0828496 
0.505184 0.159025 
0.505674 0.157431 
0.506298 0.158668 
