0
003
0
0
0
0
0
0
0
0
-1
-42078.6
30.8
-0.857947 0 0 0 0 
-0.850725 0 0 0 0 
-0.814287 0 0 0 0 
-0.797217 0 0 0 0 
-0.764718 0 0 0 0 
-0.747648 0 0 0 0 
-0.737144 0 0 0 0 
-0.725983 0 0 0 0 
0 0 0 0 0 
0 0 0 0 0 
0 0 0 0 0 
0 0 0 0 0 
0 0 0 0 0 
0 0 0 0 0 
0 0 0 0 0 
0 0 0 0 0 
3.06155e-005 0.000292921 0.00121392 0.00912999 0.000345514 6.19206e-005 0.000718533 -0.00029 
0.000404927 0.000568964 0.00234551 0.0182882 0.00113154 0.000895517 0.0006831 8e-005 
0.000272847 0.00127885 0.00485641 0.0333292 0.00256128 0.00216477 0.00182552 -4e-005 
0.000254414 0.00208977 0.008736 0.0586567 0.00473551 0.00343955 0.00328799 0.00032 
0.00143382 0.00320004 0.0138113 0.0966683 0.00729106 0.00536843 0.00447851 0.00031 
0.00167989 0.00528361 0.0220579 0.151523 0.0121411 0.00867584 0.00742469 -6e-005 
0.003142 0.00739235 0.033108 0.222783 0.017617 0.0129788 0.0107202 0.00046 
0.00407424 0.0106037 0.0453891 0.312026 0.0250792 0.0183059 0.0151745 -0.00028 
0.00539316 0.0139077 0.0607333 0.411513 0.0335102 0.0239421 0.0199565 -0.00021 
0.00672538 0.0179109 0.0759194 0.513818 0.0407797 0.0294179 0.024655 0.00011 
0.00732971 0.0204884 0.0889729 0.606545 0.0484707 0.0351439 0.0295254 -0.00015 
0.00864397 0.0231262 0.099703 0.678363 0.0540375 0.0389817 0.0331511 0 
0.00950064 0.0250059 0.105192 0.716761 0.0575086 0.0412332 0.0346192 0.00023 
0.00896064 0.0245259 0.105672 0.716891 0.0571586 0.0409532 0.0349692 0.00016 
0.00880397 0.0236562 0.099953 0.678253 0.0548475 0.0393717 0.0329411 -6e-005 
0.00818971 0.0203884 0.0890529 0.607275 0.0482507 0.0354339 0.0293054 9e-005 
0.00703538 0.0175309 0.0758294 0.514218 0.0416997 0.0293079 0.025325 0.00042 
0.00519316 0.0140377 0.0607333 0.411303 0.0333802 0.0237021 0.0205065 -0.00011 
0.00376424 0.0108337 0.0462991 0.311136 0.0254492 0.0176559 0.0155545 3e-005 
0.002722 0.00764235 0.032458 0.223283 0.017857 0.0133488 0.0106702 -0.00026 
0.00234989 0.00515361 0.0226179 0.151753 0.0118811 0.00878584 0.00736469 4e-005 
0.000783818 0.00288004 0.0146713 0.0968983 0.00816106 0.00584842 0.00459851 -0.0004 
0.000274414 0.00241977 0.008766 0.0590967 0.00436551 0.00380955 0.00302799 -5e-005 
0.000462847 0.000948851 0.00482641 0.0334692 0.00224128 0.00233477 0.00163552 -1e-005 
0.000654927 0.000828964 0.00274551 0.0187882 0.00145154 0.00130552 0.0013231 0.00036 
0.000519525 0.000556803 0.00223952 0.0069016 0.000699599 0.000602319 0.00124317 -0.00037 
9.86216e-005 0.000644505 0.00408088 0.0139873 0.0024165 0.0014133 0.00201489 0.00024 
0.000376026 0.00150818 0.0076668 0.0262982 0.00398495 0.00312521 0.00250642 -0.00028 
0.000927969 0.00391264 0.0127542 0.0451613 0.00780313 0.00567411 0.00532105 0.00018 
0.00250755 0.0057219 0.0213614 0.0745017 0.0128306 0.0103199 0.00772939 -0.00032 
0.00317901 0.0087452 0.0332846 0.115974 0.0197734 0.0159089 0.0131368 0.00037 
0.00449438 0.012942 0.0491062 0.170484 0.0287744 0.0236887 0.0191406 -0.00045 
0.00681736 0.0187788 0.0684431 0.238183 0.0401153 0.0320399 0.0263162 8e-005 
0.00860299 0.0243828 0.090217 0.314898 0.052925 0.0433358 0.0345165 0.00041 
0.0110837 0.0304604 0.113152 0.392328 0.0650859 0.0536828 0.0429457 -0.00048 
0.0124894 0.0358139 0.133284 0.463739 0.0774442 0.0630897 0.0506696 -0.00025 
0.0145518 0.0402944 0.148741 0.517871 0.0866872 0.0703257 0.0568319 0.00027 
0.0156934 0.0426872 0.158103 0.548365 0.0911269 0.0752006 0.060648 -0.00036 
0.0150534 0.0422372 0.157263 0.547755 0.0912869 0.0751706 0.060798 -0.00036 
0.0148218 0.0397144 0.149041 0.518541 0.0868872 0.0711556 0.0573019 -0.00026 
0.0123994 0.0358539 0.133554 0.463639 0.0772542 0.0637397 0.0507896 -0.00016 
0.0105037 0.0302904 0.113362 0.393078 0.0657859 0.0533928 0.0433557 0.00024 
0.00844299 0.0241028 0.090507 0.314388 0.052845 0.0426158 0.0350265 0.00022 
0.00643736 0.0181688 0.0688632 0.238483 0.0397953 0.0325999 0.0262962 9e-005 
0.00496438 0.013082 0.0490562 0.170214 0.0285444 0.0231287 0.0184406 -0.00017 
0.00334901 0.0088352 0.0328746 0.115374 0.0197034 0.0156189 0.0123368 0.0002 
0.00196755 0.0054219 0.0209314 0.0737617 0.0120206 0.0103199 0.00799939 0.00037 
0.000857969 0.00380264 0.0130242 0.0446513 0.00788313 0.00618411 0.00491105 0.00047 
0.000746026 0.00178818 0.0071368 0.0254382 0.00436495 0.00323521 0.00247642 -0.00032 
0.000568622 0.000994505 0.00441088 0.0136473 0.0019465 0.0023033 0.00160489 0.00027 
23.5
0.77416 0.0621827 
0.752051 0.0112535 
0.720026 0.0893239 
0.722374 0.0960566 
0.730943 0.0525556 
0.725734 0.0675432 
0.723929 0.0598444 
0.724542 0.0659359 
0.723278 0.0642153 
0.724477 0.0587446 
0.725119 0.0662253 
0.724742 0.0636394 
0.724133 0.0607456 
0.724769 0.0630526 
0.723218 0.0626309 
0.724762 0.0628191 
0.723287 0.0623017 
0.723036 0.0666525 
0.722408 0.0653958 
0.724988 0.0670709 
0.722957 0.0551298 
0.723978 0.0812197 
0.722807 0.0812108 
0.728877 0.0806794 
0.693348 0.0613948 
0.54077 0.0565756 
0.567299 0.228017 
0.578417 0.130722 
0.553757 0.144089 
0.551977 0.120993 
0.552253 0.146139 
0.55239 0.146131 
0.553022 0.131627 
0.553542 0.137735 
0.553558 0.13258 
0.55436 0.135383 
0.553693 0.133485 
0.552885 0.13401 
0.553531 0.13857 
0.553132 0.136718 
0.553777 0.13693 
0.553812 0.136924 
0.55357 0.139304 
0.553783 0.137866 
0.553667 0.130144 
0.554438 0.131478 
0.557018 0.143334 
0.549119 0.144883 
0.562969 0.11759 
0.535693 0.128042 
0.725039 0.0664137 
0.72446 0.0625511 
0.723631 0.0657985 
0.552928 0.137042 
0.553563 0.135382 
0.554295 0.136569 
