0
003
0
0
0
0
0
0
0
0
-1
-42078.6
30.8
-0.829059 0 0 0 0 
-0.821509 0 0 0 0 
-0.780804 0 0 0 0 
-0.761764 0 0 0 0 
-0.727296 0 0 0 0 
-0.706943 0 0 0 0 
-0.693812 0 0 0 0 
-0.681338 0 0 0 0 
0 0 0 0 0 
0 0 0 0 0 
0 0 0 0 0 
0 0 0 0 0 
0 0 0 0 0 
0 0 0 0 0 
0 0 0 0 0 
0 0 0 0 0 
1.21754e-005 0.000240337 0.00103999 0.00965476 0.000241785 -3.61147e-005 0.000640676 -0.00029 
0.000369011 0.000466544 0.00200675 0.0193103 0.000929504 0.000704571 0.000531456 8e-005 
0.000206672 0.00109015 0.00423225 0.0352125 0.00218903 0.00181295 0.00154612 -4e-005 
0.000139077 0.00176088 0.00764815 0.061939 0.00408672 0.00282637 0.00280102 0.00032 
0.00124366 0.00265778 0.0120178 0.10208 0.00622138 0.00435746 0.00367563 0.00031 
0.00138331 0.00443789 0.0192606 0.159963 0.0104728 0.00709911 0.00617251 -6e-005 
0.00270444 0.00614462 0.0289811 0.235235 0.0151557 0.0106526 0.00887279 0.00046 
0.00346359 0.00886233 0.0396295 0.329404 0.0216442 0.0150595 0.0125963 -0.00028 
0.00458698 0.0116088 0.0531295 0.434456 0.0289753 0.0196561 0.0165527 -0.00021 
0.00571859 0.0150399 0.0664234 0.54247 0.0351163 0.0240653 0.0204042 0.00011 
0.00614032 0.0170968 0.0777547 0.640393 0.0417802 0.0288206 0.0245037 -0.00015 
0.00731481 0.0193359 0.0871665 0.716189 0.0465607 0.0319153 0.0275392 0 
0.00809555 0.0209991 0.091939 0.756748 0.0496046 0.0337631 0.0286867 0.00023 
0.00755555 0.0205191 0.092419 0.756878 0.0492546 0.0334831 0.0290367 0.00016 
0.00747481 0.0198659 0.0874165 0.716079 0.0473707 0.0323053 0.0273292 -6e-005 
0.00700032 0.0169968 0.0778347 0.641123 0.0415602 0.0291106 0.0242837 9e-005 
0.00602859 0.0146599 0.0663334 0.54287 0.0360363 0.0239553 0.0210742 0.00042 
0.00438699 0.0117388 0.0531295 0.434246 0.0288453 0.0194161 0.0171027 -0.00011 
0.00315359 0.00909233 0.0405395 0.328514 0.0220142 0.0144095 0.0129763 3e-005 
0.00228444 0.00639462 0.0283311 0.235735 0.0153957 0.0110226 0.00882279 -0.00026 
0.00205331 0.00430789 0.0198206 0.160193 0.0102128 0.00720911 0.00611251 4e-005 
0.000593659 0.00233778 0.0128778 0.10231 0.00709138 0.00483746 0.00379563 -0.0004 
0.000159077 0.00209088 0.00767815 0.062379 0.00371672 0.00319637 0.00254102 -5e-005 
0.000396672 0.000760146 0.00420225 0.0353525 0.00186903 0.00198295 0.00135612 -1e-005 
0.000619011 0.000726544 0.00240675 0.0198103 0.0012495 0.00111457 0.00117146 0.00036 
0.00049759 0.000490577 0.00205696 0.00751454 0.000576125 0.000477042 0.00114995 -0.00037 
5.58978e-005 0.000515513 0.0037253 0.0151812 0.00217601 0.00116929 0.00183331 0.00024 
0.000297309 0.00127051 0.00701166 0.0284978 0.00354184 0.00267563 0.00217187 -0.00028 
0.000790771 0.00349841 0.0116124 0.0489951 0.00703084 0.00489054 0.00473796 0.00018 
0.00228135 0.00503896 0.0194788 0.0808224 0.0115573 0.00902804 0.00676804 -0.00032 
0.00282622 0.00768007 0.0303485 0.125832 0.0177876 0.013894 0.0116374 0.00037 
0.0039739 0.0113705 0.0447743 0.185028 0.0258446 0.0207161 0.0169285 -0.00045 
0.00609097 0.0165857 0.0623976 0.258481 0.0360264 0.0278913 0.0232291 8e-005 
0.00764401 0.0214874 0.0822357 0.341695 0.0475269 0.0378588 0.0304409 0.00041 
0.00988608 0.0268446 0.103185 0.425793 0.0583444 0.0468429 0.0378559 -0.00048 
0.0110746 0.0315423 0.121509 0.503274 0.0694802 0.0550093 0.0446567 -0.00025 
0.0129707 0.0355208 0.135582 0.562052 0.0777872 0.0612956 0.0501123 0.00027 
0.014022 0.0376409 0.144192 0.595069 0.0817184 0.0656547 0.0535445 -0.00036 
0.013382 0.0371909 0.143352 0.594459 0.0818784 0.0656247 0.0536945 -0.00036 
0.0132407 0.0349408 0.135882 0.562722 0.0779872 0.0621256 0.0505823 -0.00026 
0.0109846 0.0315823 0.121779 0.503174 0.0692902 0.0556593 0.0447767 -0.00016 
0.00930608 0.0266746 0.103395 0.426544 0.0590444 0.0465529 0.0382659 0.00024 
0.00748401 0.0212074 0.0825257 0.341185 0.0474469 0.0371388 0.0309509 0.00022 
0.00571097 0.0159757 0.0628176 0.258781 0.0357064 0.0284513 0.0232091 9e-005 
0.0044439 0.0115105 0.0447243 0.184758 0.0256146 0.0201561 0.0162285 -0.00017 
0.00299622 0.00777007 0.0299385 0.125232 0.0177176 0.013604 0.0108374 0.0002 
0.00174135 0.00473896 0.0190488 0.0800824 0.0107473 0.00902804 0.00703804 0.00037 
0.000720771 0.00338841 0.0118824 0.0484851 0.00711084 0.00540054 0.00432796 0.00047 
0.000667309 0.00155051 0.00648166 0.0276378 0.00392184 0.00278563 0.00214187 -0.00032 
0.000525898 0.000865513 0.0040553 0.0148412 0.00170601 0.00205929 0.00142331 0.00027 
23.5
0.818643 0.0453118 
0.79407 -0.00468183 
0.760699 0.0738983 
0.762784 0.08073 
0.77185 0.0370416 
0.766146 0.0522163 
0.764379 0.0445033 
0.764883 0.0506362 
0.763589 0.0489267 
0.764863 0.0434277 
0.765572 0.0508832 
0.765142 0.0483174 
0.764518 0.045429 
0.765183 0.0477252 
0.763539 0.0473386 
0.765146 0.047503 
0.763576 0.0470219 
0.763355 0.0513612 
0.762746 0.0500975 
0.765407 0.0517417 
0.763154 0.0398849 
0.764399 0.0658894 
0.762941 0.0659894 
0.769877 0.0651295 
0.731058 0.0470936 
0.588785 0.0351935 
0.615707 0.206457 
0.626785 0.109181 
0.600754 0.123158 
0.598796 0.100142 
0.599184 0.125237 
0.599503 0.125148 
0.600139 0.110644 
0.600636 0.116762 
0.600765 0.111556 
0.601609 0.114341 
0.600919 0.112453 
0.599964 0.113043 
0.600717 0.117556 
0.600249 0.115735 
0.600987 0.115905 
0.60095 0.115931 
0.600743 0.118295 
0.600905 0.11688 
0.600964 0.109081 
0.6018 0.110385 
0.604738 0.122082 
0.596255 0.123891 
0.611637 0.0959157 
0.582544 0.107177 
0.765499 0.0510688 
0.764852 0.047232 
0.763969 0.0504999 
0.599968 0.116093 
0.600744 0.11437 
0.601584 0.115508 
