0
003
0
0
0
0
0
0
0
0
1
-42078.6
30.8
-0.819868 0 0 0 0 
-0.813302 0 0 0 0 
-0.77588 0 0 0 0 
-0.758481 0 0 0 0 
-0.725983 0 0 0 0 
-0.7076 0 0 0 0 
-0.696438 0 0 0 0 
-0.683964 0 0 0 0 
0 0 0 0 0 
0 0 0 0 0 
0 0 0 0 0 
0 0 0 0 0 
0 0 0 0 0 
0 0 0 0 0 
0 0 0 0 0 
0 0 0 0 0 
-4.87729e-006 0.000192703 0.000872572 0.0101431 0.000145883 -0.000124433 0.000568842 -0.00029 
0.000335796 0.000373767 0.00168065 0.0202615 0.000742711 0.000532551 0.000391542 8e-005 
0.000145476 0.000919205 0.00363143 0.036965 0.00184487 0.00149601 0.00128833 -4e-005 
3.24171e-005 0.00146294 0.00660098 0.0649935 0.00348688 0.00227397 0.00235172 0.00032 
0.00106781 0.00216657 0.0102913 0.107116 0.00523241 0.0034467 0.00293486 0.00031 
0.00110905 0.00367179 0.0165679 0.167817 0.00893039 0.00567868 0.00501718 -6e-005 
0.00229981 0.00501436 0.0250084 0.246822 0.0128801 0.008557 0.00716829 0.00046 
0.00289888 0.00728492 0.0340852 0.345576 0.0184683 0.0121348 0.0102174 -0.00028 
0.00384146 0.00952631 0.04581 0.455806 0.0247825 0.015795 0.0134122 -0.00021 
0.00478754 0.0124392 0.0572825 0.569133 0.0298802 0.0192433 0.0164822 0.00011 
0.00504042 0.0140244 0.066956 0.671892 0.0355945 0.0231241 0.0198704 -0.00015 
0.00608565 0.0159025 0.0750987 0.751389 0.0396481 0.0255493 0.0223614 0 
0.00679617 0.0173695 0.0791818 0.793959 0.0422971 0.0270335 0.0232131 0.00023 
0.00625617 0.0168895 0.0796618 0.794089 0.0419471 0.0267535 0.0235631 0.00016 
0.00624565 0.0164325 0.0753487 0.751279 0.0404581 0.0259393 0.0221514 -6e-005 
0.00590042 0.0139244 0.067036 0.672622 0.0353745 0.0234141 0.0196503 9e-005 
0.00509754 0.0120592 0.0571925 0.569533 0.0308002 0.0191333 0.0171522 0.00042 
0.00364146 0.00965631 0.04581 0.455596 0.0246525 0.015555 0.0139622 -0.00011 
0.00258888 0.00751492 0.0349952 0.344686 0.0188383 0.0114848 0.0105974 3e-005 
0.00187981 0.00526436 0.0243584 0.247322 0.0131201 0.008927 0.00711829 -0.00026 
0.00177905 0.00354179 0.0171279 0.168047 0.00867039 0.00578868 0.00495718 4e-005 
0.000417807 0.00184657 0.0111513 0.107346 0.00610241 0.0039267 0.00305486 -0.0004 
5.24171e-005 0.00179294 0.00663098 0.0654335 0.00311688 0.00264397 0.00209172 -5e-005 
0.000335476 0.000589205 0.00360143 0.037105 0.00152487 0.00166601 0.00109833 -1e-005 
0.000585796 0.000633767 0.00208065 0.0207615 0.00106271 0.000942551 0.00103154 0.00036 
0.000476292 0.000427111 0.00187418 0.00811223 0.00045626 0.000357376 0.00105957 -0.00037 
1.44161e-005 0.0003919 0.00336928 0.0163453 0.00194254 0.000936212 0.00165729 0.00024 
0.00022088 0.00104276 0.00635571 0.0306427 0.00311169 0.00224619 0.00184755 -0.00028 
0.000657562 0.00310145 0.0104691 0.0527334 0.00628112 0.00414206 0.0041727 0.00018 
0.00206173 0.00438448 0.0175939 0.086986 0.0103212 0.00779401 0.00583608 -0.00032 
0.00248369 0.00665934 0.0274087 0.135445 0.0158598 0.0119694 0.0101839 0.00037 
0.00346855 0.00986461 0.0404372 0.19921 0.0230004 0.0178766 0.0147841 -0.00045 
0.00538569 0.014484 0.0563446 0.278274 0.032057 0.0239285 0.0202363 8e-005 
0.00671291 0.0187128 0.0742446 0.367825 0.0422865 0.0326272 0.0264898 0.00041 
0.00872328 0.0233795 0.0932049 0.458426 0.0518 0.0403093 0.0329216 -0.00048 
0.00970087 0.0274487 0.10972 0.541825 0.0617489 0.0472908 0.0388275 -0.00025 
0.0114356 0.0309462 0.122407 0.605133 0.0691473 0.0526701 0.0435981 0.00027 
0.0123991 0.032805 0.130265 0.640612 0.072585 0.0565364 0.0466582 -0.00036 
0.0117591 0.032355 0.129425 0.640002 0.072745 0.0565064 0.0468082 -0.00036 
0.0117056 0.0303662 0.122707 0.605803 0.0693473 0.0535001 0.0440681 -0.00026 
0.00961088 0.0274887 0.10999 0.541725 0.0615589 0.0479408 0.0389475 -0.00016 
0.00814328 0.0232095 0.0934149 0.459176 0.0525 0.0400193 0.0333316 0.00024 
0.00655291 0.0184328 0.0745346 0.367315 0.0422065 0.0319072 0.0269998 0.00022 
0.00500569 0.013874 0.0567646 0.278574 0.031737 0.0244885 0.0202163 9e-005 
0.00393855 0.0100046 0.0403872 0.19894 0.0227704 0.0173166 0.0140841 -0.00017 
0.00265369 0.00674934 0.0269987 0.134845 0.0157898 0.0116794 0.00938391 0.0002 
0.00152173 0.00408448 0.0171639 0.086246 0.0095112 0.00779401 0.00610608 0.00037 
0.000587562 0.00299145 0.0107391 0.0522234 0.00636112 0.00465206 0.0037627 0.00047 
0.00059088 0.00132276 0.00582571 0.0297827 0.00349169 0.00235619 0.00181755 -0.00032 
0.000484416 0.0007419 0.00369928 0.0160053 0.00147254 0.00182621 0.00124729 0.00027 
23.5
0.860038 0.0305412 
0.833171 -0.0186334 
0.798547 0.0603929 
0.800389 0.0673115 
0.809916 0.0234588 
0.803752 0.0387975 
0.802021 0.0310719 
0.802423 0.0372412 
0.801102 0.0355413 
0.802446 0.0300176 
0.803216 0.0374509 
0.802736 0.0349029 
0.8021 0.0320191 
0.802791 0.0343059 
0.801061 0.0339501 
0.802726 0.0340936 
0.801067 0.0336442 
0.800874 0.0379734 
0.800282 0.0367037 
0.80302 0.0383207 
0.80056 0.0265379 
0.802013 0.0524676 
0.800288 0.052663 
0.80803 0.0515154 
0.766148 0.0345726 
0.635604 0.015079 
0.662909 0.186174 
0.673948 0.0889174 
0.64658 0.103468 
0.644448 0.0805274 
0.644946 0.105575 
0.645442 0.10541 
0.646082 0.090904 
0.646556 0.0970319 
0.646796 0.0917789 
0.647681 0.0945458 
0.646968 0.0926674 
0.645869 0.0933199 
0.646728 0.0977872 
0.646192 0.0959952 
0.64702 0.0961269 
0.646914 0.0961822 
0.64674 0.0985323 
0.646853 0.0971376 
0.647083 0.0892656 
0.647983 0.0905423 
0.65127 0.102089 
0.642217 0.104143 
0.659092 0.0755265 
0.628227 0.0875494 
0.80315 0.0376343 
0.80244 0.03382 
0.801506 0.0371059 
0.645836 0.0963851 
0.64675 0.0946031 
0.647695 0.0956966 
