0
003
0
0
0
0
0
0
0
0
1
-42078.6
30.8
-0.836938 0 0 0 0 
-0.829387 0 0 0 0 
-0.789667 0 0 0 0 
-0.770299 0 0 0 0 
-0.735831 0 0 0 0 
-0.716463 0 0 0 0 
-0.704317 0 0 0 0 
-0.691514 0 0 0 0 
0 0 0 0 0 
0 0 0 0 0 
0 0 0 0 0 
0 0 0 0 0 
0 0 0 0 0 
0 0 0 0 0 
0 0 0 0 0 
0 0 0 0 0 
-2.03732e-005 0.000150493 0.000713317 0.0105902 5.87593e-005 -0.000202155 0.000503744 -0.00029 
0.000305614 0.000291552 0.00137047 0.0211322 0.000573018 0.000381169 0.000264748 8e-005 
8.98665e-005 0.000767727 0.00305992 0.0385694 0.00153222 0.00121709 0.00105471 -4e-005 
-6.45054e-005 0.00119893 0.00560488 0.0677898 0.00294195 0.00178784 0.00194454 0.00032 
0.000908009 0.00173129 0.00864899 0.111726 0.00433397 0.00264521 0.00226355 0.00031 
0.000859824 0.00299291 0.0140066 0.175008 0.00752917 0.00442865 0.00397019 -6e-005 
0.00193212 0.00401278 0.0212296 0.257431 0.0108128 0.00671278 0.00562361 0.00046 
0.00238572 0.0058871 0.0288114 0.360381 0.0155832 0.00956097 0.00806168 -0.00028 
0.003164 0.00768093 0.0388475 0.475352 0.0209736 0.0123971 0.0105662 -0.00021 
0.00394149 0.0101346 0.0485875 0.593542 0.0251234 0.0149998 0.012928 0.00011 
0.00404093 0.0113018 0.056684 0.700728 0.029975 0.018111 0.0156715 -0.00015 
0.0049687 0.0128599 0.0636196 0.783614 0.0333682 0.0199471 0.0176691 0 
0.00561541 0.0141532 0.0670469 0.828025 0.0356585 0.0211112 0.0182527 0.00023 
0.00507541 0.0136732 0.0675269 0.828155 0.0353085 0.0208312 0.0186027 0.00016 
0.0051287 0.0133899 0.0638696 0.783504 0.0341782 0.0203371 0.0174591 -6e-005 
0.00490093 0.0112018 0.056764 0.701459 0.029755 0.018401 0.0154515 9e-005 
0.00425149 0.00975458 0.0484975 0.593942 0.0260434 0.0148898 0.013598 0.00042 
0.002964 0.00781093 0.0388475 0.475142 0.0208436 0.0121571 0.0111162 -0.00011 
0.00207572 0.0061171 0.0297214 0.359491 0.0159532 0.00891097 0.00844168 3e-005 
0.00151212 0.00426278 0.0205796 0.257931 0.0110528 0.00708278 0.00557361 -0.00026 
0.00152982 0.00286291 0.0145666 0.175238 0.00726917 0.00453865 0.00391019 4e-005 
0.000258009 0.00141129 0.00950899 0.111956 0.00520397 0.00312521 0.00238355 -0.0004 
-4.45054e-005 0.00152893 0.00563488 0.0682298 0.00257195 0.00215784 0.00168454 -5e-005 
0.000279867 0.000437727 0.00302992 0.0387094 0.00121222 0.00138709 0.000864712 -1e-005 
0.000555614 0.000551552 0.00177047 0.0216322 0.000893018 0.000791169 0.000904748 0.00036 
0.000455844 0.000367038 0.00169298 0.00868873 0.000341195 0.00024451 0.000972946 -0.00037 
-2.54115e-005 0.000274892 0.00301637 0.0174682 0.00171842 0.00071638 0.00148856 0.00024 
0.000147498 0.000827173 0.00570547 0.0327116 0.00269876 0.00184115 0.00153667 -0.00028 
0.000529665 0.00272571 0.00933582 0.0563393 0.00556142 0.00343612 0.00363087 0.00018 
0.00185086 0.00376499 0.0157254 0.092931 0.00913462 0.00663011 0.00494275 -0.00032 
0.00215482 0.00569316 0.0244945 0.144717 0.0140091 0.0101541 0.00879066 0.00037 
0.00298335 0.00843917 0.0361378 0.21289 0.0202701 0.0151985 0.0127286 -0.00045 
0.00470854 0.0124946 0.0503443 0.297365 0.0282466 0.0201909 0.0173676 8e-005 
0.00581895 0.0160865 0.066323 0.393029 0.037256 0.0276928 0.0227025 0.00041 
0.00760685 0.0200996 0.0833122 0.489902 0.0455177 0.0341471 0.0281919 -0.00048 
0.00838197 0.023574 0.0980327 0.579009 0.0543272 0.040011 0.03324 -0.00025 
0.00996167 0.0266161 0.109347 0.646687 0.0608534 0.0445348 0.037354 0.00027 
0.010841 0.0282275 0.116458 0.68454 0.0638173 0.0479363 0.0400573 -0.00036 
0.010201 0.0277775 0.115618 0.68393 0.0639773 0.0479063 0.0402073 -0.00036 
0.0102317 0.0260361 0.109647 0.647357 0.0610534 0.0453647 0.037824 -0.00026 
0.00829197 0.023614 0.0983027 0.578909 0.0541372 0.040661 0.03336 -0.00016 
0.00702685 0.0199296 0.0835222 0.490652 0.0462177 0.0338571 0.0286019 0.00024 
0.00565895 0.0158065 0.066613 0.392519 0.037176 0.0269728 0.0232125 0.00022 
0.00432855 0.0118846 0.0507643 0.297665 0.0279266 0.0207509 0.0173476 9e-005 
0.00345335 0.00857917 0.0360878 0.21262 0.0200401 0.0146385 0.0120286 -0.00017 
0.00232482 0.00578316 0.0240845 0.144117 0.0139391 0.00986415 0.00799066 0.0002 
0.00131086 0.00346499 0.0152954 0.092191 0.00832462 0.00663011 0.00521275 0.00037 
0.000459665 0.00261571 0.00960582 0.0558293 0.00564142 0.00394612 0.00322087 0.00047 
0.000517498 0.00110717 0.00517547 0.0318516 0.00307876 0.00195115 0.00150667 -0.00032 
0.000444589 0.000624892 0.00334637 0.0171282 0.00124842 0.00160638 0.00107856 0.00027 
23.5
0.897932 0.0180175 
0.868967 -0.0304626 
0.833196 0.0489418 
0.834814 0.055934 
0.844765 0.0119421 
0.83818 0.0274199 
0.836481 0.0196837 
0.83679 0.0258836 
0.835444 0.0241921 
0.836851 0.0186474 
0.837678 0.0260619 
0.837153 0.0235288 
0.836505 0.020649 
0.83722 0.0229279 
0.835411 0.0225981 
0.83713 0.0227239 
0.835389 0.0223014 
0.835222 0.0266221 
0.834645 0.0253472 
0.837453 0.0269412 
0.834803 0.0152211 
0.836448 0.0410874 
0.834478 0.0413636 
0.842958 0.0399722 
0.798273 0.0239562 
0.680762 -0.00356818 
0.708436 0.167371 
0.719437 0.0701317 
0.69078 0.085215 
0.688481 0.0623435 
0.689084 0.0873473 
0.689751 0.0871117 
0.690394 0.0726044 
0.690847 0.0787411 
0.691193 0.0734442 
0.692118 0.0761948 
0.691382 0.0743255 
0.690146 0.0750351 
0.691105 0.0794606 
0.690504 0.0776955 
0.69142 0.0777912 
0.691247 0.0778741 
0.691105 0.0802109 
0.691171 0.0788357 
0.691565 0.070896 
0.692526 0.0721474 
0.69615 0.0835546 
0.686547 0.0858354 
0.704863 0.0566246 
0.672289 0.0693533 
0.837618 0.0262433 
0.83685 0.0224482 
0.83587 0.0257492 
0.690076 0.0781153 
0.691124 0.0762781 
0.692169 0.07733 
