0
003
0
0
0
0
0
0
0
0
-1
-42078.6
30.8
-0.813631 0 0 0 0 
-0.806409 0 0 0 0 
-0.767345 0 0 0 0 
-0.748305 0 0 0 0 
-0.71515 0 0 0 0 
-0.695454 0 0 0 0 
-0.682979 0 0 0 0 
-0.66952 0 0 0 0 
0 0 0 0 0 
0 0 0 0 0 
0 0 0 0 0 
0 0 0 0 0 
0 0 0 0 0 
0 0 0 0 0 
0 0 0 0 0 
0 0 0 0 0 
-3.41585e-005 0.000114126 0.000563812 0.0109916 -1.8719e-005 -0.000268508 0.000446027 -0.00029 
0.000278764 0.000220719 0.00107927 0.021914 0.000422111 0.000251929 0.000152332 8e-005 
4.03959e-005 0.000637217 0.0025234 0.0400097 0.00125417 0.00097897 0.000847589 -4e-005 
-0.000150728 0.000971463 0.00466977 0.0703002 0.00245735 0.00137282 0.00158355 0.00032 
0.000765852 0.00135626 0.00710726 0.115865 0.00353499 0.00196096 0.00166836 0.00031 
0.000638112 0.00240801 0.0116021 0.181463 0.00628307 0.00336147 0.00304192 -6e-005 
0.00160502 0.00314985 0.0176821 0.266954 0.00897442 0.00513833 0.00425411 0.00046 
0.00192922 0.00468279 0.0238605 0.373673 0.0130174 0.00736364 0.00615038 -0.00028 
0.00256132 0.006091 0.0323114 0.492899 0.0175863 0.00949615 0.0080429 -0.00021 
0.00318884 0.008149 0.0404248 0.615456 0.0208932 0.011377 0.00977676 0.00011 
0.00315178 0.00895612 0.0470409 0.726616 0.0249777 0.0138312 0.0119488 -0.00015 
0.00397506 0.0102386 0.0528432 0.812544 0.0277836 0.0151643 0.0135089 0 
0.004565 0.0113821 0.0556549 0.858608 0.0297548 0.0160552 0.0138549 0.00023 
0.004025 0.0109021 0.0561349 0.858738 0.0294048 0.0157752 0.0142049 0.00016 
0.00413506 0.0107686 0.0530932 0.812434 0.0285936 0.0155543 0.0132989 -6e-005 
0.00401178 0.00885612 0.0471209 0.727346 0.0247577 0.0141212 0.0117288 9e-005 
0.00349884 0.007769 0.0403348 0.615856 0.0218132 0.011267 0.0104468 0.00042 
0.00236132 0.006221 0.0323114 0.492689 0.0174563 0.00925615 0.0085929 -0.00011 
0.00161922 0.00491279 0.0247705 0.372783 0.0133874 0.00671364 0.00653038 3e-005 
0.00118502 0.00339985 0.0170321 0.267454 0.00921442 0.00550833 0.00420411 -0.00026 
0.00130811 0.00227801 0.0121621 0.181693 0.00602307 0.00347147 0.00298192 4e-005 
0.000115852 0.00103626 0.00796726 0.116095 0.00440499 0.00244096 0.00178836 -0.0004 
-0.000130728 0.00130146 0.00469977 0.0707402 0.00208735 0.00174282 0.00132355 -5e-005 
0.000230396 0.000307218 0.0024934 0.0401497 0.000934173 0.00114897 0.000657589 -1e-005 
0.000528764 0.000480719 0.00147927 0.022414 0.000742111 0.000661929 0.000792332 0.00036 
0.000436449 0.000310953 0.00151518 0.00923831 0.000232074 0.000139567 0.000890926 -0.00037 
-6.31888e-005 0.000165655 0.00267006 0.0185386 0.00150588 0.000511979 0.00132881 0.00024 
7.78946e-005 0.000625905 0.00506741 0.0346838 0.00230716 0.00146455 0.00124233 -0.00028 
0.000408352 0.00237492 0.00822373 0.0597767 0.0048789 0.00277974 0.00311786 0.00018 
0.00165085 0.00318663 0.0138919 0.0985984 0.00800933 0.00554791 0.00409694 -0.00032 
0.00184287 0.00479114 0.0216349 0.153556 0.0122541 0.00846633 0.00747152 0.00037 
0.00252313 0.00710838 0.0319189 0.22593 0.0176808 0.0127084 0.0107824 -0.00045 
0.00406625 0.0106374 0.0444564 0.315564 0.0246329 0.0167157 0.0146515 8e-005 
0.004971 0.0136345 0.0585498 0.417056 0.0324854 0.0231048 0.0191168 0.00041 
0.00654789 0.0170375 0.0736046 0.519908 0.0395599 0.0284174 0.0237137 -0.00048 
0.00713096 0.0199565 0.0865646 0.614457 0.0472888 0.0332421 0.0279498 -0.00025 
0.00856364 0.0225735 0.096531 0.686301 0.0529879 0.0369705 0.031442 0.00027 
0.00936315 0.023954 0.10291 0.726416 0.0555024 0.0399399 0.0338076 -0.00036 
0.00872315 0.023504 0.10207 0.725806 0.0556624 0.0399099 0.0339576 -0.00036 
0.00883364 0.0219935 0.096831 0.686971 0.0531879 0.0378005 0.031912 -0.00026 
0.00704096 0.0199965 0.0868346 0.614357 0.0470988 0.0338921 0.0280698 -0.00016 
0.00596789 0.0168675 0.0738146 0.520658 0.0402599 0.0281274 0.0241237 0.00024 
0.004811 0.0133545 0.0588398 0.416546 0.0324054 0.0223848 0.0196268 0.00022 
0.00368625 0.0100274 0.0448764 0.315864 0.024313 0.0172757 0.0146315 9e-005 
0.00299313 0.00724838 0.0318689 0.22566 0.0174508 0.0121484 0.0100824 -0.00017 
0.00201287 0.00488114 0.0212249 0.152956 0.0121841 0.00817633 0.00667152 0.0002 
0.00111085 0.00288663 0.0134619 0.0978584 0.00719933 0.00554791 0.00436694 0.00037 
0.000338352 0.00226492 0.00849373 0.0592667 0.0049589 0.00328974 0.00270786 0.00047 
0.000447895 0.000905905 0.00453741 0.0338238 0.00268716 0.00157455 0.00121233 -0.00032 
0.000406811 0.000515655 0.00300006 0.0181986 0.00103588 0.00140198 0.000918807 0.00027 
23.5
0.931951 0.00786484 
0.901101 -0.0400522 
0.8643 0.0396587 
0.865719 0.0467105 
0.876049 0.00260593 
0.869086 0.0181963 
0.867416 0.0104516 
0.867641 0.0166764 
0.866273 0.0149915 
0.867737 0.0094299 
0.868615 0.0168292 
0.868049 0.0143082 
0.86739 0.0114316 
0.868127 0.013704 
0.866247 0.0133954 
0.868014 0.0135068 
0.8662 0.0131062 
0.866056 0.01742 
0.865494 0.0161409 
0.868363 0.0177162 
0.865544 0.00604692 
0.86736 0.0318617 
0.865171 0.0322035 
0.874313 0.0306144 
0.827111 0.0153498 
0.723809 -0.0205627 
0.751835 0.150235 
0.7628 0.0530109 
0.732915 0.0685792 
0.730456 0.0457712 
0.73116 0.0707348 
0.731989 0.0704348 
0.732636 0.0559264 
0.733068 0.0620713 
0.733516 0.0567344 
0.734478 0.05947 
0.733722 0.057609 
0.732353 0.0583707 
0.733409 0.0627581 
0.732746 0.0610175 
0.733745 0.0610804 
0.733508 0.0611884 
0.733396 0.0635132 
0.733418 0.0621557 
0.733968 0.0541543 
0.734988 0.0553826 
0.738933 0.0666628 
0.728807 0.0691505 
0.748496 0.0393979 
0.714293 0.0527698 
0.86856 0.0170089 
0.86774 0.0132293 
0.866719 0.0165427 
0.732249 0.0614646 
0.733424 0.0595772 
0.734565 0.0605911 
