0
003
0
0
0
0
0
0
0
0
1
-42078.6
30.8
-1.46328 0 0 0 0 
-1.45934 0 0 0 0 
-1.40255 0 0 0 0 
-1.3776 0 0 0 0 
-1.34116 0 0 0 0 
-1.32573 0 0 0 0 
-1.3172 0 0 0 0 
-1.30439 0 0 0 0 
0 0 0 0 0 
0 0 0 0 0 
0 0 0 0 0 
0 0 0 0 0 
0 0 0 0 0 
0 0 0 0 0 
0 0 0 0 0 
0 0 0 0 0 
-5.76225e-005 0.000119091 -0.000133019 0.0118801 -0.000149042 -0.000223896 0.000358825 -0.00029 
0.000233063 0.00023039 -0.000277971 0.0236446 0.000168278 0.000338823 -1.75146e-005 8e-005 
-4.38082e-005 0.000655036 2.27122e-005 0.0431983 0.00078649 0.00113907 0.00053465 -4e-005 
-0.000297488 0.00100252 0.000311305 0.0758576 0.00164222 0.00165186 0.00103812 0.00032 
0.000523885 0.00140747 -7.86419e-005 0.125028 0.00219107 0.00242101 0.000769112 0.00031 
0.000260736 0.00248787 0.000394775 0.195753 0.00418706 0.00407899 0.00163943 -6e-005 
0.00104826 0.00326767 0.0011475 0.288037 0.00588209 0.00619691 0.00218495 0.00046 
0.0011522 0.00484722 0.000784644 0.403096 0.00870176 0.00884101 0.00326264 -0.00028 
0.00153551 0.00630808 0.00184677 0.531744 0.0118888 0.0114466 0.00423052 -0.00021 
0.00190775 0.00842009 0.0023791 0.663968 0.0137778 0.0138128 0.00501568 0.00011 
0.00163835 0.00927639 0.00209528 0.783926 0.0165718 0.0167088 0.00632424 -0.00015 
0.00228378 0.0105965 0.0026156 0.876589 0.0183899 0.01838 0.00722333 0 
0.0027771 0.0117604 0.00255788 0.926312 0.0198245 0.0194546 0.00721027 0.00023 
0.0022371 0.0112804 0.00303788 0.926442 0.0194745 0.0191746 0.00756027 0.00016 
0.00244378 0.0111265 0.0028656 0.876479 0.0191999 0.01877 0.00701333 -6e-005 
0.00249835 0.00917638 0.00217528 0.784656 0.0163518 0.0169988 0.00610424 9e-005 
0.00221775 0.00804009 0.0022891 0.664368 0.0146978 0.0137028 0.00568568 0.00042 
0.00133551 0.00643808 0.00184677 0.531534 0.0117588 0.0112066 0.00478052 -0.00011 
0.000842197 0.00507722 0.00169464 0.402206 0.00907176 0.00819101 0.00364264 3e-005 
0.000628263 0.00351767 0.000497496 0.288537 0.00612209 0.00656691 0.00213495 -0.00026 
0.000930736 0.00235787 0.000954775 0.195983 0.00392706 0.00418899 0.00157943 4e-005 
-0.000126114 0.00108747 0.000781358 0.125258 0.00306107 0.00290101 0.000889112 -0.0004 
-0.000277488 0.00133252 0.000341305 0.0762976 0.00127222 0.00202186 0.000778123 -5e-005 
0.000146192 0.000325036 -7.28775e-006 0.0433383 0.00046649 0.00130907 0.00034465 -1e-005 
0.000483063 0.00049039 0.000122029 0.0241446 0.000488278 0.000748823 0.000622485 0.00036 
0.000335393 6.62399e-005 0.000274366 0.0122478 -0.000335398 -0.000295278 0.000471422 -0.00037 
-0.000260018 -0.000310982 0.000253278 0.0244004 0.000400601 -0.000334984 0.000511725 0.00024 
-0.000284759 -0.000252288 0.000614535 0.045484 0.0002707 -9.59625e-005 -0.000263123 -0.00028 
-0.00022372 0.000844311 0.00046278 0.0786005 0.00132954 5.99097e-005 0.00049399 0.00018 
0.000608738 0.000663083 0.00109625 0.129633 0.00215742 0.00106367 -0.000229088 -0.00032 
0.000217572 0.000855353 0.00167855 0.201959 0.00312733 0.0014726 0.00072454 0.00037 
0.000125253 0.00130176 0.00247643 0.297341 0.00421572 0.0023903 0.000828313 -0.00045 
0.000719751 0.00253357 0.00336614 0.415226 0.00584087 0.0023156 0.000759408 8e-005 
0.00055297 0.00293593 0.00430277 0.548629 0.0076762 0.00409393 0.000776555 0.00041 
0.00103044 0.00367658 0.00585821 0.684223 0.00857697 0.00467565 0.000809616 -0.00048 
0.00061286 0.00417248 0.00653164 0.808572 0.0106868 0.00519457 0.000891738 -0.00025 
0.00127954 0.00493458 0.00709274 0.903229 0.0120845 0.00562676 0.00120412 0.00027 
0.00166293 0.00530734 0.00836249 0.955737 0.0122623 0.00680562 0.00184233 -0.00036 
0.00102293 0.00485734 0.00752249 0.955127 0.0124223 0.00677562 0.00199233 -0.00036 
0.00154954 0.00435458 0.00739274 0.903899 0.0122845 0.00645676 0.00167412 -0.00026 
0.00052286 0.00421248 0.00680164 0.808472 0.0104968 0.00584457 0.00101174 -0.00016 
0.000450438 0.00350658 0.00606821 0.684973 0.00927697 0.00438565 0.00121962 0.00024 
0.00039297 0.00265593 0.00459277 0.548119 0.0075962 0.00337393 0.00128656 0.00022 
0.000339751 0.00192357 0.00378614 0.415526 0.00552087 0.0028756 0.000739408 9e-005 
0.000595253 0.00144176 0.00242643 0.297071 0.00398572 0.0018303 0.000128313 -0.00017 
0.000387572 0.000945353 0.00126855 0.201359 0.00305733 0.0011826 -7.54605e-005 0.0002 
6.87382e-005 0.000363083 0.000666253 0.128893 0.00134742 0.00106367 4.0912e-005 0.00037 
-0.00029372 0.000734311 0.00073278 0.0780905 0.00140954 0.00056991 8.39899e-005 0.00047 
8.52407e-005 2.77124e-005 8.4535e-005 0.044624 0.0006507 1.40375e-005 -0.000293123 -0.00032 
0.000209982 3.90178e-005 0.000583278 0.0240604 -6.9399e-005 0.000555016 0.000101725 0.00027 
23.5
1.00726 0.0464073 
0.972242 -0.00364385 
0.933161 0.0748981 
0.934136 0.081723 
0.945306 0.0380495 
0.937506 0.0532111 
0.935901 0.0454995 
0.935941 0.0516294 
0.934523 0.0499192 
0.936114 0.0444224 
0.937104 0.051879 
0.936449 0.0493121 
0.935766 0.0464235 
0.93655 0.0487203 
0.934514 0.0483315 
0.936387 0.0484974 
0.934412 0.048014 
0.934318 0.0523537 
0.933787 0.0510906 
0.936795 0.0527366 
0.9336 0.0408752 
0.935795 0.0668836 
0.93312 0.0669765 
0.943728 0.066138 
0.890956 0.0480221 
0.959517 -0.0724436 
0.989472 0.0979135 
1.00024 0.000741638 
0.963627 0.01779 
0.960294 -0.00482344 
0.96155 0.0200166 
0.96327 0.0195205 
0.963935 0.00500921 
0.964254 0.0111785 
0.965257 0.00571975 
0.966426 0.00840962 
0.965554 0.00657424 
0.963464 0.00749471 
0.965048 0.0117656 
0.964045 0.0101 
0.965499 0.0100626 
0.964913 0.0102474 
0.964969 0.0125352 
0.964744 0.011232 
0.966151 0.00304266 
0.967491 0.00420029 
0.973196 0.0150922 
0.9602 0.0182114 
0.987407 -0.0131939 
0.944285 0.00214082 
0.937061 0.0520649 
0.936126 0.0482266 
0.935014 0.051493 
0.96317 0.0106302 
0.965042 0.00858949 
0.966709 0.00948748 
