0
003
0
0
0
0
0
0
0
0
1
-42078.6
30.8
-0.819868 0 0 0 0 
-0.812317 0 0 0 0 
-0.774238 0 0 0 0 
-0.755199 0 0 0 0 
-0.72073 0 0 0 0 
-0.701691 0 0 0 0 
-0.689216 0 0 0 0 
-0.676742 0 0 0 0 
0 0 0 0 0 
0 0 0 0 0 
0 0 0 0 0 
0 0 0 0 0 
0 0 0 0 0 
0 0 0 0 0 
0 0 0 0 0 
0 0 0 0 0 
-4.60962e-005 8.39635e-005 0.000425542 0.0113432 -8.5782e-005 -0.000322834 0.000396267 -0.00029 
0.000255513 0.000161971 0.000809957 0.0225989 0.00029149 0.000146117 5.54124e-005 8e-005 
-2.44427e-006 0.000528976 0.00202719 0.0412717 0.00101351 0.000784014 0.000669016 -4e-005 
-0.000225395 0.000782807 0.00380493 0.0724997 0.00203789 0.00103302 0.00127231 0.00032 
0.000642748 0.00104522 0.00568138 0.119491 0.00284342 0.00140073 0.00115522 0.00031 
0.000446116 0.0019229 0.00937824 0.187119 0.00520448 0.00248773 0.00224162 -6e-005 
0.00132176 0.00243415 0.0144012 0.275298 0.00738313 0.00384927 0.00307338 0.00046 
0.0015339 0.00368395 0.0192816 0.385318 0.0107966 0.00556461 0.00450255 -0.00028 
0.00203942 0.00477234 0.0262664 0.508272 0.0146544 0.00712109 0.00586744 -0.00021 
0.00253707 0.00650219 0.0328755 0.634655 0.0172317 0.00841096 0.00705994 0.00011 
0.0023818 0.00701065 0.0381225 0.749298 0.0206521 0.0103272 0.00873925 -0.00015 
0.00311459 0.0080645 0.0428767 0.837892 0.0229497 0.0112485 0.00992215 0 
0.00365538 0.00908377 0.045119 0.885403 0.0246447 0.0119157 0.0100633 0.00023 
0.00311538 0.00860377 0.045599 0.885533 0.0242947 0.0116357 0.0104133 0.00016 
0.00327459 0.0085945 0.0431267 0.837782 0.0237597 0.0116385 0.00971215 -6e-005 
0.0032418 0.00691065 0.0382025 0.750028 0.0204321 0.0106172 0.00851925 9e-005 
0.00284707 0.00612219 0.0327855 0.635055 0.0181517 0.00830096 0.00772994 0.00042 
0.00183942 0.00490234 0.0262664 0.508062 0.0145244 0.00688109 0.00641744 -0.00011 
0.0012239 0.00391395 0.0201916 0.384428 0.0111666 0.00491461 0.00488255 3e-005 
0.000901761 0.00268415 0.0137512 0.275798 0.00762313 0.00421927 0.00302338 -0.00026 
0.00111612 0.0017929 0.00993824 0.187349 0.00494448 0.00259773 0.00218162 4e-005 
-7.25241e-006 0.000725221 0.00654138 0.119721 0.00371342 0.00188073 0.00127522 -0.0004 
-0.000205395 0.00111281 0.00383493 0.0729397 0.00166789 0.00140302 0.00101231 -5e-005 
0.000187556 0.000198976 0.00199719 0.0414117 0.000693507 0.000954014 0.000479016 -1e-005 
0.000505513 0.000421971 0.00120996 0.0230989 0.00061149 0.000556117 0.000695412 0.00036 
0.000418299 0.000259415 0.00134254 0.0097555 0.000129981 4.35895e-005 0.00081433 -0.00037 
-9.85404e-005 6.52724e-005 0.0023338 0.019546 0.00130703 0.00032504 0.00117962 0.00024 
1.276e-005 0.000440953 0.00444786 0.0365399 0.00194078 0.00112012 0.000967456 -0.00028 
0.000294829 0.00205257 0.00714391 0.0630116 0.00424034 0.00217943 0.00263878 0.00018 
0.00146368 0.00265516 0.0121116 0.103932 0.00695652 0.00455816 0.00330707 -0.00032 
0.00155096 0.00396224 0.0188583 0.161874 0.0106121 0.00692269 0.00623961 0.00037 
0.00209246 0.00588548 0.0278224 0.238202 0.0152583 0.010431 0.00896492 -0.00045 
0.0034652 0.00893066 0.0387393 0.332691 0.0212521 0.0135374 0.012115 8e-005 
0.0041775 0.0113813 0.0510022 0.439667 0.028022 0.0189088 0.0157681 0.00041 
0.00555692 0.0142236 0.0641787 0.548146 0.0339858 0.0231772 0.0195318 -0.00048 
0.00596027 0.0166323 0.0754292 0.647816 0.0407038 0.0270516 0.0230093 -0.00025 
0.00725537 0.0188587 0.0840871 0.723581 0.0456291 0.0300524 0.025921 0.00027 
0.00798015 0.0200269 0.0897554 0.765826 0.0477232 0.0326266 0.0279712 -0.00036 
0.00734015 0.0195769 0.0889154 0.765216 0.0478832 0.0325966 0.0281212 -0.00036 
0.00752537 0.0182787 0.0843871 0.724251 0.0458291 0.0308824 0.026391 -0.00026 
0.00587027 0.0166723 0.0756992 0.647716 0.0405138 0.0277016 0.0231293 -0.00016 
0.00497692 0.0140536 0.0643887 0.548896 0.0346858 0.0228872 0.0199418 0.00024 
0.0040175 0.0111013 0.0512922 0.439157 0.027942 0.0181888 0.0162781 0.00022 
0.0030852 0.00832066 0.0391593 0.332991 0.0209321 0.0140974 0.012095 9e-005 
0.00256246 0.00602548 0.0277724 0.237932 0.0150283 0.00987104 0.00826492 -0.00017 
0.00172096 0.00405224 0.0184483 0.161274 0.0105421 0.00663269 0.00543961 0.0002 
0.000923681 0.00235516 0.0116816 0.103192 0.00614652 0.00455816 0.00357707 0.00037 
0.000224829 0.00194257 0.00741391 0.0625016 0.00432034 0.00268943 0.00222878 0.00047 
0.00038276 0.000720953 0.00391786 0.0356799 0.00232078 0.00123012 0.000937456 -0.00032 
0.00037146 0.000415272 0.0026638 0.019206 0.000837035 0.00121504 0.000769618 0.00027 
23.5
0.961756 0.000184089 
0.929256 -0.0473069 
0.891552 0.0326357 
0.892795 0.0397327 
0.903458 -0.00445717 
0.896163 0.0112185 
0.894519 0.00346718 
0.894671 0.00971088 
0.893283 0.00803105 
0.894797 0.00245657 
0.89572 0.00984428 
0.895119 0.00733249 
0.894451 0.00445834 
0.895206 0.00672592 
0.893264 0.0064333 
0.895073 0.00653385 
0.893195 0.00614968 
0.893071 0.0104582 
0.892521 0.00917599 
0.895446 0.0107372 
0.892478 -0.00089362 
0.894444 0.0248822 
0.892062 0.0252736 
0.901784 0.023535 
0.852378 0.00883877 
0.764319 -0.0357359 
0.792676 0.134934 
0.803607 0.0377249 
0.772566 0.0537262 
0.769957 0.0309749 
0.770756 0.0559026 
0.771738 0.0555453 
0.772388 0.0410359 
0.772801 0.0471879 
0.773344 0.0418154 
0.774341 0.0445376 
0.773565 0.0426841 
0.772072 0.0434922 
0.773219 0.0478456 
0.772498 0.046127 
0.773575 0.0461605 
0.773278 0.046291 
0.773195 0.0486049 
0.773174 0.0472633 
0.773872 0.0392069 
0.774946 0.0404145 
0.779194 0.0515813 
0.768575 0.0542537 
0.789556 0.0240174 
0.75382 0.0379635 
0.89567 0.0100228 
0.894804 0.00625497 
0.893747 0.00957765 
0.771935 0.0465983 
0.773231 0.044666 
0.774462 0.0456461 
