0
003
0
0
0
0
0
0
0
0
-1
-42078.6
30.8
-0.85729 0 0 0 0 
-0.850068 0 0 0 0 
-0.809363 0 0 0 0 
-0.789339 0 0 0 0 
-0.754542 0 0 0 0 
-0.735174 0 0 0 0 
-0.723028 0 0 0 0 
-0.709897 0 0 0 0 
0 0 0 0 0 
0 0 0 0 0 
0 0 0 0 0 
0 0 0 0 0 
0 0 0 0 0 
0 0 0 0 0 
0 0 0 0 0 
0 0 0 0 0 
-5.60677e-005 6.0307e-005 0.00029988 0.0116417 -0.000141763 -0.000364591 0.000354956 -0.00029 
0.000236091 0.000115894 0.000565201 0.0231802 0.000182455 6.4786e-005 -2.50504e-005 8e-005 
-3.82287e-005 0.000444081 0.00157624 0.0423427 0.000812611 0.000634163 0.000520765 -4e-005 
-0.000287764 0.000634843 0.00301896 0.0743664 0.00168774 0.000771849 0.00101392 0.00032 
0.000539919 0.000801269 0.00438552 0.122569 0.00226613 0.000970127 0.000729214 0.00031 
0.000285741 0.00154243 0.00735719 0.191919 0.00430412 0.00181615 0.00157721 -6e-005 
0.00108515 0.00187283 0.0114194 0.28238 0.0060548 0.00285845 0.00209315 0.00046 
0.00120368 0.00290056 0.0151203 0.395201 0.0089428 0.00418182 0.00313452 -0.00028 
0.00160348 0.00373811 0.0207726 0.52132 0.012207 0.00529554 0.00406137 -0.00021 
0.00199264 0.00521059 0.0260146 0.65095 0.0141753 0.00613112 0.00480444 0.00011 
0.00173864 0.00548481 0.0300173 0.768548 0.0170413 0.00763389 0.00607469 -0.00015 
0.00239584 0.00635933 0.033819 0.859404 0.0189146 0.00823869 0.00694446 0 
0.00289557 0.0072812 0.0355438 0.908144 0.0203791 0.00873392 0.00691547 0.00023 
0.00235557 0.0068012 0.0360238 0.908274 0.0200291 0.00845392 0.00726547 0.00016 
0.00255584 0.00688933 0.034069 0.859294 0.0197246 0.00862869 0.00673446 -6e-005 
0.00259864 0.00538481 0.0300973 0.769278 0.0168213 0.00792389 0.00585469 9e-005 
0.00230264 0.00483059 0.0259246 0.65135 0.0150953 0.00602112 0.00547444 0.00042 
0.00140348 0.00386811 0.0207726 0.52111 0.012077 0.00505554 0.00461137 -0.00011 
0.000893683 0.00313056 0.0160303 0.394311 0.0093128 0.00353182 0.00351452 3e-005 
0.000665154 0.00212283 0.0107694 0.28288 0.0062948 0.00322845 0.00204315 -0.00026 
0.000955741 0.00141243 0.00791719 0.192149 0.00404412 0.00192615 0.00151721 4e-005 
-0.000110081 0.000481269 0.00524552 0.122799 0.00313613 0.00145013 0.000849214 -0.0004 
-0.000267764 0.000964843 0.00304896 0.0748064 0.00131774 0.00114185 0.000753923 -5e-005 
0.000151771 0.000114081 0.00154624 0.0424827 0.000492611 0.000804163 0.000330766 -1e-005 
0.000486091 0.000375894 0.000965201 0.0236802 0.000502455 0.000474786 0.00061495 0.00036 
0.000401574 0.000212936 0.00117678 0.0102352 3.59306e-005 -4.24692e-005 0.000743919 -0.00037 
-0.000131115 -2.52571e-005 0.00201094 0.0204802 0.00112385 0.00015742 0.00104248 0.00024 
-4.72575e-005 0.000274154 0.00385298 0.0382612 0.00160327 0.000811282 0.000714774 -0.00028 
0.000190224 0.00176185 0.0061071 0.0660118 0.00365209 0.00164115 0.00219838 0.00018 
0.00129122 0.00217585 0.0104022 0.108878 0.00598666 0.0036707 0.00258097 -0.00032 
0.00128198 0.0032147 0.0161923 0.169589 0.0090995 0.00553859 0.00510717 0.00037 
0.00169562 0.0047826 0.0238891 0.249584 0.0130267 0.00838902 0.00729419 -0.00045 
0.00291137 0.00739148 0.0332499 0.348576 0.0181376 0.0106875 0.00978326 8e-005 
0.00344633 0.00934931 0.0437551 0.460638 0.0239102 0.0151464 0.0126898 0.00041 
0.00464381 0.0116859 0.0551283 0.574335 0.0288508 0.0184786 0.0156874 -0.00048 
0.00488156 0.0136344 0.0647373 0.678755 0.0346376 0.0215008 0.0184678 -0.00025 
0.00604989 0.0155085 0.0721387 0.758156 0.0388499 0.0238492 0.0208457 0.00027 
0.0067058 0.0164853 0.0771244 0.802376 0.0405568 0.0260691 0.022606 -0.00036 
0.0060658 0.0160353 0.0762844 0.801766 0.0407168 0.0260391 0.022756 -0.00036 
0.00631989 0.0149285 0.0724387 0.758826 0.0390499 0.0246792 0.0213157 -0.00026 
0.00479156 0.0136744 0.0650073 0.678655 0.0344476 0.0221508 0.0185878 -0.00016 
0.00406381 0.0115159 0.0553382 0.575085 0.0295508 0.0181886 0.0160974 0.00024 
0.00328633 0.00906931 0.0440451 0.460128 0.0238302 0.0144264 0.0131998 0.00022 
0.00253137 0.00678148 0.0336699 0.348876 0.0178176 0.0112475 0.00976326 9e-005 
0.00216562 0.0049226 0.0238391 0.249314 0.0127967 0.00782902 0.00659419 -0.00017 
0.00145198 0.0033047 0.0157823 0.168989 0.0090295 0.00524859 0.00430717 0.0002 
0.000751216 0.00187585 0.00997216 0.108138 0.00517666 0.0036707 0.00285097 0.00037 
0.000120224 0.00165185 0.0063771 0.0655018 0.00373209 0.00215115 0.00178838 0.00047 
0.000322743 0.000554154 0.00332298 0.0374012 0.00198327 0.000921282 0.000684774 -0.00032 
0.000338885 0.000324743 0.00234094 0.0201402 0.00065385 0.00104742 0.000632476 0.00027 
23.5
0.987051 -0.00494868 
0.95315 -0.0521549 
0.914681 0.0279424 
0.915775 0.0350696 
0.926719 -0.00917719 
0.919144 0.00655535 
0.917522 -0.00120025 
0.917611 0.00505603 
0.916207 0.00337958 
0.917763 -0.00220347 
0.918724 0.00517652 
0.918092 0.00267087 
0.917416 -0.00020164 
0.918188 0.00206267 
0.916193 0.00178073 
0.918038 0.00187403 
0.916106 0.00150088 
0.915999 0.00580591 
0.91546 0.00452158 
0.91843 0.00607332 
0.915336 -0.00553174 
0.917429 0.020218 
0.914884 0.0206425 
0.925099 0.0188039 
0.873822 0.00448765 
0.801888 -0.048937 
0.830553 0.121623 
0.841453 0.0244255 
0.809339 0.0408036 
0.80659 0.0181016 
0.807477 0.042998 
0.808602 0.0425908 
0.809255 0.0280805 
0.809649 0.0342389 
0.810281 0.0288352 
0.811312 0.0315459 
0.810517 0.0296989 
0.808909 0.0305474 
0.81014 0.0348711 
0.809364 0.0331716 
0.810514 0.0331796 
0.810162 0.0333296 
0.810106 0.0356342 
0.810045 0.0343064 
0.81088 0.0262021 
0.812005 0.0273917 
0.816533 0.0384598 
0.805456 0.0412929 
0.827636 0.0106358 
0.790478 0.0250815 
0.918677 0.00535423 
0.917774 0.00159424 
0.916685 0.00492315 
0.808742 0.0336641 
0.810148 0.0316928 
0.811463 0.0326433 
