0
003
0
0
0
0
0
0
0
0
-1
-42078.6
30.8
-0.841862 0 0 0 0 
-0.83464 0 0 0 0 
-0.793934 0 0 0 0 
-0.773582 0 0 0 0 
-0.7378 0 0 0 0 
-0.717776 0 0 0 0 
-0.704317 0 0 0 0 
-0.691514 0 0 0 0 
0 0 0 0 0 
0 0 0 0 0 
0 0 0 0 0 
0 0 0 0 0 
0 0 0 0 0 
0 0 0 0 0 
0 0 0 0 0 
0 0 0 0 0 
-6.39735e-005 4.33909e-005 0.000188075 0.0118839 -0.000186104 -0.000393362 0.000322504 -0.00029 
0.000220693 8.29459e-005 0.000347434 0.0236521 9.60898e-005 8.74684e-006 -8.82592e-005 8e-005 
-6.65997e-005 0.000383375 0.00117501 0.0432122 0.000653486 0.000530912 0.000404305 -4e-005 
-0.000337212 0.000529038 0.00231965 0.0758818 0.0014104 0.000591892 0.000810943 0.00032 
0.000458392 0.000626825 0.00323256 0.125068 0.00180887 0.000673428 0.000394556 0.00031 
0.000158591 0.00127036 0.005559 0.195816 0.00359097 0.00135341 0.00105526 -6e-005 
0.000897564 0.00147144 0.00876649 0.288129 0.00500266 0.00217576 0.00132311 0.00046 
0.00094188 0.00234037 0.0114178 0.403224 0.00747442 0.00322904 0.00205984 -0.00028 
0.00125785 0.00299856 0.0158846 0.531912 0.0102685 0.00403769 0.00264259 -0.00021 
0.001561 0.004287 0.0199102 0.664178 0.0117543 0.00456025 0.00303259 0.00011 
0.00122871 0.00439372 0.0228058 0.784175 0.0141813 0.00577813 0.0039815 -0.00015 
0.00182599 0.00514002 0.0257601 0.876867 0.0157184 0.00616484 0.00460528 0 
0.00229317 0.00599223 0.0270245 0.926606 0.0170004 0.00654159 0.00444266 0.00023 
0.00175317 0.00551223 0.0275045 0.926736 0.0166504 0.00626159 0.00479266 0.00016 
0.00198599 0.00567002 0.0260101 0.876758 0.0165284 0.00655484 0.00439528 -6e-005 
0.00208871 0.00429372 0.0228858 0.784905 0.0139613 0.00606813 0.0037615 9e-005 
0.001871 0.003907 0.0198202 0.664578 0.0126743 0.00445025 0.00370259 0.00042 
0.00105785 0.00312856 0.0158846 0.531702 0.0101385 0.00379769 0.00319259 -0.00011 
0.00063188 0.00257037 0.0123278 0.402334 0.00784442 0.00257904 0.00243984 3e-005 
0.000477564 0.00172144 0.00811649 0.288629 0.00524266 0.00254576 0.00127311 -0.00026 
0.000828591 0.00114036 0.006119 0.196046 0.00333097 0.00146341 0.000995264 4e-005 
-0.000191608 0.000306825 0.00409256 0.125298 0.00267887 0.00115343 0.000514556 -0.0004 
-0.000317212 0.000859038 0.00234965 0.0763218 0.0010404 0.000961892 0.000550943 -5e-005 
0.0001234 5.33745e-005 0.00114501 0.0433522 0.000333486 0.000700912 0.000214305 -1e-005 
0.000470693 0.000342946 0.000747434 0.0241521 0.00041609 0.000418747 0.000551741 0.00036 
0.000386442 0.000171977 0.00101954 0.0106726 -4.91419e-005 -0.000117753 0.000680392 -0.00037 
-0.000160588 -0.000105034 0.00170467 0.0213322 0.000958152 1.07878e-005 0.000918741 0.00024 
-0.000101562 0.000127167 0.00328869 0.0398309 0.00129797 0.000541115 0.000486796 -0.00028 
9.5576e-005 0.00150567 0.00512359 0.0687475 0.00311998 0.00117028 0.00180103 0.00018 
0.00113517 0.00175347 0.00878063 0.113389 0.00510937 0.00289436 0.00192586 -0.00032 
0.00103861 0.00255595 0.0136633 0.176624 0.00773126 0.00432779 0.00408544 0.00037 
0.00133656 0.00381072 0.020158 0.259962 0.0110081 0.00660267 0.00578679 -0.00045 
0.00241026 0.0060351 0.0280428 0.36306 0.0153204 0.00819444 0.00767952 8e-005 
0.00278477 0.00755864 0.0368807 0.47976 0.020191 0.0118551 0.00991244 0.00041 
0.00381762 0.00944964 0.0465431 0.598216 0.024206 0.0143682 0.012219 -0.00048 
0.00390553 0.0109925 0.0545951 0.706966 0.0291504 0.016645 0.0143703 -0.00025 
0.00495916 0.0125561 0.0608046 0.789682 0.0327179 0.0184228 0.0162666 0.00027 
0.00555275 0.0133643 0.0651428 0.835704 0.0340744 0.0203327 0.0177653 -0.00036 
0.00491275 0.0129143 0.0643028 0.835094 0.0342344 0.0203027 0.0179153 -0.00036 
0.00522916 0.0119761 0.0611046 0.790352 0.0329179 0.0192528 0.0167366 -0.00026 
0.00381553 0.0110325 0.0548651 0.706866 0.0289604 0.017295 0.0144903 -0.00016 
0.00323762 0.00927964 0.0467531 0.598966 0.024906 0.0140782 0.012629 0.00024 
0.00262477 0.00727864 0.0371707 0.47925 0.020111 0.0111351 0.0104224 0.00022 
0.00203026 0.0054251 0.0284628 0.36336 0.0150004 0.00875443 0.00765952 9e-005 
0.00180656 0.00395072 0.020108 0.259692 0.0107781 0.00604267 0.00508679 -0.00017 
0.00120861 0.00264595 0.0132533 0.176024 0.00766126 0.00403778 0.00328544 0.0002 
0.000595169 0.00145347 0.00835063 0.112649 0.00429937 0.00289436 0.00219586 0.00037 
2.5576e-005 0.00139567 0.00539359 0.0682375 0.00319998 0.00168028 0.00139103 0.00047 
0.000268438 0.000407167 0.00275869 0.0389709 0.00167797 0.000651115 0.000456796 -0.00032 
0.000309412 0.000244966 0.00203467 0.0209922 0.000488152 0.000900788 0.000508741 0.00027 
23.5
1.00759 -0.00748262 
0.972547 -0.0545482 
0.933456 0.0256254 
0.93443 0.0327674 
0.945603 -0.0115074 
0.9378 0.00425324 
0.936195 -0.00350447 
0.936234 0.002758 
0.934816 0.00108322 
0.936407 -0.00450404 
0.937398 0.00287211 
0.936742 0.000369509 
0.93606 -0.00250219 
0.936844 -0.000239501 
0.934807 -0.000516162 
0.936681 -0.000426448 
0.934704 -0.000794148 
0.934611 0.00350914 
0.93408 0.00222377 
0.937089 0.00377084 
0.933892 -0.00782148 
0.936089 0.0179154 
0.933411 0.0183562 
0.944026 0.0164683 
0.89123 0.00233957 
0.836145 -0.0600352 
0.86509 0.110431 
0.875961 0.0132447 
0.84287 0.0299395 
0.839994 0.00727897 
0.840961 0.0321491 
0.842215 0.0316999 
0.84287 0.017189 
0.843248 0.0233526 
0.843961 0.0179229 
0.845022 0.0206237 
0.84421 0.0187822 
0.842498 0.0196647 
0.843805 0.0239635 
0.84298 0.02228 
0.844196 0.0222665 
0.843793 0.022433 
0.843761 0.0247297 
0.843665 0.0234135 
0.844624 0.0152689 
0.845796 0.0164435 
0.85058 0.0274285 
0.839086 0.0303968 
0.862358 -0.000614022 
0.823904 0.0142516 
0.937355 0.00304943 
0.93642 -0.000706674 
0.935307 0.00262529 
0.842303 0.0227903 
0.84381 0.0207862 
0.845202 0.021712 
