0
003
0
0
0
0
0
0
0
0
1
-42078.6
30.8
-0.846129 0 0 0 0 
-0.838251 0 0 0 0 
-0.795904 0 0 0 0 
-0.774238 0 0 0 0 
-0.738457 0 0 0 0 
-0.717119 0 0 0 0 
-0.702675 0 0 0 0 
-0.68856 0 0 0 0 
0 0 0 0 0 
0 0 0 0 0 
0 0 0 0 0 
0 0 0 0 0 
0 0 0 0 0 
0 0 0 0 0 
0 0 0 0 0 
0 0 0 0 0 
-6.97345e-005 3.33808e-005 9.12396e-005 0.0120676 -0.000218366 -0.000408863 0.000299233 -0.00029 
0.000209472 6.34489e-005 0.000158825 0.0240099 3.32512e-005 -2.1444e-005 -0.000133584 8e-005 
-8.72741e-005 0.000347452 0.000827499 0.0438714 0.000537707 0.000475286 0.000320795 -4e-005 
-0.000373245 0.000466428 0.00171398 0.0770308 0.00120861 0.000494941 0.000665393 0.00032 
0.000398983 0.000523599 0.00223397 0.126962 0.00147617 0.000513584 0.000154585 0.00031 
6.5935e-005 0.00110937 0.00400158 0.19877 0.00307209 0.00110411 0.000681 -6e-005 
0.000760865 0.00123392 0.00646876 0.292488 0.00423713 0.00180796 0.000770939 0.00046 
0.000751101 0.00200888 0.00821107 0.409308 0.00640603 0.00271574 0.00128923 -0.00028 
0.00100598 0.00256093 0.0116511 0.539944 0.00885799 0.00336002 0.00162523 -0.00021 
0.00124646 0.00374047 0.0146232 0.674208 0.00999284 0.00371395 0.00176207 0.00011 
0.000857127 0.00374807 0.01656 0.796024 0.0121004 0.00477835 0.00248056 -0.00015 
0.00141074 0.00441849 0.0187802 0.890109 0.013393 0.00504756 0.00292794 0 
0.00185419 0.00522948 0.0196459 0.940604 0.0145421 0.00536049 0.0026695 0.00023 
0.00131419 0.00474948 0.0201259 0.940734 0.0141921 0.00508049 0.0030195 0.00016 
0.00157074 0.00494849 0.0190302 0.889999 0.014203 0.00543756 0.00271794 -6e-005 
0.00171713 0.00364807 0.01664 0.796754 0.0118804 0.00506835 0.00226056 9e-005 
0.00155646 0.00336047 0.0145332 0.674608 0.0109128 0.00360395 0.00243207 0.00042 
0.000805983 0.00269093 0.0116511 0.539734 0.00872799 0.00312002 0.00217523 -0.00011 
0.000441101 0.00223888 0.00912107 0.408418 0.00677603 0.00206574 0.00166923 3e-005 
0.000340865 0.00148392 0.00581876 0.292988 0.00447713 0.00217796 0.000720939 -0.00026 
0.000735935 0.000979368 0.00456158 0.199 0.00281209 0.00121411 0.000621 4e-005 
-0.000251017 0.000203599 0.00309397 0.127192 0.00234617 0.000993583 0.000274585 -0.0004 
-0.000353245 0.000796428 0.00174398 0.0774708 0.000838611 0.000864941 0.000405393 -5e-005 
0.000102726 1.74518e-005 0.000797499 0.0440114 0.000217707 0.000645286 0.000130795 -1e-005 
0.000459472 0.000323449 0.000558825 0.0245099 0.000353251 0.000388556 0.000506416 0.00036 
0.000373052 0.000136946 0.000872379 0.0110633 -0.000124391 -0.000181513 0.000624379 -0.00037 
-0.000186668 -0.000173265 0.00141805 0.0220932 0.000811586 -0.0001134 0.000809644 0.00024 
-0.000149614 1.45288e-006 0.00276059 0.0412331 0.00102793 0.000312302 0.000285787 -0.00028 
1.18259e-005 0.00128656 0.00420317 0.0711916 0.00264932 0.000771477 0.00145069 0.00018 
0.000997088 0.00139222 0.00726311 0.117418 0.00433337 0.00223685 0.00134824 -0.00032 
0.000823252 0.00199254 0.0112965 0.182908 0.006521 0.00330232 0.00318458 0.00037 
0.00101884 0.0029795 0.0166662 0.269234 0.00922254 0.00508975 0.00445771 -0.00045 
0.00196685 0.00487504 0.0231696 0.376 0.0128284 0.00608299 0.00582464 8e-005 
0.00219938 0.00602712 0.0304471 0.496843 0.0169012 0.00906761 0.00746364 0.00041 
0.00308655 0.00753701 0.0385086 0.61955 0.0200975 0.010887 0.00916078 -0.00048 
0.00304187 0.00873304 0.0451035 0.73217 0.0242968 0.0125324 0.0107575 -0.00025 
0.00399401 0.0100311 0.0501975 0.817848 0.0272939 0.013827 0.0122293 0.00027 
0.00453247 0.010695 0.0539297 0.865478 0.0283406 0.0154743 0.0134973 -0.00036 
0.00389247 0.010245 0.0530897 0.864868 0.0285006 0.0154443 0.0136473 -0.00036 
0.00426401 0.0094511 0.0504975 0.818518 0.0274939 0.014657 0.0126993 -0.00026 
0.00295187 0.00877304 0.0453735 0.73207 0.0241068 0.0131824 0.0108775 -0.00016 
0.00250655 0.00736701 0.0387186 0.6203 0.0207975 0.010597 0.00957078 0.00024 
0.00203938 0.00574712 0.0307371 0.496333 0.0168212 0.00834761 0.00797364 0.00022 
0.00158685 0.00426504 0.0235896 0.3763 0.0125084 0.00664299 0.00580464 9e-005 
0.00148884 0.0031195 0.0166162 0.268964 0.00899254 0.00452975 0.00375771 -0.00017 
0.000993252 0.00208254 0.0108865 0.182308 0.006451 0.00301232 0.00238458 0.0002 
0.000457088 0.00109222 0.00683311 0.116678 0.00352337 0.00223685 0.00161824 0.00037 
-5.81741e-005 0.00117656 0.00447317 0.0706816 0.00272932 0.00128148 0.00104069 0.00047 
0.000220386 0.000281453 0.00223059 0.0403731 0.00140793 0.000422302 0.000255787 -0.00032 
0.000283332 0.000176735 0.00174805 0.0217532 0.000341586 0.0007766 0.000399644 0.00027 
23.5
1.02316 -0.00739241 
0.987254 -0.0544627 
0.947693 0.0257077 
0.948575 0.0328491 
0.959922 -0.0114244 
0.951945 0.00433513 
0.950354 -0.00342246 
0.950354 0.00283976 
0.948926 0.00116493 
0.950543 -0.00442216 
0.951558 0.0029541 
0.950883 0.000451396 
0.950196 -0.00242031 
0.95099 -0.000157581 
0.94892 -0.000434428 
0.950816 -0.000344588 
0.948806 -0.000712479 
0.948724 0.00359085 
0.948199 0.00230552 
0.951236 0.00385275 
0.947962 -0.00773997 
0.950237 0.0179972 
0.947459 0.0184375 
0.958377 0.0165513 
0.904429 0.00241599 
0.866748 -0.0689201 
0.895944 0.101472 
0.906789 0.00429355 
0.872824 0.0212418 
0.869835 -0.00138546 
0.870873 0.0234636 
0.872243 0.0229808 
0.872901 0.00846936 
0.873264 0.0146372 
0.874049 0.00918655 
0.875137 0.0118796 
0.87431 0.0100424 
0.872504 0.0109521 
0.87388 0.015231 
0.873011 0.0135603 
0.874286 0.0135297 
0.873837 0.0137093 
0.873827 0.0159997 
0.873699 0.0146928 
0.874769 0.00651598 
0.875983 0.00767843 
0.880995 0.018597 
0.869129 0.0216734 
0.893377 -0.00962049 
0.853765 0.00558131 
0.951517 0.00313142 
0.950558 -0.000624796 
0.949426 0.00270704 
0.872284 0.0140848 
0.873882 0.0120545 
0.875342 0.0129604 
