0
003
0
0
0
0
0
0
0
0
-1
-42078.6
30.8
-1.36676 0 0 0 0 
-1.3625 0 0 0 0 
-1.2998 0 0 0 0 
-1.26927 0 0 0 0 
-1.22988 0 0 0 0 
-1.2092 0 0 0 0 
-1.19475 0 0 0 0 
-1.17834 0 0 0 0 
0 0 0 0 0 
0 0 0 0 0 
0 0 0 0 0 
0 0 0 0 0 
0 0 0 0 0 
0 0 0 0 0 
0 0 0 0 0 
0 0 0 0 0 
-4.80128e-005 0.000156344 -0.000107461 0.0116368 -9.47434e-005 -0.000149607 0.000401031 -0.00029 
0.00025178 0.000302949 -0.00022819 0.0231707 0.000274036 0.000483517 6.46904e-005 8e-005 
-9.32231e-006 0.000788725 0.000114431 0.0423252 0.000981348 0.00140567 0.000686111 -4e-005 
-0.000237382 0.00123553 0.000471164 0.0743358 0.00198184 0.00211651 0.00130211 0.00032 
0.000622983 0.00179163 0.00018492 0.122519 0.00275101 0.0031871 0.00120435 0.00031 
0.000415291 0.00308702 0.000805832 0.19184 0.00506035 0.00527379 0.00231823 -6e-005 
0.00127628 0.00415162 0.00175395 0.282264 0.00717049 0.00795965 0.00318641 0.00046 
0.00147043 0.00608087 0.00163101 0.395039 0.0104999 0.0113011 0.0046603 -0.00028 
0.00195563 0.00793673 0.00296414 0.521106 0.0142626 0.0146944 0.00607569 -0.00021 
0.00243242 0.010454 0.00377452 0.650683 0.0167424 0.0178688 0.00732002 0.00011 
0.00225818 0.0116792 0.00374378 0.768232 0.0200741 0.0215004 0.0090465 -0.00015 
0.00297644 0.0132817 0.00445783 0.859051 0.0223037 0.0237347 0.0102655 0 
0.00350934 0.014599 0.00450535 0.907772 0.0239619 0.0251152 0.0104262 0.00023 
0.00296934 0.014119 0.00498535 0.907902 0.0236119 0.0248352 0.0107762 0.00016 
0.00313644 0.0138117 0.00470783 0.858941 0.0231137 0.0241247 0.0100555 -6e-005 
0.00311818 0.0115792 0.00382378 0.768962 0.0198541 0.0217904 0.0088265 9e-005 
0.00274242 0.010074 0.00368452 0.651083 0.0176624 0.0177588 0.00799002 0.00042 
0.00175563 0.00806673 0.00296414 0.520896 0.0141326 0.0144544 0.00662569 -0.00011 
0.00116043 0.00631087 0.00254101 0.394149 0.0108699 0.0106511 0.0050403 3e-005 
0.000856284 0.00440162 0.00110395 0.282764 0.00741049 0.00832965 0.00313641 -0.00026 
0.00108529 0.00295702 0.00136583 0.19207 0.00480035 0.00538379 0.00225823 4e-005 
-2.70169e-005 0.00147163 0.00104492 0.122749 0.00362101 0.0036671 0.00132435 -0.0004 
-0.000217383 0.00156553 0.000501164 0.0747758 0.00161184 0.00248651 0.00104211 -5e-005 
0.000180678 0.000458724 8.44315e-005 0.0424652 0.000661348 0.00157567 0.000496111 -1e-005 
0.00050178 0.000562949 0.00017181 0.0236707 0.000594036 0.000893517 0.00070469 0.00036 
0.000336813 7.87995e-005 0.000231461 0.0122336 -0.000327213 -0.000267677 0.000478824 -0.00037 
-0.000257253 -0.000286519 0.00016971 0.0243726 0.000416543 -0.000281224 0.000526142 0.00024 
-0.000279664 -0.000207216 0.000460563 0.0454328 0.000300072 3.09013e-006 -0.00023656 -0.00028 
-0.000214839 0.000922867 0.000194421 0.0785112 0.00138073 0.000232549 0.000540287 0.00018 
0.000623381 0.000792601 0.000653804 0.129486 0.00224182 0.00134831 -0.000152756 -0.00032 
0.000240408 0.00105735 0.000988495 0.20173 0.00325897 0.00191652 0.000843588 0.00037 
0.000158944 0.00159978 0.00145837 0.297002 0.00440993 0.00304524 0.00100395 -0.00045 
0.000766772 0.00294948 0.00194532 0.414754 0.00611191 0.00322964 0.00100453 8e-005 
0.000615046 0.00348502 0.00242701 0.548005 0.00803403 0.00530064 0.00110016 0.00041 
0.00110796 0.00436231 0.00351567 0.683444 0.00902384 0.00618265 0.00121375 -0.00048 
0.000704443 0.00498258 0.00376425 0.807651 0.0112148 0.00697487 0.00136917 -0.00025 
0.00138189 0.00583988 0.00400013 0.9022 0.0126745 0.00761628 0.00173766 0.00027 
0.00177112 0.00626435 0.00509321 0.954649 0.012886 0.0089088 0.00240635 -0.00036 
0.00113112 0.00581435 0.00425321 0.954039 0.013046 0.0088788 0.00255635 -0.00036 
0.00165189 0.00525988 0.00430013 0.90287 0.0128745 0.00844628 0.00220766 -0.00026 
0.000614443 0.00502258 0.00403425 0.807551 0.0110248 0.00762487 0.00148917 -0.00016 
0.000527961 0.00419231 0.00372567 0.684194 0.00972384 0.00589265 0.00162375 0.00024 
0.000455046 0.00320502 0.00271701 0.547495 0.00795403 0.00458064 0.00161016 0.00022 
0.000386772 0.00233948 0.00236532 0.415054 0.00579191 0.00378964 0.000984529 9e-005 
0.000628944 0.00173978 0.00140837 0.296732 0.00417993 0.00248524 0.00030395 -0.00017 
0.000410408 0.00114735 0.000578495 0.20113 0.00318897 0.00162652 4.35881e-005 0.0002 
8.33805e-005 0.000492601 0.000223804 0.128746 0.00143182 0.00134831 0.000117244 0.00037 
-0.000284839 0.000812867 0.000464421 0.0780012 0.00146073 0.000742549 0.000130287 0.00047 
9.03363e-005 7.27844e-005 -6.94369e-005 0.0445728 0.000680072 0.00011309 -0.00026656 -0.00032 
0.000212747 6.34805e-005 0.00049971 0.0240326 -5.34572e-005 0.000608776 0.000116142 0.00027 
23.5
0.986642 0.0634158 
0.952763 0.012422 
0.914306 0.0904495 
0.915403 0.0971744 
0.926343 0.0536903 
0.918772 0.068663 
0.917149 0.0609658 
0.917239 0.0670539 
0.915836 0.0653326 
0.917391 0.0598643 
0.918351 0.0673464 
0.91772 0.0647592 
0.917044 0.0618652 
0.917815 0.0641728 
0.915822 0.0637485 
0.917666 0.0639385 
0.915735 0.0634185 
0.915627 0.0677699 
0.915088 0.0665137 
0.918058 0.068191 
0.914965 0.0562445 
0.917057 0.0823389 
0.914515 0.082322 
0.924721 0.0818146 
0.873474 0.0624402 
0.9584 -0.0646784 
0.988346 0.105743 
0.999114 0.00856405 
0.962534 0.0253908 
0.959204 0.00274845 
0.960457 0.0276067 
0.962174 0.0271399 
0.962839 0.0126292 
0.963158 0.0187948 
0.964159 0.0133544 
0.965326 0.016051 
0.964455 0.0142119 
0.962368 0.0151086 
0.96395 0.0193968 
0.962948 0.01772 
0.9644 0.0176976 
0.963816 0.017871 
0.963871 0.0201642 
0.963647 0.018853 
0.965051 0.0106918 
0.966389 0.01186 
0.972085 0.0228099 
0.959103 0.0258346 
0.986275 -0.00532308 
0.943195 0.00971775 
0.918305 0.0675349 
0.917401 0.0636707 
0.916314 0.0669164 
0.962075 0.0182377 
0.963944 0.01622 
0.965608 0.0171354 
