0
003
0
0
0
0
0
0
0
0
-1
-42078.6
30.8
-1.287 0 0 0 0 
-1.28076 0 0 0 0 
-1.21642 0 0 0 0 
-1.1849 0 0 0 0 
-1.14157 0 0 0 0 
-1.11859 0 0 0 0 
-1.10054 0 0 0 0 
-1.08215 0 0 0 0 
0 0 0 0 0 
0 0 0 0 0 
0 0 0 0 0 
0 0 0 0 0 
0 0 0 0 0 
0 0 0 0 0 
0 0 0 0 0 
0 0 0 0 0 
-3.64182e-005 0.000199383 -6.39971e-005 0.0113373 -2.92741e-005 -6.4472e-005 0.000451639 -0.00029 
0.000274363 0.000386777 -0.000143535 0.0225875 0.000401553 0.000649338 0.000163261 8e-005 
3.22866e-005 0.000943177 0.000270408 0.0412506 0.00121629 0.00171119 0.000867726 -4e-005 
-0.000164862 0.00150472 0.000743017 0.0724629 0.00239133 0.002649 0.00161864 0.00032 
0.000742549 0.00223546 0.00063313 0.119431 0.00342614 0.00406503 0.00172623 0.00031 
0.000601769 0.00377922 0.00150487 0.187024 0.00611331 0.00664304 0.00313217 -6e-005 
0.0015514 0.00517286 0.00278526 0.275159 0.00872396 0.00997976 0.00438725 0.00046 
0.00185438 0.00750612 0.00307033 0.385123 0.0126679 0.0141204 0.00633621 -0.00028 
0.00246253 0.00981834 0.00486432 0.508015 0.0171249 0.0184164 0.00828821 -0.00021 
0.00306547 0.0128039 0.00614756 0.634335 0.0203169 0.0225171 0.0100831 0.00011 
0.00300603 0.0144552 0.0065472 0.748919 0.0242969 0.0269916 0.0123107 -0.00015 
0.00381218 0.0163839 0.0075907 0.837468 0.0270228 0.0298713 0.0139133 0 
0.00439282 0.0178785 0.00781719 0.884956 0.0289505 0.0316023 0.0142825 0.00023 
0.00385282 0.0173985 0.00829719 0.885086 0.0286005 0.0313223 0.0146325 0.00016 
0.00397218 0.0169139 0.0078407 0.837358 0.0278328 0.0302613 0.0137033 -6e-005 
0.00386603 0.0143552 0.0066272 0.749649 0.0240769 0.0272816 0.0120907 9e-005 
0.00337547 0.0124239 0.00605756 0.634735 0.0212369 0.0224071 0.0107531 0.00042 
0.00226253 0.00994834 0.00486432 0.507805 0.0169949 0.0181764 0.00883821 -0.00011 
0.00154438 0.00773612 0.00398033 0.384233 0.0130379 0.0134704 0.00671621 3e-005 
0.0011314 0.00542286 0.00213526 0.275659 0.00896396 0.0103498 0.00433725 -0.00026 
0.00127177 0.00364922 0.00206487 0.187254 0.00585331 0.00675304 0.00307217 4e-005 
9.25491e-005 0.00191546 0.00149313 0.119661 0.00429614 0.00454503 0.00184623 -0.0004 
-0.000144862 0.00183472 0.000773017 0.0729029 0.00202133 0.003019 0.00135864 -5e-005 
0.000222287 0.000613176 0.000240408 0.0413906 0.000896294 0.00188119 0.000677726 -1e-005 
0.000524363 0.000646777 0.000256465 0.0230875 0.000721553 0.00105934 0.000803261 0.00036 
0.000340468 9.8214e-005 0.000206471 0.0121571 -0.000306441 -0.00022706 0.000495743 -0.00037 
-0.000250133 -0.000248705 0.000121036 0.0242237 0.000457002 -0.000202113 0.000559096 0.00024 
-0.000266547 -0.000137544 0.000370883 0.0451585 0.000374617 0.00014885 -0.000175844 -0.00028 
-0.000191977 0.0010443 3.81171e-005 0.0780332 0.00151065 0.000486595 0.00064611 0.00018 
0.000661073 0.000992808 0.000396101 0.128698 0.00245603 0.00176716 2.17153e-005 -0.00032 
0.000299195 0.0013696 0.000586577 0.2005 0.00359306 0.00256977 0.0011157 0.00037 
0.000245675 0.00206045 0.0008654 0.295189 0.00490282 0.004009 0.00140541 -0.00045 
0.000887814 0.0035924 0.00111776 0.412223 0.00679979 0.00457468 0.00156481 8e-005 
0.000774845 0.0043338 0.00133448 0.544664 0.00894217 0.00707636 0.00183984 0.00041 
0.00130753 0.0054223 0.00215127 0.679271 0.010158 0.00840025 0.00213749 -0.00048 
0.000940201 0.00623481 0.0021524 0.802722 0.0125546 0.00959465 0.00246044 -0.00025 
0.00164535 0.00723927 0.00219885 0.896691 0.0141718 0.0105439 0.00295717 0.00027 
0.00204963 0.0077437 0.00318903 0.948826 0.0144688 0.0120037 0.00369553 -0.00036 
0.00140963 0.0072937 0.00234903 0.948216 0.0146288 0.0119737 0.00384553 -0.00036 
0.00191535 0.00665927 0.00249885 0.897361 0.0143718 0.0113739 0.00342717 -0.00026 
0.000850201 0.00627481 0.0024224 0.802622 0.0123646 0.0102447 0.00258044 -0.00016 
0.000727526 0.0052523 0.00236127 0.680021 0.010858 0.00811025 0.00254749 0.00024 
0.000614845 0.0040538 0.00162448 0.544154 0.00886216 0.00635636 0.00234984 0.00022 
0.000507814 0.0029824 0.00153776 0.412523 0.0064798 0.00513468 0.00154481 9e-005 
0.000715675 0.00220045 0.0008154 0.294919 0.00467282 0.003449 0.000705405 -0.00017 
0.000469195 0.0014596 0.000176577 0.1999 0.00352306 0.00227977 0.000315698 0.0002 
0.000121073 0.000692808 -3.38985e-005 0.127958 0.00164603 0.00176716 0.000291715 0.00037 
-0.000261977 0.000934299 0.000308117 0.0775232 0.00159065 0.000996595 0.00023611 0.00047 
0.000103453 0.000142456 -0.000159117 0.0442985 0.000754617 0.00025885 -0.000205844 -0.00032 
0.000219867 0.000101295 0.000451036 0.0238837 -1.29985e-005 0.000687887 0.000149096 0.00027 
23.5
0.961264 0.0823443 
0.928791 0.0303013 
0.891102 0.107756 
0.892348 0.11437 
0.903005 0.0710967 
0.895716 0.0858592 
0.894072 0.0781781 
0.894224 0.0842197 
0.892837 0.0824859 
0.89435 0.0770494 
0.895272 0.0845598 
0.894671 0.0819499 
0.894003 0.07905 
0.894758 0.0813696 
0.892818 0.0809059 
0.894626 0.0811227 
0.892749 0.080562 
0.892625 0.0849262 
0.892075 0.0836779 
0.894998 0.0853899 
0.892033 0.0733488 
0.893996 0.0995388 
0.891618 0.0993997 
0.90133 0.0992609 
0.85196 0.0784858 
0.952415 -0.0546542 
0.982312 0.115849 
0.993086 0.0186623 
0.956676 0.0352029 
0.953369 0.0125233 
0.954608 0.037405 
0.956302 0.0369762 
0.956966 0.0224663 
0.957288 0.028627 
0.958275 0.0232102 
0.959437 0.0259157 
0.958569 0.0240716 
0.956501 0.0249376 
0.958068 0.0292483 
0.957075 0.027557 
0.958516 0.027554 
0.957941 0.0277125 
0.957991 0.0300129 
0.957774 0.0286912 
0.959156 0.0205664 
0.960486 0.0217482 
0.966137 0.032773 
0.953228 0.0356756 
0.980209 0.0048377 
0.937355 0.0194991 
0.895222 0.0847513 
0.894357 0.0808582 
0.8933 0.0840809 
0.956212 0.0280587 
0.958063 0.0260706 
0.959714 0.0270083 
