0
003
0
0
0
0
0
0
0
0
1
-42078.6
30.8
-1.20263 0 0 0 0 
-1.19869 0 0 0 0 
-1.14584 0 0 0 0 
-1.12253 0 0 0 0 
-1.08642 0 0 0 0 
-1.0687 0 0 0 0 
-1.05819 0 0 0 0 
-1.0444 0 0 0 0 
0 0 0 0 0 
0 0 0 0 0 
0 0 0 0 0 
0 0 0 0 0 
0 0 0 0 0 
0 0 0 0 0 
0 0 0 0 0 
0 0 0 0 0 
-2.2954e-005 0.00024778 -3.05942e-006 0.0109848 4.67156e-005 3.06636e-005 0.000510146 -0.00029 
0.000300588 0.000481042 -2.48441e-005 0.0219007 0.000549561 0.000834637 0.000277219 8e-005 
8.0605e-005 0.00111686 0.000489092 0.0399853 0.001489 0.0020526 0.00107769 -4e-005 
-8.06474e-005 0.00180743 0.00112416 0.0702576 0.00286662 0.00324405 0.00198459 0.00032 
0.000881395 0.00273454 0.00126153 0.115795 0.00420977 0.00504609 0.00232957 0.00031 
0.000818317 0.0045576 0.00248495 0.181354 0.00733547 0.00817313 0.00407317 -6e-005 
0.00187088 0.00632124 0.00423121 0.266793 0.0105271 0.0122372 0.00577554 0.00046 
0.00230026 0.00910881 0.00508831 0.373447 0.0151843 0.0172709 0.00827371 -0.00028 
0.00305117 0.0119342 0.00752844 0.492601 0.0204471 0.0225756 0.0108461 -0.00021 
0.00380059 0.0154463 0.00947465 0.615085 0.0244658 0.0277113 0.0132775 0.00011 
0.00387447 0.0175768 0.0104777 0.726178 0.0291982 0.0331278 0.0160845 -0.00015 
0.00478268 0.0198724 0.0119831 0.812054 0.0325001 0.0367287 0.0181306 0 
0.00541876 0.0215662 0.0124605 0.85809 0.0347408 0.0388515 0.0187406 0.00023 
0.00487876 0.0210862 0.0129405 0.85822 0.0343908 0.0385715 0.0190906 0.00016 
0.00494268 0.0204024 0.0122331 0.811944 0.0333101 0.0371187 0.0179206 -6e-005 
0.00473447 0.0174768 0.0105577 0.726907 0.0289782 0.0334179 0.0158645 9e-005 
0.00411059 0.0150663 0.00938465 0.615485 0.0253858 0.0276013 0.0139475 0.00042 
0.00285117 0.0120642 0.00752844 0.492391 0.020317 0.0223356 0.0113961 -0.00011 
0.00199026 0.00933881 0.00599831 0.372557 0.0155543 0.0166209 0.00865371 3e-005 
0.00145088 0.00657124 0.00358121 0.267293 0.0107671 0.0126072 0.00572554 -0.00026 
0.00148832 0.0044276 0.00304495 0.181584 0.00707547 0.00828313 0.00401317 4e-005 
0.000231395 0.00241454 0.00212153 0.116025 0.00507977 0.0055261 0.00244957 -0.0004 
-6.06474e-005 0.00213743 0.00115416 0.0706977 0.00249662 0.00361405 0.00172459 -5e-005 
0.000270605 0.000786857 0.000459092 0.0401253 0.001169 0.0022226 0.00088769 -1e-005 
0.000550588 0.000741042 0.000375156 0.0224007 0.000869561 0.00124464 0.000917219 0.00036 
0.000346322 0.000124291 0.000199645 0.0120193 -0.000273288 -0.000173832 0.000522011 -0.00037 
-0.000238732 -0.000197914 0.000107742 0.0239553 0.000521575 -9.84398e-005 0.000610258 0.00024 
-0.00024554 -4.39627e-005 0.000346387 0.044664 0.000493592 0.000339866 -8.15774e-005 -0.00028 
-0.000155364 0.0012074 -4.57635e-006 0.0771712 0.00171802 0.000819518 0.000810407 0.00018 
0.000721438 0.00126172 0.000325712 0.127277 0.00279791 0.00231606 0.000292596 -0.00032 
0.000393342 0.001789 0.000476795 0.198284 0.00412626 0.00342585 0.00153817 0.00037 
0.000384573 0.00267921 0.000703436 0.291919 0.00568948 0.005272 0.00202869 -0.00045 
0.00108166 0.00445595 0.000891724 0.407659 0.00789767 0.00633734 0.00243468 8e-005 
0.00103076 0.00547385 0.00103606 0.538639 0.0103916 0.00940341 0.00298823 0.00041 
0.00162713 0.00684605 0.00177859 0.671747 0.0119681 0.0113064 0.00357167 -0.00048 
0.00131777 0.00791677 0.00171214 0.793833 0.0146929 0.0130278 0.00415471 -0.00025 
0.00206729 0.0091189 0.00170685 0.886757 0.0165614 0.0143806 0.00485056 0.00027 
0.00249567 0.0097307 0.00266892 0.938325 0.016995 0.0160595 0.00569708 -0.00036 
0.00185567 0.0092807 0.00182892 0.937715 0.017155 0.0160295 0.00584708 -0.00036 
0.00233729 0.0085389 0.00200685 0.887428 0.0167614 0.0152106 0.00532056 -0.00026 
0.00122777 0.00795677 0.00198214 0.793733 0.0145029 0.0136778 0.00427471 -0.00016 
0.00104713 0.00667605 0.00198859 0.672497 0.0126681 0.0110164 0.00398167 0.00024 
0.000870762 0.00519385 0.00132606 0.538129 0.0103116 0.00868341 0.00349823 0.00022 
0.000701662 0.00384595 0.00131172 0.407959 0.00757767 0.00689734 0.00241468 9e-005 
0.000854573 0.00281921 0.000653436 0.291649 0.00545948 0.004712 0.00132869 -0.00017 
0.000563342 0.001879 6.67955e-005 0.197684 0.00405626 0.00313585 0.00073817 0.0002 
0.000181438 0.00096172 -0.000104288 0.126537 0.00198791 0.00231606 0.000562596 0.00037 
-0.000225364 0.0010974 0.000265424 0.0766612 0.00179802 0.00132952 0.000400407 0.00047 
0.00012446 0.000236037 -0.000183613 0.0438039 0.000873592 0.000449866 -0.000111577 -0.00032 
0.000231268 0.000152086 0.000437742 0.0236153 5.15748e-005 0.00079156 0.000200258 0.00027 
23.5
0.931381 0.103005 
0.900563 0.0498166 
0.863779 0.126647 
0.865201 0.133139 
0.875524 0.0900958 
0.868567 0.104629 
0.866898 0.0969653 
0.867124 0.102956 
0.865756 0.101209 
0.867219 0.0958069 
0.868097 0.103348 
0.867531 0.100714 
0.866873 0.0978072 
0.867609 0.10014 
0.865731 0.0996333 
0.867497 0.0998793 
0.865684 0.0992742 
0.865539 0.103652 
0.864977 0.102413 
0.867845 0.104163 
0.865029 0.0920181 
0.866842 0.118312 
0.864657 0.11804 
0.873787 0.118304 
0.826628 0.0959996 
0.941623 -0.0424704 
0.971432 0.128134 
0.982214 0.0309361 
0.946113 0.0471288 
0.942845 0.0244039 
0.944059 0.0493143 
0.945712 0.0489315 
0.946376 0.0344225 
0.946703 0.0405774 
0.947664 0.0351893 
0.948817 0.0379055 
0.947954 0.0360554 
0.945919 0.0368841 
0.947463 0.0412221 
0.946485 0.0395133 
0.947905 0.0395338 
0.947346 0.0396743 
0.947389 0.0419833 
0.947182 0.0406488 
0.948525 0.0325684 
0.94984 0.0337667 
0.955411 0.0448825 
0.942634 0.0476368 
0.96927 0.0171875 
0.926825 0.0313877 
0.868041 0.103543 
0.867222 0.0996183 
0.866202 0.102816 
0.945639 0.0399954 
0.947458 0.0380433 
0.949085 0.0390083 
