0
003
0
0
0
0
0
0
0
0
0
0
0
0 0 0 0 0 
0 0 0 0 0 
0 0 0 0 0 
0 0 0 0 0 
0 0 0 0 0 
0 0 0 0 0 
0 0 0 0 0 
0 0 0 0 0 
0 0 0 0 0 
0 0 0 0 0 
0 0 0 0 0 
0 0 0 0 0 
0 0 0 0 0 
0 0 0 0 0 
0 0 0 0 0 
0 0 0 0 0 
-0.000244141 0.000244141 -0.000976563 -0.00195313 -0.000488281 0.0012207 -0.00292969 0.627441 
-0.000244141 0.000244141 -0.000976563 -0.00439453 -0.000488281 -0.0012207 -0.000488281 0.64209 
-0.000244141 0.00268555 0.00146484 -0.00195313 -0.000488281 0.0012207 -0.000488281 0.649414 
-0.00268555 0.000244141 -0.000976563 -0.00439453 -0.00292969 -0.0012207 -0.00292969 0.632324 
-0.000244141 0.000244141 0.00146484 -0.00195313 -0.00292969 -0.0012207 -0.000488281 0.622559 
-0.00268555 0.000244141 -0.000976563 -0.00439453 -0.000488281 -0.0012207 -0.00292969 0.595703 
-0.00268555 0.000244141 0.00146484 -0.00439453 -0.00292969 -0.0012207 -0.00292969 0.563965 
-0.000244141 0.00512695 0.00146484 -0.00195313 -0.000488281 0.0012207 -0.000488281 0.588379 
-0.000244141 0.00268555 0.00146484 -0.00439453 -0.000488281 -0.0012207 -0.00292969 0.568848 
0.00219727 0.00512695 0.00390625 0.000488281 -0.000488281 0.0012207 -0.000488281 0.578613 
0.00463867 0.00756836 0.00634766 -0.00195313 -0.000488281 0.0012207 -0.000488281 0.537109 
0.00708008 0.0148926 0.0112305 0.000488281 -0.000488281 0.0012207 -0.000488281 0.544434 
0.0119629 0.0246582 0.0185547 0.00292969 -0.000488281 -0.0012207 -0.00292969 0.517578 
0.0241699 0.0466309 0.0307617 0.0078125 0.00195313 0.0012207 -0.000488281 0.510254 
0.036377 0.0588379 0.0405273 0.0102539 0.00195313 0.0012207 -0.00292969 0.498047 
0.0437012 0.0710449 0.0454102 0.0126953 0.00195313 0.0012207 -0.00292969 0.458984 
0.048584 0.0759277 0.0478516 0.0126953 0.00195313 0.0012207 -0.00292969 0.476074 
0.0583496 0.083252 0.050293 0.0126953 0.00439453 0.0012207 -0.000488281 0.507813 
0.0632324 0.0905762 0.0527344 0.0126953 0.00439453 0.0012207 -0.000488281 0.52002 
0.0656738 0.0930176 0.0527344 0.0126953 0.00195313 0.0012207 -0.00292969 0.529785 
0.0681152 0.0930176 0.0527344 0.0126953 0.00439453 0.00366211 -0.000488281 0.461426 
0.0656738 0.083252 0.0429688 0.0078125 0.00195313 0.0012207 -0.000488281 0.57373 
0.0559082 0.0661621 0.0307617 0.00537109 -0.000488281 -0.0012207 -0.00292969 0.620117 
0.0461426 0.0539551 0.0209961 0.00292969 -0.000488281 -0.0012207 -0.00292969 0.637207 
0.0339355 0.0441895 0.0136719 0.000488281 0.00195313 -0.0012207 -0.00292969 0.698242 
-0.00268555 0.000244141 -0.00585938 -0.00195313 -0.00292969 -0.0012207 -0.000488281 0.888672 
-0.00268555 0.000244141 0.00146484 0.000488281 0.00195313 0.0012207 -0.000488281 0.620117 
-0.00268555 -0.00219727 -0.000976563 0.000488281 -0.000488281 0.0012207 -0.000488281 0.656738 
0.00463867 0.000244141 -0.00341797 0.00537109 0.00195313 -0.0012207 0.00439453 0.710449 
0.00708008 -0.00219727 -0.000976563 0.0078125 0.00195313 0.0012207 0.00439453 0.673828 
-0.000244141 0.000244141 0.00390625 0.00292969 0.00195313 0.0012207 -0.000488281 0.593262 
-0.00268555 -0.00219727 0.00146484 0.000488281 0.00195313 0.0012207 -0.000488281 0.57373 
-0.000244141 0.000244141 0.00390625 0.00292969 0.00439453 0.0012207 -0.000488281 0.549316 
-0.00268555 0.000244141 0.00390625 0.00292969 0.00195313 0.0012207 -0.00292969 0.515137 
-0.00268555 0.000244141 0.00878906 0.00292969 0.00439453 0.00366211 -0.000488281 0.495605 
-0.00268555 0.000244141 0.00634766 0.00292969 0.00439453 0.0012207 -0.000488281 0.480957 
-0.00390625 0.00146484 0.0100098 0.0065918 0.00683594 0.00244141 -0.000488281 0.460205 
-0.00512695 0.00268555 0.0136719 0.0102539 0.00927734 0.00366211 -0.000488281 0.439453 
-0.00512695 0.00756836 0.0258789 0.0249023 0.0166016 0.00854492 -0.000488281 0.415039 
0.00219727 0.0124512 0.0307617 0.0371094 0.0239258 0.00854492 -0.000488281 0.463867 
-0.000244141 0.0197754 0.0454102 0.0444336 0.03125 0.0134277 -0.000488281 0.441895 
-0.000244141 0.0222168 0.0527344 0.0517578 0.0336914 0.0158691 -0.000488281 0.446777 
0.00219727 0.0222168 0.0551758 0.0541992 0.0361328 0.0158691 -0.000488281 0.441895 
-0.000244141 0.0222168 0.0551758 0.0541992 0.0361328 0.0134277 -0.000488281 0.456543 
-0.000244141 0.0222168 0.0527344 0.0517578 0.0336914 0.0134277 0.00195313 0.437012 
0.00219727 0.0246582 0.0527344 0.0517578 0.0361328 0.0134277 0.00195313 0.456543 
0.00219727 0.0197754 0.0478516 0.046875 0.03125 0.0134277 -0.000488281 0.46875 
0.00219727 0.0222168 0.0478516 0.0444336 0.0288086 0.0134277 0.00195313 0.473633 
-0.000244141 0.0148926 0.0356445 0.034668 0.0239258 0.0109863 0.00195313 0.549316 
-0.000244141 0.0124512 0.0209961 0.0249023 0.0166016 0.00610352 -0.000488281 0.76416 
0
