2.81557 1.80886 1.26339 -0.93007 -0.490385 -0.53454   -400 
0.553936 0.112773 -0.332829 -0.687919 -0.48505 -0.465794   -320 
-1.13389 -1.35955 -1.69739 -0.371586 -0.27491 -0.258494   -240 
-1.93015 -1.95531 -2.2484 0.0689655 -0.0788838 -0.0763475   -160 
-1.63363 -1.69776 -1.57427 0.110293 -0.0154357 0.00567348    -80 
-1.24286 -0.7375 -0.321656   -0.1 -0.0150001 -0.00937498      0 
0.735694 1.01615 1.34694 0.336538 0.195773 0.203898     80 
1.42202 1.75854 1.93069 0.0843376 0.273988 0.270735    160 
2.24561 2.10593 2.00802 0.383513 0.395735 0.338415    240 
1.7796 1.36079 0.985372 0.616505 0.591756 0.559801    320 
0.444899 -0.0196078 -0.432314 1.08718 0.692308 0.621622    400 
