-0.435407 -0.594244 -0.201938 -3.31633 -1.43705 -1.42722   -200 
1.34024 1.32255 1.80984 -1.32459 -1.31828 -1.31948   -160 
2.52991 2.53643 2.86471 -1.40803 -1.13003 -1.15982   -120 
  3.25 2.69639 2.64624 -0.615659 -0.379385 -0.389204    -80 
2.43369 1.84822 1.5282 -0.326923 -0.200898 -0.126601    -40 
0.551294 0.177351 -0.197849 -0.173041 -0.054721 0.0143252      0 
-1.3311 -1.49352 -1.9239 -0.0191577 0.0914562 0.155251     40 
-2.00588 -1.96674 -2.13559 0.280703 0.232906 0.188202     80 
-1.28402 -1.06951 -1.19403 0.346268 0.424117 0.495935    120 
0.257452 0.357513 0.384203 0.716088 0.6877 0.663393    160 
3.01802 2.11916 1.91777 0.125926    0.2 0.215686    200 
