  0.25 0.455188 0.860759 -2.16049 -1.87729 -1.85666   -200 
2.10375 2.09062 2.32947 -1.20249 -0.996564 -0.934266   -110 
2.80328 2.73566 2.88714 -0.210345 0.0984684 0.177778    -20 
3.55957 3.09006 2.99559 2.27049 2.00246 1.88872     70 
1.57796 1.78247 1.68863 2.37103 2.47976 2.42665    160 
0.368421 0.510895 0.39939 2.59245 2.43645 2.55375    250 
-1.33046 -1.27662 -1.39972 2.06015 1.80568 1.83284    340 
-2.15468 -2.27356 -2.48248    0.8 0.430788 0.451563    430 
-2.59862 -2.42473 -2.55735 -0.513411 -0.686087 -0.664233    520 
-1.83168 -1.84737 -1.90202 -1.51943 -1.69619 -1.72038    610 
-0.392405 -0.521327 -0.628125 -2.49412 -2.275 -2.30844    700 
