0
003
0
0
0
0
0
0
0
0
0
0
0
0 0 0 0 0 
0 0 0 0 0 
0 0 0 0 0 
0 0 0 0 0 
0 0 0 0 0 
0 0 0 0 0 
0 0 0 0 0 
0 0 0 0 0 
0 0 0 0 0 
0 0 0 0 0 
0 0 0 0 0 
0 0 0 0 0 
0 0 0 0 0 
0 0 0 0 0 
0 0 0 0 0 
0 0 0 0 0 
0.000976563 0.000488281 -0.00170898 0.000488281 -0.000488281 -0.000488281 0.00146484 0.632324 
0.000976563 0.000488281 0.000732422 0.000488281 -0.000488281 -0.000488281 0.00146484 0.646973 
-0.00146484 0.000488281 -0.00170898 0.000488281 -0.000488281 -0.000488281 -0.000976563 0.656738 
0.000976563 -0.00195313 -0.00170898 -0.00195313 -0.000488281 -0.000488281 0.00146484 0.637207 
0.000976563 -0.00195313 -0.00170898 -0.00195313 -0.000488281 -0.000488281 0.00146484 0.627441 
0.00341797 0.000488281 0.000732422 0.000488281 0.00195313 0.00195313 0.00390625 0.598145 
0.000976563 0.000488281 0.000732422 0.000488281 0.00195313 0.00195313 0.00146484 0.566406 
0.000976563 0.000488281 0.000732422 0.000488281 0.00195313 0.00195313 0.00146484 0.593262 
0.000976563 -0.00195313 0.000732422 0.000488281 -0.000488281 0.00195313 0.00146484 0.57373 
0.000976563 0.000488281 0.00317383 0.000488281 0.00439453 0.00195313 0.00390625 0.583496 
0.000976563 0.000488281 0.00317383 0.00292969 0.00439453 0.00439453 0.00390625 0.541992 
0.000976563 0.000488281 0.00317383 0.00537109 0.00683594 0.00439453 0.00146484 0.551758 
0.000976563 0.00292969 0.00805664 0.0126953 0.0141602 0.0117188 0.00634766 0.522461 
0.00341797 0.00537109 0.0153809 0.0249023 0.0263672 0.0214844 0.0112305 0.515137 
0.00585938 0.0102539 0.0202637 0.0322266 0.0385742 0.03125 0.0161133 0.500488 
0.00585938 0.0102539 0.0227051 0.0371094 0.043457 0.0385742 0.0209961 0.461426 
0.00585938 0.0102539 0.0251465 0.0395508 0.0483398 0.043457 0.0258789 0.478516 
0.00341797 0.0078125 0.0227051 0.0419922 0.0507813 0.0483398 0.0283203 0.512695 
0.00341797 0.0102539 0.0251465 0.0444336 0.0556641 0.0532227 0.0307617 0.524902 
0.00341797 0.0102539 0.0251465 0.0444336 0.0581055 0.0581055 0.0380859 0.532227 
0.00341797 0.0078125 0.0227051 0.0395508 0.0532227 0.0581055 0.0380859 0.466309 
0.00341797 0.00537109 0.0178223 0.034668 0.0483398 0.0556641 0.0380859 0.578613 
0.00341797 0.00292969 0.0129395 0.0249023 0.0385742 0.0458984 0.0332031 0.625 
0.000976563 0.00292969 0.00805664 0.0200195 0.03125 0.0385742 0.0307617 0.64209 
-0.00146484 0.000488281 0.00561523 0.0126953 0.0214844 0.03125 0.0258789 0.705566 
-0.00146484 0.00292969 0.00317383 0.00292969 0.00195313 -0.000488281 0.00146484 0.893555 
0.000976563 0.000488281 0.000732422 0.00292969 0.00195313 -0.000488281 0.00146484 0.625 
0.000976563 0.000488281 0.000732422 0.00292969 -0.000488281 -0.000488281 -0.000976563 0.661621 
-0.00390625 0.000488281 0.000732422 -0.00439453 -0.000488281 -0.000488281 -0.00341797 0.717773 
-0.00390625 0.000488281 -0.00170898 -0.00195313 -0.000488281 -0.000488281 -0.00341797 0.681152 
0.000976563 0.000488281 0.00317383 0.00292969 -0.000488281 0.00195313 -0.000976563 0.598145 
0.00341797 0.000488281 0.00317383 0.00537109 0.00195313 0.00439453 0.00146484 0.576172 
0.000976563 0.000488281 0.000732422 0.00292969 0.00195313 0.00195313 0.00146484 0.554199 
-0.00146484 -0.00195313 0.000732422 0.000488281 0.00195313 -0.000488281 -0.000976563 0.52002 
0.000976563 0.000488281 0.000732422 0.00292969 0.00195313 0.00195313 0.00146484 0.500488 
0.00341797 0.00292969 0.00561523 0.00537109 0.00439453 0.00195313 0.00146484 0.483398 
0.00219727 0.00170898 0.00561523 0.0065918 0.00805664 0.00317383 0.00146484 0.463867 
0.000976563 0.000488281 0.00561523 0.0078125 0.0117188 0.00439453 0.00146484 0.444336 
0.00341797 0.0078125 0.0153809 0.0224609 0.0239258 0.0141602 0.00634766 0.41748 
0.00341797 0.0102539 0.0227051 0.0297852 0.03125 0.0214844 0.00634766 0.466309 
0.00585938 0.0126953 0.0300293 0.0395508 0.0385742 0.0263672 0.00878906 0.444336 
0.00830078 0.0151367 0.0349121 0.046875 0.0458984 0.0288086 0.0112305 0.449219 
0.00830078 0.0151367 0.0349121 0.046875 0.0483398 0.03125 0.0112305 0.444336 
0.00585938 0.0126953 0.0349121 0.0493164 0.0458984 0.0336914 0.00878906 0.458984 
0.00585938 0.0151367 0.0349121 0.046875 0.0458984 0.03125 0.0112305 0.439453 
0.00585938 0.0126953 0.0324707 0.0444336 0.043457 0.0288086 0.00878906 0.461426 
0.00830078 0.0126953 0.0324707 0.0444336 0.043457 0.0288086 0.00878906 0.471191 
0.00585938 0.0126953 0.0275879 0.0395508 0.0385742 0.0263672 0.00878906 0.478516 
0.00341797 0.0102539 0.0227051 0.0297852 0.0288086 0.019043 0.00634766 0.554199 
0.00341797 0.0102539 0.0178223 0.0249023 0.0214844 0.0141602 0.00878906 0.769043 
0
