0
002
0
0
0
0
0
0
0
0
0
0
0
0 0 0 0 0 
0 0 0 0 0 
0 0 0 0 0 
0 0 0 0 0 
0 0 0 0 0 
0 0 0 0 0 
0 0 0 0 0 
0 0 0 0 0 
0 0 0 0 0 
0 0 0 0 0 
0 0 0 0 0 
0 0 0 0 0 
0 0 0 0 0 
0 0 0 0 0 
0 0 0 0 0 
0 0 0 0 0 
-0.00244141 0.00203451 0.00203451 0.0012207 -1.62981e-009 0.0004069 0.0012207 0.268555 
-0.00162761 0.00203451 0.00325521 0.0012207 0.000813803 -0.000813803 0.000406902 0.275472 
-0.00122071 0.00244141 0.00325521 0.0012207 0 0 0.0012207 0.283203 
-0.00203451 0.00284831 0.00366211 0.0012207 -1.62981e-009 0.000406902 0.0012207 0.27832 
-0.00203451 0.0016276 0.00406901 0.0008138 1.62981e-009 -0.000406902 -0.000406902 0.276693 
-0.00203451 0.00284831 0.00528971 0.0012207 0.000406902 0.000406902 0.000813803 0.266927 
-0.00162761 0.00284831 0.00528972 0.0012207 0.0004069 0 0.000813803 0.253906 
-0.00162761 0.00325521 0.00528971 0.00203451 0.000813803 -0.000406902 0.000813803 0.265706 
-0.00162761 0.00284831 0.00651042 0.000813803 0 -0.000813803 0 0.256348 
-0.00162761 0.00528971 0.00813802 0.00244141 0.0004069 0 0.000406902 0.259603 
-0.00162761 0.00773112 0.0134277 0.00366211 -1.62981e-009 -0.000813802 0.000813803 0.236003 
-0.0012207 0.0109863 0.0199382 0.00488282 -0.0012207 -0.000813803 -0.000813803 0.242513 
-0.000813802 0.0191244 0.037028 0.00813802 -0.0004069 -0.000813803 -0.000406902 0.231934 
0.00244141 0.0358073 0.0642904 0.0170898 -1.62981e-009 0 0 0.230713 
0.00325521 0.0467936 0.0842285 0.0211589 -0.000406902 -0.000406902 0.000406902 0.227051 
0.00488281 0.0553385 0.0968425 0.0252279 0.0004069 0.000813802 0.000813803 0.20874 
0.00528971 0.0585938 0.10376 0.0260417 -1.62981e-009 -0.000406902 0 0.216878 
0.00569662 0.0622559 0.109863 0.0276693 -0.0004069 -0.000406902 0 0.231527 
0.00610352 0.0655111 0.114339 0.0292969 0 0 0 0.238444 
0.00651042 0.0663249 0.11556 0.0297038 -0.000406902 -0.000813803 0 0.240479 
0.00773112 0.061849 0.106201 0.02889 0 0 0.000813803 0.209554 
0.00610352 0.053304 0.0891113 0.024821 0.0004069 -0.000406902 0.000406902 0.260417 
0.00569662 0.0419108 0.0671387 0.0179036 0.000406902 -0.000406902 0.000406903 0.27832 
0.00244141 0.0313314 0.0496419 0.012207 -0.000813803 -0.0012207 -0.000406902 0.282389 
0 0.0223796 0.0374349 0.00895181 -0.000406903 -0.000813803 0.000406902 0.307617 
-0.00528971 0.0012207 -0.000813802 -0.0016276 -0.0012207 -0.000813803 0 0.345866 
-0.00244141 0.00366211 0.000813803 0.000406902 0.000406902 -0.000813803 0.000406902 0.251058 
-0.00244141 0.00284831 0.000813803 -0.000406902 -0.000813803 -0.000813803 -0.000406902 0.249023 
-0.00203451 0.00325521 0.000813803 -0.0004069 -0.0004069 -0.000813803 -0.000406902 0.236816 
-0.000813802 0.00406901 0.00244141 -1.62981e-009 -0.000406902 -0.000813803 0 0.232748 
-0.0012207 0.00406901 0.00244141 0.000406902 -0.000406902 -0.000406902 -0.000406902 0.218099 
-0.0012207 0.00488281 0.00244141 0 -0.000406902 -0.000406902 0.000406902 0.215658 
-0.0004069 0.00488281 0.00284831 -0.000813803 0 0.000406902 0.000406902 0.212809 
-0.0004069 0.00447591 0.00203451 0 -0.000406902 -0.000813803 0 0.205892 
-0.000813802 0.00528971 0.00244141 0 -0.0012207 -0.000406902 0.000406902 0.201009 
-0.00162761 0.00610352 0.00325521 -0.000406902 0 -0.000813803 0 0.193685 
-0.00061035 0.0101725 0.00610352 0 -0.00020345 -0.00061035 -0.00020345 0.185344 
0.0004069 0.0142415 0.00895182 0.0004069 -0.000406902 -0.000406902 -0.000406902 0.177002 
0.00162761 0.0297038 0.0215658 0.0016276 -0.000813803 -0.000406902 -0.000813803 0.163574 
0.00366211 0.0382487 0.0276693 0.00162761 -0.0012207 -0.00203451 -0.000406902 0.183919 
0.00569661 0.0463867 0.0325521 0.00284831 0.000406902 0 0 0.17985 
0.00651042 0.0480143 0.0354004 0.00366211 -0.0012207 -0.000406902 -0.000406902 0.187174 
0.00651042 0.0500488 0.0358073 0.00325521 -0.000406902 -0.000813803 0.000406902 0.188802 
0.00691732 0.0516764 0.037028 0.00366211 0.000406902 0.000406902 0 0.203044 
0.00610352 0.0496419 0.0358073 0.00325521 -0.000813802 -0.0012207 -0.000406902 0.19043 
0.00732422 0.0504557 0.0366211 0.00447591 0.000813803 0.0012207 0.000813803 0.201416 
0.00732422 0.049235 0.0354004 0.00366211 0.000406902 0 0.000406902 0.20874 
0.00651042 0.0459798 0.0325521 0.00284831 0.000406902 0 0 0.211182 
0.00569662 0.0378418 0.0260417 0.00244141 0 -0.000406902 0 0.24292 
0.00447591 0.0297038 0.0195313 0.00203451 -1.62981e-009 -0.000813802 0.000813803 0.334066 
23
