0
003
0
0
0
0
0
0
0
0
0
0
0
0 0 0 0 0 
0 0 0 0 0 
0 0 0 0 0 
0 0 0 0 0 
0 0 0 0 0 
0 0 0 0 0 
0 0 0 0 0 
0 0 0 0 0 
0 0 0 0 0 
0 0 0 0 0 
0 0 0 0 0 
0 0 0 0 0 
0 0 0 0 0 
0 0 0 0 0 
0 0 0 0 0 
0 0 0 0 0 
0.00341797 0.00439453 -0.000488281 -0.000732422 -0.000976563 0.00219727 0.00341797 0.622559 
0.00341797 0.00195313 -0.00292969 -0.00317383 -0.000976563 0.00219727 0.000976563 0.637207 
0.00341797 0.00195313 -0.00292969 -0.00317383 -0.000976563 -0.000244141 -0.00146484 0.646973 
0.000976563 -0.000488281 -0.00292969 -0.00561523 -0.00341797 -0.00268555 -0.00390625 0.629883 
0.000976563 0.00195313 -0.00292969 -0.00561523 -0.00341797 -0.00268555 -0.00146484 0.620117 
0.00341797 0.00439453 -0.00292969 -0.00317383 -0.000976563 -0.000244141 0.000976563 0.59082 
0.000976563 -0.000488281 -0.00292969 -0.00317383 -0.00341797 -0.00268555 -0.00146484 0.561523 
0.00585938 0.00195313 -0.000488281 -0.00317383 -0.000976563 -0.000244141 0.000976563 0.585938 
0.00585938 0.00439453 -0.000488281 -0.000732422 0.00146484 -0.000244141 0.00341797 0.563965 
0.00585938 0.00439453 -0.00292969 -0.00561523 -0.00341797 -0.00268555 -0.00146484 0.578613 
0.0107422 0.00927734 -0.000488281 -0.000732422 -0.000976563 -0.000244141 0.000976563 0.534668 
0.0180664 0.0141602 0.00439453 -0.000732422 0.00146484 -0.000244141 0.000976563 0.541992 
0.027832 0.0263672 0.00683594 -0.000732422 -0.000976563 -0.000244141 0.000976563 0.515137 
0.0473633 0.043457 0.0166016 0.00170898 -0.000976563 -0.000244141 0.000976563 0.507813 
0.0620117 0.0556641 0.019043 0.00415039 -0.000976563 -0.000244141 -0.00146484 0.495605 
0.0742188 0.0654297 0.0239258 0.0065918 -0.000976563 -0.000244141 0.000976563 0.456543 
0.081543 0.0703125 0.0263672 0.0065918 -0.000976563 -0.000244141 -0.00146484 0.473633 
0.0888672 0.0776367 0.0288086 0.0065918 0.00146484 -0.000244141 -0.00146484 0.505371 
0.0961914 0.0825195 0.03125 0.0065918 0.00146484 -0.000244141 0.00341797 0.517578 
0.101074 0.0849609 0.03125 0.0065918 0.00146484 -0.000244141 0.000976563 0.527344 
0.0986328 0.0825195 0.0288086 0.0065918 -0.000976563 -0.000244141 0.000976563 0.461426 
0.09375 0.0751953 0.0263672 0.0065918 0.00146484 -0.000244141 0.000976563 0.571289 
0.081543 0.0605469 0.0214844 0.00415039 0.00146484 -0.000244141 0.000976563 0.615234 
0.0644531 0.0458984 0.0141602 0.00415039 0.00146484 -0.000244141 0.000976563 0.632324 
0.0546875 0.0361328 0.00927734 0.00170898 0.00146484 -0.000244141 0.000976563 0.693359 
-0.00390625 -0.00537109 -0.000488281 0.00170898 0.00146484 -0.000244141 -0.00146484 0.883789 
-0.00146484 -0.000488281 -0.000488281 -0.000732422 0.00146484 -0.000244141 -0.00146484 0.617676 
-0.00146484 -0.000488281 0.00195313 0.00170898 0.00146484 -0.000244141 0.000976563 0.651855 
-0.00390625 -0.00537109 0.00439453 0.0065918 0.00146484 0.00219727 0.00341797 0.705566 
-0.00146484 -0.00292969 0.00683594 0.0090332 0.00390625 0.00219727 0.00341797 0.668945 
-0.00390625 -0.000488281 0.00195313 0.00415039 0.00146484 -0.000244141 -0.00146484 0.59082 
-0.00146484 0.00195313 0.00195313 0.0065918 0.00146484 0.00219727 0.00341797 0.568848 
0.000976563 0.00439453 0.00439453 0.00415039 0.00390625 0.00463867 0.00341797 0.544434 
-0.00146484 -0.000488281 -0.000488281 0.00170898 0.00146484 -0.000244141 0.000976563 0.512695 
0.000976563 0.00195313 0.00195313 0.00415039 0.00390625 0.00219727 0.000976563 0.493164 
-0.00146484 0.00195313 0.00195313 0.00415039 0.00146484 0.00219727 0.000976563 0.478516 
-0.00146484 0.00317383 0.00439453 0.0065918 0.00390625 0.000976563 0.000976563 0.458984 
-0.00146484 0.00439453 0.00683594 0.0090332 0.00634766 -0.000244141 0.000976563 0.439453 
0.00341797 0.0141602 0.0214844 0.0236816 0.0161133 0.00708008 0.00341797 0.412598 
0.00341797 0.0166016 0.0336914 0.0383301 0.0234375 0.0119629 0.00585938 0.458984 
0.00341797 0.0214844 0.0385742 0.0407715 0.0258789 0.00952148 0.000976563 0.441895 
0.00830078 0.0288086 0.0483398 0.0480957 0.0332031 0.0119629 0.00341797 0.444336 
0.00585938 0.0288086 0.0483398 0.0505371 0.0307617 0.0119629 0.000976563 0.441895 
0.00585938 0.0288086 0.0483398 0.0529785 0.0332031 0.0119629 0.00341797 0.454102 
0.00830078 0.0288086 0.0507813 0.0505371 0.0332031 0.0119629 0.00341797 0.43457 
0.00585938 0.0288086 0.0483398 0.0505371 0.0332031 0.0144043 0.00585938 0.454102 
0.00585938 0.0239258 0.0458984 0.0480957 0.0307617 0.0119629 0.00341797 0.466309 
0.00585938 0.0239258 0.0410156 0.0432129 0.0258789 0.00952148 0.000976563 0.473633 
0.00341797 0.019043 0.03125 0.0334473 0.0209961 0.00952148 0.00341797 0.546875 
0.00585938 0.0117188 0.0263672 0.026123 0.0185547 0.00708008 0.00341797 0.759277 
0
