0
002
0
0
0
0
0
0
0
0
0
0
0
0 0 0 0 0 
0 0 0 0 0 
0 0 0 0 0 
0 0 0 0 0 
0 0 0 0 0 
0 0 0 0 0 
0 0 0 0 0 
0 0 0 0 0 
0 0 0 0 0 
0 0 0 0 0 
0 0 0 0 0 
0 0 0 0 0 
0 0 0 0 0 
0 0 0 0 0 
0 0 0 0 0 
0 0 0 0 0 
-0.000110974 0.000155362 -0.00179776 -0.0020641 -0.00146484 -0.000554864 -0.000221947 0.630771 
0.000110973 -0.00028853 -0.00157582 -0.00295188 -0.00146485 -0.000332918 0.000221944 0.645197 
0.000110973 0.000155363 -0.00090998 -0.00162021 -0.0012429 -0.000110974 -0.000221946 0.654075 
-0.000110973 0.000155362 -0.00135387 -0.00250799 -0.00102095 -0.000554865 -0.000221948 0.634543 
0.000776811 0.000599254 -0.00090998 -0.00162021 -0.000799006 -0.000110973 -0.000221947 0.625222 
0.000776813 0.00104315 -0.00090998 -0.00139826 8.87795e-005 0.000554866 -1.43932e-009 0.597257 
0.00033292 0.000377308 -0.000244141 -0.00162021 -0.000799006 0.00033292 -0.000443894 0.565962 
0.000998758 0.00170898 -2.21947e-005 -0.000510476 -0.000355113 0.000998757 0.000221945 0.591708 
0.000554867 0.00126509 -0.000244142 -0.00117631 -0.000133168 -0.000110973 -0.000221947 0.571289 
0.00210849 0.00215288 0.00130948 -0.000732421 0.000310725 0.000998757 0.000221946 0.582386 
0.00321822 0.0037065 0.0028631 0.00215288 0.00253018 0.00233043 0.000665837 0.539995 
0.00543768 0.00681375 0.0061923 0.00459428 0.0045277 0.00344016 0.00133168 0.547985 
0.00921076 0.0130282 0.0121848 0.00969905 0.00918857 0.00676935 0.00266335 0.519576 
0.0158691 0.0219061 0.0221724 0.0185769 0.0160689 0.0112083 0.00443892 0.512695 
0.0216397 0.0298961 0.0290527 0.0254572 0.0222834 0.0152033 0.00577059 0.499822 
0.0256348 0.0350009 0.0334917 0.0296742 0.0258345 0.0180886 0.00754615 0.460538 
0.0274103 0.0376642 0.0359331 0.0316717 0.027832 0.0203081 0.00865591 0.47785 
0.0300737 0.0405495 0.0385964 0.0338912 0.0302734 0.0218617 0.00954368 0.510254 
0.0322931 0.0434348 0.0412598 0.0354448 0.0327149 0.0238592 0.0110973 0.522905 
0.0331809 0.0445446 0.0425914 0.0365545 0.0333807 0.0254128 0.0115412 0.532005 
0.0322931 0.0438787 0.0408159 0.0347789 0.032049 0.024747 0.012207 0.465421 
0.0305176 0.0401056 0.0365989 0.03034 0.0282759 0.0223056 0.0117631 0.576838 
0.0260787 0.0314498 0.027943 0.0236816 0.0222834 0.0187544 0.00976562 0.622337 
0.0209739 0.0245694 0.0203968 0.017911 0.0169567 0.0152033 0.00865589 0.639426 
0.0156472 0.0183549 0.0135165 0.0116966 0.0131836 0.012318 0.00643643 0.702015 
-0.00277433 -0.000732421 -0.00135387 -0.000510476 -0.00146484 -0.000554865 -0.000887785 0.891779 
-0.000554865 0.000377308 0.000421697 0.000377309 0.00142046 0.000110974 -0.000221946 0.623225 
-0.000554864 -0.000510477 0.000421696 0.000599255 -0.000133168 0.000110973 -0.000443892 0.658958 
-0.000554865 -0.00184215 0.000421698 0.00193093 8.87797e-005 -0.000776812 0.000221945 0.713557 
0.00033292 -0.000510476 0.00175337 0.00392844 0.00142046 0.000110973 0.000665837 0.676492 
-0.000332919 0.000821201 0.00264116 0.00326261 0.0016424 0.000998757 0.000221945 0.595481 
-0.000554865 0.000599254 0.00241921 0.00304066 0.00186435 0.00144265 0.000665837 0.57484 
0.000110974 0.00193093 0.0028631 0.00304066 0.00319602 0.00233043 0.00110973 0.551314 
-0.000332918 0.0008212 0.00264116 0.00304066 0.00275213 0.0012207 -1.90498e-010 0.517134 
0.00033292 0.00215288 0.00352894 0.00415039 0.00408381 0.00255238 0.000665837 0.498269 
-0.000110972 0.00215288 0.00419478 0.00415039 0.00430575 0.00233043 0.000665836 0.482733 
-0.000110971 0.00326261 0.00630327 0.00714666 0.00652521 0.00332919 0.000665837 0.462424 
-0.000110972 0.00437234 0.00841175 0.0101429 0.00874467 0.00432795 0.000665837 0.442116 
0.00188654 0.0101429 0.0201749 0.0232377 0.019842 0.0098766 0.00310724 0.416593 
0.00366211 0.0136941 0.027943 0.0336692 0.0265004 0.0134277 0.00377308 0.464755 
0.00432795 0.0192427 0.0365989 0.0416593 0.0331587 0.0176447 0.00466086 0.443892 
0.00565962 0.0225719 0.0430353 0.0487615 0.0382635 0.0198642 0.00488281 0.448553 
0.00610352 0.0234597 0.044367 0.0503152 0.0398171 0.0203081 0.0053267 0.443892 
0.00565963 0.0234597 0.0450328 0.0518688 0.0404829 0.02053 0.00554864 0.457431 
0.00499379 0.022128 0.0434792 0.0498713 0.0389293 0.0198642 0.00554865 0.438565 
0.00543768 0.0219061 0.0419256 0.0478738 0.0378196 0.0194203 0.00510476 0.45965 
0.00521573 0.0207963 0.040372 0.0456543 0.0358221 0.0183105 0.00488281 0.470082 
0.00521573 0.0196866 0.0377086 0.0421032 0.0324929 0.0172008 0.00466086 0.476962 
0.00321822 0.0148038 0.0283869 0.0323375 0.0242809 0.0118741 0.0028853 0.552646 
0.00233043 0.0110307 0.0215066 0.0239036 0.0169567 0.00854493 0.00244141 0.767267 
23
