0
002
0
0
0
0
0
0
0
0
0
0
0
0 0 0 0 0 
0 0 0 0 0 
0 0 0 0 0 
0 0 0 0 0 
0 0 0 0 0 
0 0 0 0 0 
0 0 0 0 0 
0 0 0 0 0 
0 0 0 0 0 
0 0 0 0 0 
0 0 0 0 0 
0 0 0 0 0 
0 0 0 0 0 
0 0 0 0 0 
0 0 0 0 0 
0 0 0 0 0 
-0.000244141 -0.000488281 -0.00244141 -0.00268555 -0.00244141 -0.00341797 -0.0012207 0.632324 
-0.000244141 -0.000488281 0 -0.000244141 0 -0.000976563 0.0012207 0.644531 
-0.000244141 -0.000488281 0 -0.000244141 -0.00244141 -0.000976563 -0.0012207 0.654297 
-0.000244141 -0.000488281 -0.00244141 -0.00268555 0 -0.000976563 0.0012207 0.634766 
-0.000244141 -0.000488281 0 -0.000244141 0 -0.000976563 -0.0012207 0.625 
0.00219727 0.00439453 0 0.00219727 0.00244141 0.00146484 0.0012207 0.595703 
-0.000244141 0.00195313 0 -0.000244141 0 -0.000976563 0.0012207 0.566406 
0.00219727 0.00439453 0.00244141 0.00219727 0 0.00146484 0.0012207 0.59082 
-0.000244141 0.00195313 0 -0.000244141 0 -0.00341797 -0.0012207 0.571289 
-0.000244141 0.00195313 0 -0.000244141 0 -0.000976563 -0.0012207 0.583496 
0.00219727 0.00683594 0.00488281 0.00463867 0.00488281 0.00146484 -0.0012207 0.539551 
0.00219727 0.00683594 0.00976563 0.00952148 0.00732422 0.00390625 0.0012207 0.546875 
0.00463867 0.0141602 0.0170898 0.0168457 0.0146484 0.00878906 0.00366211 0.517578 
0.00708008 0.019043 0.0292969 0.0314941 0.0244141 0.0136719 0.00366211 0.510254 
0.00952148 0.0239258 0.0366211 0.0412598 0.0317383 0.0185547 0.00610352 0.498047 
0.00708008 0.0263672 0.0390625 0.0437012 0.0366211 0.0209961 0.00854492 0.461426 
0.00708008 0.0239258 0.0390625 0.0461426 0.0390625 0.0234375 0.00854492 0.478516 
0.00952148 0.0263672 0.0439453 0.0510254 0.0463867 0.0283203 0.0134277 0.507813 
0.00952148 0.0239258 0.0439453 0.0534668 0.0488281 0.0307617 0.0109863 0.522461 
0.00708008 0.0239258 0.0439453 0.0534668 0.0512695 0.0332031 0.0134277 0.532227 
0.00708008 0.0214844 0.0366211 0.0510254 0.0512695 0.0332031 0.0158691 0.466309 
0.00708008 0.0166016 0.0317383 0.0437012 0.0488281 0.0332031 0.0183105 0.576172 
0.00463867 0.0117188 0.0244141 0.036377 0.0415039 0.0283203 0.0158691 0.620117 
0.00463867 0.00683594 0.0170898 0.0266113 0.0292969 0.0234375 0.0134277 0.637207 
-0.000244141 0.00195313 0.00976563 0.0168457 0.0219727 0.0185547 0.0109863 0.700684 
-0.00512695 -0.0078125 -0.00488281 -0.00512695 -0.00732422 -0.00585938 -0.00366211 0.891113 
-0.000244141 -0.000488281 0 0.00219727 0.00244141 -0.000976563 -0.0012207 0.622559 
-0.000244141 -0.00292969 -0.00244141 -0.000244141 -0.00244141 -0.000976563 -0.0012207 0.65918 
-0.000244141 -0.000488281 0.00244141 -0.00268555 -0.00244141 0.00146484 0.0012207 0.708008 
-0.000244141 -0.000488281 0 -0.000244141 0 0.00146484 -0.0012207 0.673828 
-0.000244141 0.00195313 0.00244141 0.00219727 0.00244141 0.00146484 0.0012207 0.593262 
-0.000244141 0.00195313 0.00244141 0.00219727 0.00244141 0.00146484 0.0012207 0.57373 
0.00219727 0.00439453 0.00244141 0.00219727 0.00244141 0.00390625 0.0012207 0.549316 
0.00219727 0.00439453 0.00488281 0.00463867 0.00488281 0.00390625 0.00366211 0.515137 
-0.000244141 0.00439453 0.00488281 0.00463867 0.00488281 0.00390625 0.0012207 0.498047 
0.00219727 0.00683594 0.00488281 0.00463867 0.00732422 0.00390625 0.0012207 0.480957 
0.00219727 0.00805664 0.00732422 0.00952148 0.00976563 0.00756836 0.00366211 0.460205 
0.00219727 0.00927734 0.00976563 0.0144043 0.012207 0.0112305 0.00610352 0.439453 
0.00463867 0.0117188 0.0170898 0.0217285 0.0268555 0.0161133 0.00854492 0.415039 
0.00463867 0.0117188 0.0219727 0.0266113 0.0292969 0.0209961 0.00854492 0.463867 
0.00708008 0.019043 0.0292969 0.0388184 0.0415039 0.0307617 0.0134277 0.441895 
0.00463867 0.019043 0.0292969 0.0412598 0.0463867 0.0332031 0.0134277 0.449219 
0.00708008 0.0214844 0.0341797 0.0461426 0.0512695 0.0356445 0.0158691 0.441895 
0.00463867 0.0214844 0.0317383 0.0461426 0.0512695 0.0356445 0.0158691 0.456543 
0.00708008 0.019043 0.0317383 0.0461426 0.0488281 0.0356445 0.0134277 0.437012 
0.00463867 0.019043 0.0317383 0.0412598 0.0463867 0.0332031 0.0134277 0.458984 
0.00463867 0.019043 0.0317383 0.0412598 0.0439453 0.0307617 0.0134277 0.46875 
0.00463867 0.0166016 0.0292969 0.036377 0.0390625 0.0283203 0.0134277 0.476074 
0.00463867 0.0117188 0.0219727 0.0290527 0.0268555 0.0185547 0.00854492 0.551758 
-0.000244141 0.00195313 0.0146484 0.0168457 0.0195313 0.0112305 0.00366211 0.766602 
23
