0
002
0
0
0
0
0
0
0
0
0
0
0
0 0 0 0 0 
0 0 0 0 0 
0 0 0 0 0 
0 0 0 0 0 
0 0 0 0 0 
0 0 0 0 0 
0 0 0 0 0 
0 0 0 0 0 
0 0 0 0 0 
0 0 0 0 0 
0 0 0 0 0 
0 0 0 0 0 
0 0 0 0 0 
0 0 0 0 0 
0 0 0 0 0 
0 0 0 0 0 
-0.000488283 -0.00113932 -0.00309245 -0.00203451 -0.00162761 -0.00276693 -0.000162761 0.633138 
0.000325521 -0.000325521 -0.000651043 -0.0004069 -0.000813804 -0.00113932 0.00146484 0.646159 
-0.00130208 -0.000325521 -0.00146484 -0.0004069 -0.00162761 -0.00113932 -0.000976562 0.655924 
-0.000488283 -0.00113932 -0.00227865 -0.00203451 0 -0.00113932 0.000651039 0.636393 
0.000325521 -0.00113932 -0.00146484 -0.0012207 0 -0.000325521 0.00065104 0.626627 
0.00276693 0.00211588 0.00016276 0.0012207 0.00162761 0.00211589 0.00227864 0.597331 
0.00113932 0.00130208 0.00016276 0.000406901 0.000813804 0.00130209 0.00146484 0.566406 
0.00195313 0.00211588 0.000976564 0.0012207 0.000813804 0.00211589 0.00146484 0.592448 
0.000325521 -0.000325521 -0.000651043 -0.0004069 0 -0.00032552 -0.000162761 0.572916 
0.00113932 0.00130208 0.000976563 0.000406901 0.00244141 0.00130209 0.00146484 0.583496 
0.00113932 0.00211589 0.00260417 0.00366211 0.00488281 0.00292969 0.00146484 0.541178 
0.00113932 0.00292969 0.00585938 0.00691732 0.00813802 0.00537109 0.00227864 0.549316 
0.00276693 0.00699871 0.0107422 0.0142415 0.016276 0.0126953 0.00634766 0.52002 
0.00439453 0.00944011 0.0188802 0.0256347 0.0268555 0.0200195 0.00878907 0.513509 
0.00602214 0.0135091 0.0229492 0.0337728 0.0366211 0.0281576 0.0136719 0.500488 
0.00602214 0.0151367 0.0262044 0.0378418 0.0431315 0.034668 0.0177409 0.461426 
0.00602214 0.0143229 0.0270182 0.0402832 0.0463867 0.038737 0.0209961 0.478516 
0.00520833 0.0135091 0.027832 0.0427246 0.0504557 0.042806 0.0242513 0.511068 
0.00520833 0.0143229 0.0286458 0.0443522 0.0537109 0.0476888 0.0258789 0.524088 
0.00439453 0.0135091 0.0286458 0.0443522 0.0561523 0.0517578 0.0299479 0.533041 
0.00520833 0.0126953 0.0245768 0.0419108 0.0545247 0.0517578 0.0315755 0.466309 
0.00439453 0.00944012 0.0213216 0.0354004 0.0488281 0.0485026 0.0323893 0.577799 
0.00358073 0.00618491 0.015625 0.0272624 0.0390625 0.0411784 0.0283203 0.623372 
0.00195312 0.00374349 0.00992837 0.0207519 0.0301107 0.0338542 0.0250651 0.640462 
-0.00130208 0.00130208 0.00585938 0.0134277 0.0219727 0.0273438 0.0201823 0.703939 
-0.00292969 -0.00195312 -0.00146484 -0.000406899 -0.00244141 -0.00195313 -0.000162763 0.892741 
0.00113932 0.00048828 0.00016276 0.00203451 0.00244141 -0.000325521 -0.000162761 0.624186 
0.000325521 -0.00113932 -0.000651043 0.000406903 -0.000813803 -0.00113932 -0.000976562 0.660807 
-0.00292969 -0.00113932 0.00179037 -0.00284831 -0.00244141 -0.000325524 -0.00179037 0.713704 
-0.00130208 0.00048828 0.000976563 0.0004069 0 0.00130208 -0.00179036 0.677083 
0.00113932 0.00211589 0.00341797 0.00284831 0.00162761 0.00211589 0.000651039 0.595703 
0.00195313 0.00130208 0.00260417 0.00366211 0.00244141 0.00211588 0.000651039 0.575358 
0.00113932 0.00211588 0.00179037 0.00284831 0.00244141 0.00211589 0.000651039 0.552571 
0.000325524 0.00130208 0.00260417 0.00284831 0.00325521 0.00048828 0.000651042 0.518392 
0.00113932 0.00211588 0.00260417 0.00366211 0.00406901 0.00211589 0.000651039 0.499674 
0.00276693 0.00374349 0.00423177 0.00447591 0.00569661 0.00211589 0.000651039 0.483398 
0.00236003 0.00415039 0.00545247 0.00773112 0.00854492 0.00455729 0.00187174 0.463053 
0.00195313 0.00455729 0.00667318 0.0109863 0.0113932 0.00699871 0.00309245 0.442708 
0.00358073 0.00862632 0.015625 0.0223795 0.0244141 0.0135091 0.00553385 0.41748 
0.00439453 0.0110677 0.0229492 0.0297038 0.0309245 0.0200195 0.00634766 0.465495 
0.00602214 0.0151367 0.0294596 0.0394694 0.0406901 0.0265299 0.00960285 0.444336 
0.00683594 0.0167643 0.031901 0.0459798 0.0463867 0.0289713 0.0104167 0.450033 
0.00846355 0.0192057 0.0351563 0.0484212 0.0504557 0.0314128 0.0120443 0.443522 
0.00683595 0.0175781 0.0351563 0.049235 0.0488281 0.0322266 0.0112305 0.45817 
0.00602214 0.0167643 0.0335286 0.0476074 0.0472005 0.0305989 0.00960286 0.439453 
0.00602214 0.0167643 0.0327148 0.045166 0.0455729 0.0297852 0.00960285 0.460612 
0.00683594 0.0159505 0.031901 0.0443522 0.0447591 0.0281575 0.0104167 0.470377 
0.00602214 0.0151367 0.0294596 0.0394694 0.0398763 0.0265299 0.00960285 0.477702 
0.00439453 0.0110677 0.0229492 0.0313314 0.0284831 0.0183919 0.00634766 0.553385 
0.00276693 0.0069987 0.0172526 0.0231933 0.0203451 0.0126953 0.00553385 0.768229 
23
