0
003
0
0
0
0
0
0
0
0
0
0
0
0 0 0 0 0 
0 0 0 0 0 
0 0 0 0 0 
0 0 0 0 0 
0 0 0 0 0 
0 0 0 0 0 
0 0 0 0 0 
0 0 0 0 0 
0 0 0 0 0 
0 0 0 0 0 
0 0 0 0 0 
0 0 0 0 0 
0 0 0 0 0 
0 0 0 0 0 
0 0 0 0 0 
0 0 0 0 0 
-0.000732422 -0.000244141 -0.00170898 -0.00415039 -0.00244141 0.0012207 0 0.634766 
-0.00317383 -0.00268555 -0.00415039 -0.00415039 -0.00244141 -0.0012207 -0.00244141 0.651855 
-0.000732422 -0.00268555 -0.00170898 -0.00170898 -0.00244141 0.0012207 0 0.65918 
-0.00317383 -0.000244141 -0.00170898 -0.00415039 -0.00244141 -0.0012207 0 0.639648 
-0.000732422 -0.000244141 -0.00170898 -0.00415039 0 0.0012207 -0.00244141 0.629883 
-0.00317383 -0.00268555 -0.00415039 -0.00415039 0 -0.0012207 -0.00244141 0.603027 
-0.00317383 -0.00268555 -0.00415039 -0.00415039 0 -0.0012207 -0.00244141 0.571289 
-0.000732422 -0.000244141 -0.00170898 -0.00170898 0 0.0012207 0 0.595703 
-0.00317383 -0.00268555 -0.00170898 -0.00415039 0 -0.0012207 -0.00244141 0.576172 
0.00170898 -0.000244141 0.000732422 -0.00170898 0.00244141 0.00366211 0 0.585938 
-0.000732422 -0.00268555 0.000732422 0.000732422 0.00488281 0.00366211 0 0.544434 
-0.000732422 -0.000244141 0.00317383 0.00561523 0.00732422 0.00854492 0.00244141 0.551758 
0.00170898 0.00219727 0.00805664 0.0129395 0.0195313 0.0183105 0.00732422 0.522461 
-0.000732422 0.00219727 0.010498 0.0178223 0.0317383 0.0256348 0.00976563 0.517578 
0.00170898 0.00708008 0.0178223 0.0300293 0.0439453 0.0378418 0.0146484 0.50293 
0.00170898 0.00463867 0.0202637 0.0349121 0.0488281 0.0427246 0.0170898 0.463867 
0.00170898 0.00708008 0.0202637 0.0349121 0.0561523 0.0500488 0.0195313 0.480957 
0.00415039 0.00952148 0.0227051 0.0397949 0.0610352 0.0549316 0.0219727 0.512695 
0.00415039 0.00952148 0.0251465 0.0446777 0.0634766 0.057373 0.0244141 0.524902 
0.00415039 0.00952148 0.0251465 0.0446777 0.065918 0.0598145 0.0244141 0.534668 
0.00170898 0.00708008 0.0227051 0.0397949 0.0634766 0.0598145 0.0244141 0.46875 
0.00170898 0.00708008 0.0202637 0.0349121 0.0585938 0.0524902 0.0195313 0.581055 
-0.000732422 0.00463867 0.0129395 0.0275879 0.0439453 0.0427246 0.0170898 0.627441 
-0.000732422 0.00219727 0.010498 0.0178223 0.0341797 0.0354004 0.0146484 0.644531 
-0.00317383 -0.000244141 0.00317383 0.010498 0.0244141 0.0256348 0.00976563 0.708008 
-0.00561523 0.00219727 -0.00170898 -0.00415039 -0.00488281 -0.00366211 -0.00244141 0.898438 
-0.000732422 0.00219727 0.000732422 -0.00170898 0 -0.0012207 -0.00244141 0.627441 
-0.000732422 0.00219727 0.000732422 0.000732422 0 -0.0012207 0 0.661621 
0.0065918 -0.000244141 0.00317383 0.00805664 0.00244141 0.0012207 0.00488281 0.712891 
0.00415039 0.00219727 0.00561523 0.00805664 0.00244141 0.0012207 0.00488281 0.67627 
0.00170898 0.00219727 0.00317383 0.00317383 0.00244141 0.0012207 0 0.598145 
-0.000732422 -0.000244141 0.000732422 0.000732422 0 0.0012207 0 0.578613 
-0.000732422 0.00219727 0.00317383 0.00317383 0.00244141 0.0012207 0 0.554199 
0.00170898 -0.000244141 0.00317383 0.00317383 0.00244141 0.0012207 0 0.52002 
-0.000732422 -0.000244141 0.000732422 0.000732422 0.00244141 0.0012207 -0.00244141 0.50293 
-0.000732422 0.00219727 0.00317383 0.00317383 0.00488281 0.0012207 -0.00244141 0.48584 
-0.000732422 0.000976563 0.00439453 0.00561523 0.00610352 0.00244141 -0.00244141 0.466309 
-0.000732422 -0.000244141 0.00561523 0.00805664 0.00732422 0.00366211 -0.00244141 0.446777 
0.00170898 0.00708008 0.0178223 0.0227051 0.0219727 0.0109863 0.00244141 0.419922 
0.0065918 0.00952148 0.0251465 0.0373535 0.0292969 0.0158691 0.00488281 0.466309 
0.00415039 0.0144043 0.0324707 0.0422363 0.0366211 0.020752 0.00488281 0.446777 
0.00415039 0.0168457 0.0397949 0.0495605 0.0439453 0.0231934 0.00244141 0.45166 
0.00415039 0.0168457 0.0397949 0.0495605 0.0439453 0.0231934 0.00488281 0.446777 
0.0065918 0.0192871 0.0422363 0.0544434 0.0463867 0.0256348 0.00488281 0.458984 
0.00415039 0.0144043 0.0373535 0.0495605 0.0439453 0.0231934 0.00488281 0.441895 
0.00415039 0.0144043 0.0349121 0.0471191 0.0415039 0.020752 0.00244141 0.463867 
0.00415039 0.0144043 0.0349121 0.0446777 0.0390625 0.020752 0.00488281 0.473633 
0.00170898 0.0119629 0.0324707 0.0422363 0.0341797 0.0183105 0.00244141 0.480957 
0.00170898 0.00952148 0.0251465 0.0324707 0.0268555 0.0134277 0.00244141 0.556641 
-0.00317383 0.00708008 0.0202637 0.0227051 0.0170898 0.00854492 0 0.773926 
0
