0
003
0
0
0
0
0
0
0
0
0
0
0
0 0 0 0 0 
0 0 0 0 0 
0 0 0 0 0 
0 0 0 0 0 
0 0 0 0 0 
0 0 0 0 0 
0 0 0 0 0 
0 0 0 0 0 
0 0 0 0 0 
0 0 0 0 0 
0 0 0 0 0 
0 0 0 0 0 
0 0 0 0 0 
0 0 0 0 0 
0 0 0 0 0 
0 0 0 0 0 
-0.000244141 0.000488281 -0.00195313 -0.000244141 0.00146484 0.00219727 -0.000976563 0.627441 
-0.000244141 0.00292969 -0.00195313 -0.00268555 -0.000976563 0.00219727 -0.000976563 0.64209 
-0.000244141 0.000488281 -0.00195313 -0.00268555 0.00146484 -0.000244141 -0.00341797 0.651855 
-0.000244141 0.000488281 -0.00195313 -0.00268555 0.00146484 -0.000244141 -0.000976563 0.632324 
0.00219727 0.000488281 -0.00195313 -0.000244141 -0.000976563 -0.000244141 -0.000976563 0.622559 
0.00219727 0.000488281 -0.00195313 -0.00268555 -0.000976563 -0.000244141 -0.000976563 0.595703 
0.00219727 0.000488281 0.000488281 -0.000244141 0.00146484 -0.000244141 -0.00341797 0.563965 
-0.000244141 0.000488281 -0.00195313 -0.00268555 -0.000976563 -0.00268555 -0.00341797 0.59082 
0.00219727 0.00292969 -0.00195313 -0.000244141 0.00146484 -0.000244141 -0.000976563 0.568848 
0.00219727 0.00292969 -0.00195313 -0.00268555 -0.000976563 -0.000244141 -0.000976563 0.581055 
0.00463867 0.00537109 0.000488281 -0.000244141 -0.000976563 -0.000244141 -0.00341797 0.539551 
0.0119629 0.0102539 0.00537109 0.00219727 0.00146484 -0.000244141 -0.000976563 0.546875 
0.0192871 0.0200195 0.0126953 0.00463867 0.00390625 0.00219727 -0.000976563 0.517578 
0.0339355 0.034668 0.0249023 0.0119629 0.00634766 0.00219727 0.00146484 0.510254 
0.0412598 0.0493164 0.034668 0.0168457 0.00878906 0.00463867 -0.000976563 0.498047 
0.0461426 0.0566406 0.0395508 0.0192871 0.00878906 0.00463867 -0.000976563 0.458984 
0.048584 0.0615234 0.0444336 0.0217285 0.00878906 0.00463867 -0.000976563 0.476074 
0.0510254 0.0639648 0.046875 0.0241699 0.00878906 0.00219727 -0.00341797 0.510254 
0.0510254 0.0664063 0.0517578 0.0241699 0.0112305 0.00219727 -0.000976563 0.522461 
0.0534668 0.0712891 0.0541992 0.0290527 0.0136719 0.00463867 0.00146484 0.529785 
0.048584 0.0664063 0.0541992 0.0314941 0.0136719 0.00463867 -0.000976563 0.463867 
0.0388184 0.059082 0.0493164 0.0241699 0.00878906 0.00219727 -0.000976563 0.576172 
0.0339355 0.046875 0.0395508 0.0192871 0.00878906 0.00463867 -0.000976563 0.620117 
0.0241699 0.0322266 0.0273438 0.0119629 0.00146484 -0.000244141 -0.00341797 0.639648 
0.0192871 0.0249023 0.0175781 0.00708008 0.00390625 -0.000244141 -0.00341797 0.700684 
-0.00268555 -0.00439453 -0.00195313 -0.000244141 0.00146484 -0.000244141 -0.000976563 0.888672 
-0.00268555 -0.00195313 -0.00195313 -0.000244141 0.00146484 -0.000244141 -0.000976563 0.622559 
-0.000244141 -0.00195313 0.000488281 -0.000244141 0.00146484 -0.000244141 -0.000976563 0.656738 
-0.000244141 -0.00195313 0.00292969 0.00219727 -0.000976563 -0.000244141 0.00390625 0.712891 
-0.000244141 0.000488281 0.00537109 0.00463867 -0.00341797 -0.000244141 0.00390625 0.67627 
-0.000244141 0.000488281 0.00292969 0.00463867 0.00146484 -0.000244141 0.00146484 0.593262 
-0.00268555 0.000488281 0.00292969 0.00219727 0.00146484 -0.000244141 -0.000976563 0.57373 
-0.000244141 0.00292969 0.00292969 0.00219727 0.00390625 0.00219727 0.00146484 0.549316 
-0.000244141 0.00292969 0.000488281 0.00463867 0.00390625 0.00219727 -0.000976563 0.515137 
0.00219727 0.00537109 0.00292969 0.00708008 0.00634766 0.00463867 -0.000976563 0.495605 
-0.000244141 0.00292969 0.00537109 0.00463867 0.00634766 0.00463867 -0.000976563 0.480957 
-0.000244141 0.00537109 0.0065918 0.00708008 0.00634766 0.00341797 -0.00219727 0.461426 
-0.000244141 0.0078125 0.0078125 0.00952148 0.00634766 0.00219727 -0.00341797 0.441895 
0.00463867 0.0175781 0.0224609 0.0217285 0.0136719 0.00708008 -0.000976563 0.415039 
0.00708008 0.0224609 0.0322266 0.0314941 0.0185547 0.00952148 0.00146484 0.463867 
0.00952148 0.0322266 0.0419922 0.0388184 0.0234375 0.0119629 0.00146484 0.441895 
0.00952148 0.0371094 0.0493164 0.0461426 0.0283203 0.0119629 -0.000976563 0.446777 
0.00952148 0.0371094 0.0493164 0.0437012 0.0258789 0.00952148 -0.000976563 0.444336 
0.00952148 0.0395508 0.0517578 0.0461426 0.0283203 0.0119629 -0.000976563 0.456543 
0.00952148 0.0371094 0.0517578 0.0461426 0.0283203 0.0119629 0.00146484 0.437012 
0.00952148 0.034668 0.0493164 0.0437012 0.0258789 0.0119629 -0.000976563 0.458984 
0.00952148 0.034668 0.046875 0.0412598 0.0258789 0.00952148 0.00146484 0.46875 
0.00952148 0.0297852 0.0419922 0.0388184 0.0234375 0.00952148 0.00146484 0.476074 
0.00708008 0.0224609 0.0322266 0.0290527 0.0185547 0.00463867 -0.000976563 0.551758 
0.00219727 0.0175781 0.0224609 0.0192871 0.0112305 0.00219727 -0.00341797 0.766602 
0
