0
003
0
0
0
0
0
0
0
0
0
0
0
0 0 0 0 0 
0 0 0 0 0 
0 0 0 0 0 
0 0 0 0 0 
0 0 0 0 0 
0 0 0 0 0 
0 0 0 0 0 
0 0 0 0 0 
0 0 0 0 0 
0 0 0 0 0 
0 0 0 0 0 
0 0 0 0 0 
0 0 0 0 0 
0 0 0 0 0 
0 0 0 0 0 
0 0 0 0 0 
0.000244141 0.000488281 -0.00195313 -0.00219727 -0.00537109 -0.00146484 0.000732422 0.634766 
0.000244141 -0.00195313 -0.00195313 -0.00463867 -0.00292969 -0.00146484 0.000732422 0.649414 
0.000244141 0.000488281 0.000488281 0.000244141 -0.000488281 0.000976563 0.00317383 0.656738 
0.000244141 0.000488281 -0.00195313 0.000244141 -0.00292969 0.000976563 0.000732422 0.637207 
0.000244141 0.000488281 0.000488281 0.000244141 -0.000488281 0.000976563 0.000732422 0.627441 
0.00268555 0.00292969 0.00292969 0.000244141 0.00195313 0.00341797 0.00317383 0.598145 
0.000244141 0.000488281 0.000488281 -0.00219727 -0.00292969 0.000976563 0.000732422 0.568848 
0.000244141 0.00292969 0.000488281 0.000244141 0.00195313 0.00341797 0.00317383 0.593262 
0.000244141 0.000488281 0.000488281 0.000244141 -0.000488281 0.00341797 0.000732422 0.57373 
0.00268555 0.00292969 0.00292969 0.00268555 0.00195313 0.00341797 0.00317383 0.583496 
0.000244141 0.00292969 0.00292969 0.00512695 0.00439453 0.00585938 0.00317383 0.541992 
0.00268555 0.00537109 0.00537109 0.00756836 0.00927734 0.00830078 0.00561523 0.549316 
0.000244141 0.00537109 0.0102539 0.0148926 0.0141602 0.0107422 0.00317383 0.522461 
0.000244141 0.00537109 0.0175781 0.0270996 0.0263672 0.0180664 0.00805664 0.515137 
0.00268555 0.0102539 0.0249023 0.0393066 0.0385742 0.0253906 0.010498 0.500488 
0.00268555 0.0126953 0.0273438 0.0441895 0.0458984 0.0302734 0.010498 0.461426 
0.00268555 0.0126953 0.0297852 0.0490723 0.0507813 0.0327148 0.0129395 0.478516 
0.000244141 0.0126953 0.0297852 0.0515137 0.0507813 0.0327148 0.010498 0.512695 
0.00512695 0.0151367 0.034668 0.0539551 0.0581055 0.0375977 0.0129395 0.524902 
0.000244141 0.0126953 0.0371094 0.0563965 0.0581055 0.0351563 0.010498 0.534668 
0.00268555 0.0151367 0.0371094 0.0563965 0.0581055 0.0327148 0.0129395 0.466309 
0.00512695 0.0175781 0.0371094 0.0563965 0.0507813 0.0327148 0.0129395 0.576172 
0.00512695 0.0126953 0.0273438 0.0441895 0.0410156 0.0253906 0.00805664 0.622559 
0.00512695 0.0102539 0.0224609 0.0368652 0.0336914 0.0205078 0.00805664 0.639648 
0.00268555 0.00537109 0.0151367 0.0246582 0.0263672 0.0180664 0.00561523 0.703125 
-0.00219727 0.00292969 0.00292969 -0.00219727 -0.00292969 0.00341797 -0.00170898 0.895996 
0.00268555 0.00292969 0.00292969 0.000244141 -0.000488281 0.000976563 0.00317383 0.625 
0.000244141 0.000488281 0.00292969 0.000244141 -0.000488281 0.000976563 0.000732422 0.661621 
-0.00219727 -0.00439453 -0.00439453 0.000244141 0.00195313 -0.00634766 -0.0065918 0.720215 
-0.00463867 -0.00439453 -0.00439453 0.000244141 0.00195313 -0.00390625 -0.0065918 0.683594 
0.000244141 0.00292969 0.00292969 0.00268555 0.00195313 0.00341797 0.000732422 0.598145 
-0.00219727 0.000488281 0.00292969 0.00268555 0.00195313 -0.00146484 0.000732422 0.578613 
0.000244141 0.00292969 0.00292969 0.00268555 0.00195313 0.00341797 0.00317383 0.554199 
0.00268555 0.00292969 0.00537109 0.00268555 0.00195313 0.00341797 0.00317383 0.517578 
0.000244141 0.00292969 0.00292969 0.00268555 0.00195313 0.00341797 0.00317383 0.500488 
0.00268555 0.00537109 0.00537109 0.00512695 0.00439453 0.00585938 0.00561523 0.483398 
0.00268555 0.0065918 0.0078125 0.00878906 0.00683594 0.00585938 0.00439453 0.462646 
0.00268555 0.0078125 0.0102539 0.0124512 0.00927734 0.00585938 0.00317383 0.441895 
0.00268555 0.0102539 0.0200195 0.0246582 0.0214844 0.0131836 0.00561523 0.41748 
0.000244141 0.0102539 0.0224609 0.0319824 0.0263672 0.00830078 0.000732422 0.46875 
0.00512695 0.0200195 0.0371094 0.0441895 0.0361328 0.0205078 0.00805664 0.444336 
0.00512695 0.0224609 0.0444336 0.0515137 0.0385742 0.0229492 0.00805664 0.449219 
0.00512695 0.0224609 0.0444336 0.0539551 0.0410156 0.0229492 0.00805664 0.444336 
0.00512695 0.0224609 0.046875 0.0563965 0.043457 0.0229492 0.010498 0.456543 
0.00512695 0.0200195 0.0419922 0.0515137 0.0410156 0.0205078 0.00805664 0.439453 
0.00512695 0.0200195 0.0395508 0.0490723 0.0385742 0.0180664 0.00561523 0.461426 
0.00512695 0.0200195 0.0395508 0.0466309 0.0361328 0.0180664 0.00561523 0.471191 
0.00756836 0.0200195 0.0395508 0.0466309 0.0361328 0.0205078 0.00805664 0.476074 
0.000244141 0.0126953 0.0249023 0.029541 0.0239258 0.00830078 0.000732422 0.556641 
0.00268555 0.0126953 0.0224609 0.0270996 0.0166016 0.0107422 0.00317383 0.769043 
0
