0
003
0
0
0
0
0
0
0
0
0
0
0
0 0 0 0 0 
0 0 0 0 0 
0 0 0 0 0 
0 0 0 0 0 
0 0 0 0 0 
0 0 0 0 0 
0 0 0 0 0 
0 0 0 0 0 
0 0 0 0 0 
0 0 0 0 0 
0 0 0 0 0 
0 0 0 0 0 
0 0 0 0 0 
0 0 0 0 0 
0 0 0 0 0 
0 0 0 0 0 
0.000732422 0.000244141 -0.00195313 -0.00195313 0 0.000488281 -0.00268555 0.629883 
0.000732422 0.000244141 0.000488281 -0.00439453 -0.00244141 -0.00195313 -0.000244141 0.644531 
0.000732422 0.000244141 0.000488281 -0.00195313 -0.00244141 -0.00195313 -0.000244141 0.654297 
0.000732422 0.00268555 0.000488281 -0.00195313 0 0.000488281 -0.000244141 0.632324 
0.000732422 0.00268555 -0.00195313 -0.00195313 0 0.000488281 -0.000244141 0.625 
-0.00170898 0.000244141 -0.00195313 -0.00195313 -0.00244141 0.000488281 -0.00268555 0.598145 
0.000732422 0.00268555 0.00292969 -0.00195313 0 0.00292969 -0.000244141 0.563965 
0.000732422 0.00268555 0.000488281 0.000488281 0 0.000488281 -0.000244141 0.59082 
-0.00415039 0.000244141 0.000488281 -0.00195313 -0.00244141 0.000488281 -0.000244141 0.571289 
0.000732422 0.00268555 0.00537109 0.000488281 0 0.000488281 -0.000244141 0.581055 
0.000732422 0.00268555 0.00537109 0.00292969 0 0.000488281 -0.000244141 0.539551 
0.00317383 0.00756836 0.0102539 0.00537109 0.00244141 0.000488281 -0.000244141 0.546875 
0.00317383 0.0148926 0.0175781 0.0102539 0.00244141 0.000488281 -0.000244141 0.52002 
0.00805664 0.029541 0.0371094 0.0224609 0.00732422 0.00292969 -0.000244141 0.512695 
0.0153809 0.0441895 0.0517578 0.0297852 0.012207 0.00292969 -0.000244141 0.498047 
0.0202637 0.0515137 0.0566406 0.034668 0.0146484 0.00292969 0.00219727 0.458984 
0.0202637 0.0539551 0.0615234 0.034668 0.00976563 0.000488281 -0.000244141 0.478516 
0.0251465 0.0612793 0.0688477 0.0371094 0.012207 0.00292969 -0.000244141 0.510254 
0.0275879 0.0661621 0.0737305 0.0395508 0.0146484 0.00292969 -0.000244141 0.522461 
0.0300293 0.0710449 0.0761719 0.0395508 0.012207 0.00292969 -0.000244141 0.532227 
0.0300293 0.0710449 0.0737305 0.034668 0.00976563 0.000488281 -0.000244141 0.466309 
0.0324707 0.0710449 0.0688477 0.0322266 0.00976563 0.000488281 -0.000244141 0.576172 
0.0275879 0.0588379 0.0541992 0.0249023 0.00732422 0.000488281 -0.000244141 0.622559 
0.0251465 0.0466309 0.0395508 0.0175781 0.00488281 0.000488281 -0.000244141 0.639648 
0.0202637 0.0368652 0.0322266 0.0151367 0.00732422 0.00292969 -0.000244141 0.700684 
-0.00170898 0.000244141 0.000488281 0.00292969 0.00244141 0.000488281 -0.000244141 0.891113 
-0.00170898 0.000244141 0.000488281 0.000488281 0 0.000488281 -0.000244141 0.622559 
-0.00170898 -0.00219727 -0.00195313 0.000488281 0 0.000488281 -0.00268555 0.65918 
0.000732422 -0.00219727 0.000488281 0.00292969 0.00244141 0.000488281 0.00219727 0.712891 
0.00317383 0.000244141 0.00292969 0.00537109 0.00488281 0.000488281 0.00463867 0.673828 
-0.00170898 -0.00219727 0.000488281 0.00292969 0 0.000488281 -0.000244141 0.595703 
-0.00170898 0.000244141 0.000488281 0.00292969 0.00244141 0.00292969 0.00219727 0.57373 
-0.00170898 0.000244141 0.00292969 0.00292969 0.00488281 0.00537109 0.00219727 0.549316 
-0.00170898 0.000244141 0.00292969 0.00292969 0.00488281 0.00292969 -0.000244141 0.515137 
-0.00170898 0.000244141 0.000488281 0.00292969 0.00244141 0.000488281 -0.000244141 0.498047 
-0.00415039 -0.00219727 0.000488281 0.00292969 0.00244141 0.000488281 -0.000244141 0.483398 
-0.00170898 0.000244141 0.00415039 0.0065918 0.00488281 0.00292969 -0.000244141 0.461426 
0.000732422 0.00268555 0.0078125 0.0102539 0.00732422 0.00537109 -0.000244141 0.439453 
0.000732422 0.00756836 0.0200195 0.0249023 0.0195313 0.0078125 0.00219727 0.415039 
0.000732422 0.0100098 0.0273438 0.034668 0.0244141 0.0102539 0.00219727 0.463867 
0.000732422 0.0148926 0.034668 0.0419922 0.0292969 0.0126953 -0.000244141 0.444336 
0.00317383 0.0197754 0.0444336 0.0517578 0.0366211 0.0151367 0.00219727 0.446777 
0.00317383 0.017334 0.0444336 0.0517578 0.0366211 0.0151367 0.00219727 0.444336 
0.00317383 0.0197754 0.046875 0.0541992 0.0390625 0.0151367 0.00219727 0.456543 
0.00317383 0.0197754 0.0444336 0.0517578 0.0366211 0.0151367 0.00463867 0.437012 
0.00317383 0.017334 0.0419922 0.0493164 0.0366211 0.0151367 0.00219727 0.458984 
0.00317383 0.0197754 0.0419922 0.046875 0.0317383 0.0151367 0.00219727 0.46875 
0.00317383 0.017334 0.0395508 0.0444336 0.0317383 0.0126953 0.00219727 0.476074 
0.00317383 0.0148926 0.0297852 0.034668 0.0219727 0.0102539 -0.000244141 0.551758 
0.00561523 0.0124512 0.0273438 0.0273438 0.0195313 0.0102539 0.00463867 0.76416 
0
