0.227147 -0.077738 -0.491392 -0.228013 -0.353522 -0.350583   -500 
-0.62963 -0.852286 -1.24215  -0.26 -0.287025 -0.276949   -400 
-0.887043 -1.05066 -1.35835 -0.088607 -0.152542 -0.144215   -300 
-0.955017 -0.87397 -1.0802 -0.0930227 -0.098227 -0.108008   -200 
-0.479233 -0.458281 -0.348597 -0.0783586 -0.043312 0.0372247   -100 
0.100977 0.247311 0.484163 -0.15859 -0.0124488 0.0431776      0 
1.06574 1.19144 1.40086 -0.155779 0.0966329 0.139616    100 
1.86869 1.88595 2.09008 -0.0420558 0.192147 0.205527    200 
2.30872 2.21951 2.2574 0.0877198 0.338936 0.278524    300 
2.04333 1.95585 2.0108 0.241107 0.427632 0.426871    400 
1.71096 1.56967 1.55727 0.461864 0.568088 0.602862    500 
