0
003
0
0
0
0
0
0
0
0
0
0
0
0 0 0 0 0 
0 0 0 0 0 
0 0 0 0 0 
0 0 0 0 0 
0 0 0 0 0 
0 0 0 0 0 
0 0 0 0 0 
0 0 0 0 0 
0 0 0 0 0 
0 0 0 0 0 
0 0 0 0 0 
0 0 0 0 0 
0 0 0 0 0 
0 0 0 0 0 
0 0 0 0 0 
0 0 0 0 0 
-0.000488281 -0.000732422 -0.000732422 -0.00292969 -0.00195313 -0.00170898 0.00146484 0.637207 
-0.000488281 -0.000732422 -0.00317383 -0.00292969 -0.00195313 0.000732422 0.00146484 0.651855 
-0.000488281 -0.00317383 -0.00317383 -0.00292969 -0.00195313 -0.00170898 0.00146484 0.661621 
0.00195313 -0.000732422 -0.000732422 -0.000488281 -0.00195313 0.000732422 0.00146484 0.639648 
-0.000488281 -0.000732422 -0.000732422 -0.000488281 -0.00195313 -0.00170898 -0.000976563 0.632324 
-0.000488281 -0.000732422 -0.000732422 -0.000488281 0.000488281 0.000732422 -0.000976563 0.603027 
-0.000488281 -0.00317383 -0.000732422 -0.000488281 -0.00195313 0.000732422 0.00146484 0.571289 
-0.000488281 -0.000732422 -0.000732422 0.00195313 -0.00195313 0.000732422 -0.000976563 0.598145 
0.00195313 0.00170898 0.00170898 0.00195313 0.000488281 0.000732422 0.00146484 0.576172 
0.00195313 -0.000732422 0.00170898 0.00195313 0.000488281 0.000732422 -0.000976563 0.588379 
0.00195313 0.00170898 0.00415039 0.00683594 0.00537109 0.00317383 0.00146484 0.544434 
-0.000488281 0.00415039 0.0065918 0.00927734 0.00537109 0.00317383 0.00146484 0.554199 
0.00195313 0.0065918 0.0163574 0.0166016 0.0126953 0.00561523 0.00146484 0.524902 
0.00439453 0.013916 0.0285645 0.03125 0.0224609 0.010498 0.00146484 0.517578 
0.00439453 0.0163574 0.0358887 0.043457 0.0297852 0.0129395 0.00390625 0.505371 
0.00683594 0.0187988 0.0456543 0.0507813 0.0322266 0.0129395 0.00146484 0.466309 
0.00439453 0.026123 0.0505371 0.0556641 0.0371094 0.0153809 0.00390625 0.483398 
0.00683594 0.0285645 0.0554199 0.0605469 0.0395508 0.0153809 0.00390625 0.515137 
0.00683594 0.0285645 0.0578613 0.0605469 0.0395508 0.0153809 0.00390625 0.529785 
0.0117188 0.0310059 0.0627441 0.0678711 0.0419922 0.0178223 0.00390625 0.537109 
0.00927734 0.0334473 0.0627441 0.0629883 0.0371094 0.0129395 0.00146484 0.471191 
0.0117188 0.0334473 0.0578613 0.0556641 0.0322266 0.010498 0.00146484 0.583496 
0.00927734 0.026123 0.0480957 0.0458984 0.0249023 0.010498 0.00146484 0.629883 
0.00683594 0.0212402 0.0358887 0.0361328 0.0175781 0.00561523 -0.000976563 0.646973 
0.00683594 0.0163574 0.026123 0.0263672 0.0151367 0.00561523 0.00146484 0.710449 
-0.000488281 0.00170898 -0.000732422 -0.000488281 -0.00195313 -0.00170898 -0.000976563 0.900879 
-0.000488281 -0.000732422 -0.000732422 -0.000488281 0.000488281 -0.00170898 -0.000976563 0.629883 
0.00195313 0.00170898 0.00170898 -0.000488281 0.000488281 0.000732422 0.00146484 0.664063 
-0.000488281 0.00170898 0.00170898 0.00195313 0.000488281 0.000732422 -0.00341797 0.720215 
-0.000488281 0.00415039 0.00415039 0.00195313 0.00292969 0.000732422 -0.000976563 0.681152 
-0.000488281 -0.000732422 0.00170898 0.00439453 0.00292969 0.000732422 0.00146484 0.600586 
0.00195313 0.00170898 0.00415039 0.00439453 0.00292969 0.00317383 0.00146484 0.578613 
0.00195313 0.00170898 0.00415039 0.00439453 0.00292969 0.000732422 0.00146484 0.556641 
-0.000488281 -0.000732422 0.00170898 0.00439453 0.00292969 0.000732422 -0.000976563 0.522461 
0.00195313 0.00170898 0.00415039 0.00683594 0.00537109 0.00317383 0.00146484 0.50293 
-0.000488281 -0.000732422 0.00415039 0.00439453 0.00292969 0.000732422 0.00146484 0.488281 
-0.000488281 0.000488281 0.00537109 0.00805664 0.00537109 0.00195313 0.00146484 0.467529 
-0.000488281 0.00170898 0.0065918 0.0117188 0.0078125 0.00317383 0.00146484 0.446777 
-0.000488281 0.0065918 0.0187988 0.0239258 0.0200195 0.00805664 0.00146484 0.422363 
0.00195313 0.013916 0.0310059 0.0361328 0.0297852 0.0153809 0.00390625 0.46875 
0.00195313 0.013916 0.0358887 0.0458984 0.034668 0.0153809 0.00390625 0.449219 
0.00439453 0.0163574 0.0432129 0.0532227 0.0395508 0.0178223 0.00634766 0.454102 
0.00439453 0.0187988 0.0456543 0.0556641 0.0419922 0.0178223 0.00390625 0.449219 
0.00439453 0.0163574 0.0432129 0.0556641 0.0419922 0.0178223 0.00390625 0.463867 
0.00195313 0.0163574 0.0432129 0.0556641 0.0395508 0.0178223 0.00390625 0.444336 
0.00439453 0.0187988 0.0432129 0.0532227 0.0395508 0.0202637 0.00634766 0.463867 
0.00195313 0.0163574 0.0407715 0.0507813 0.0371094 0.0153809 0.00390625 0.476074 
0.00439453 0.0163574 0.0383301 0.0458984 0.0322266 0.0153809 0.00390625 0.483398 
0.00195313 0.013916 0.0285645 0.0361328 0.0249023 0.010498 0.00146484 0.559082 
0.00195313 0.0090332 0.0212402 0.0263672 0.0151367 0.00561523 0.00146484 0.776367 
0
