0
003
0
0
0
0
0
0
0
0
0
0
0
0 0 0 0 0 
0 0 0 0 0 
0 0 0 0 0 
0 0 0 0 0 
0 0 0 0 0 
0 0 0 0 0 
0 0 0 0 0 
0 0 0 0 0 
0 0 0 0 0 
0 0 0 0 0 
0 0 0 0 0 
0 0 0 0 0 
0 0 0 0 0 
0 0 0 0 0 
0 0 0 0 0 
0 0 0 0 0 
-0.00244141 0.000244141 -0.000732422 -0.00244141 -0.00146484 -0.00195313 -0.000976563 0.625 
0 -0.00219727 -0.000732422 -0.00488281 -0.00146484 0.000488281 -0.000976563 0.639648 
0.00244141 0.00268555 0.00170898 -0.00244141 -0.00146484 0.00292969 0.00146484 0.646973 
0.00244141 0.00268555 0.00170898 -0.00244141 0.000976563 0.000488281 0.00146484 0.627441 
0.00488281 0.00512695 0.00170898 0 0.000976563 0.00292969 0.00146484 0.617676 
0 0.000244141 -0.000732422 -0.00244141 -0.00146484 -0.00195313 -0.000976563 0.593262 
0.00244141 0.00268555 -0.000732422 -0.00244141 -0.00146484 0.000488281 -0.000976563 0.561523 
0 0.000244141 -0.000732422 -0.00244141 -0.00390625 0.000488281 -0.000976563 0.588379 
0.00244141 0.00512695 -0.000732422 -0.00244141 -0.00146484 -0.00195313 -0.000976563 0.566406 
0.00244141 0.00268555 0.00170898 -0.00488281 -0.00390625 0.000488281 -0.000976563 0.578613 
0.00976563 0.00756836 0.00415039 0 0.000976563 0.00292969 0.00146484 0.534668 
0.0146484 0.0100098 0.00415039 0 -0.00146484 0.000488281 -0.000976563 0.544434 
0.0268555 0.0222168 0.0114746 0.00244141 0.000976563 0.000488281 0.00146484 0.515137 
0.0439453 0.0368652 0.0212402 0.00732422 0.000976563 0.00292969 0.00146484 0.507813 
0.0561523 0.0466309 0.026123 0.00488281 0.000976563 -0.00195313 -0.000976563 0.498047 
0.0683594 0.0588379 0.0310059 0.00976563 0.00341797 0.000488281 0.00146484 0.456543 
0.0756836 0.0637207 0.0334473 0.012207 0.00341797 0.00292969 0.00146484 0.473633 
0.0805664 0.0686035 0.0383301 0.012207 0.00341797 0.00292969 0.00146484 0.505371 
0.0854492 0.0759277 0.0407715 0.0146484 0.00585938 0.00292969 0.00146484 0.517578 
0.0854492 0.0759277 0.0432129 0.012207 0.00341797 0.00292969 -0.000976563 0.527344 
0.0805664 0.0759277 0.0432129 0.012207 0.00341797 0.00292969 0.00146484 0.461426 
0.0732422 0.0661621 0.0358887 0.00976563 0.000976563 0.000488281 -0.000976563 0.57373 
0.0634766 0.0515137 0.026123 0.00732422 0.000976563 0.000488281 -0.000976563 0.617676 
0.0537109 0.0466309 0.0236816 0.00732422 0.00341797 0.00537109 0.00390625 0.632324 
0.0415039 0.0344238 0.013916 0.00244141 -0.00146484 0.00292969 -0.000976563 0.695801 
-0.00244141 0.000244141 -0.00317383 0 -0.00146484 0.00292969 -0.000976563 0.883789 
-0.00244141 0.000244141 0.00170898 0 0.00341797 0.00292969 0.00146484 0.617676 
-0.00244141 0.000244141 0.00170898 0.00244141 -0.00146484 0.00292969 -0.000976563 0.654297 
-0.00244141 -0.00463867 -0.00561523 0.00244141 -0.00146484 -0.00439453 -0.000976563 0.712891 
0 -0.00463867 -0.00317383 0.00488281 0.000976563 -0.00439453 -0.000976563 0.67627 
-0.00244141 0.000244141 0.00170898 0.00244141 0.000976563 -0.00195313 -0.000976563 0.593262 
-0.00244141 0.000244141 0.00415039 0.00244141 0.000976563 0.000488281 -0.000976563 0.571289 
-0.00244141 0.000244141 0.00170898 0.00244141 0.00341797 0.000488281 -0.000976563 0.549316 
-0.00244141 0.000244141 0.00415039 0.00244141 0.000976563 0.000488281 -0.000976563 0.515137 
0 0.00512695 0.0090332 0.00732422 0.00585938 0.00292969 0.00390625 0.493164 
-0.00244141 0.00268555 0.0065918 0.00488281 0.00341797 0.00292969 0.00146484 0.478516 
-0.00244141 0.00512695 0.0102539 0.00610352 0.00585938 0.00292969 0.000244141 0.458984 
-0.00244141 0.00756836 0.013916 0.00732422 0.00830078 0.00292969 -0.000976563 0.439453 
0.00244141 0.0148926 0.0285645 0.0219727 0.015625 0.00537109 0.00390625 0.412598 
0.00488281 0.0222168 0.0358887 0.0341797 0.0229492 0.0078125 0.00390625 0.461426 
0.00488281 0.029541 0.0480957 0.0415039 0.0253906 0.0102539 0.00390625 0.439453 
0.00732422 0.0344238 0.0554199 0.0463867 0.027832 0.0126953 0.00146484 0.444336 
0.00732422 0.0368652 0.0554199 0.0488281 0.0302734 0.0126953 0.00390625 0.439453 
0.00732422 0.0368652 0.0554199 0.0488281 0.0302734 0.0102539 0.00390625 0.454102 
0.00488281 0.0344238 0.0554199 0.0488281 0.0302734 0.0126953 0.00390625 0.43457 
0.00732422 0.0319824 0.0529785 0.0463867 0.027832 0.0102539 0.00390625 0.456543 
0.00488281 0.0319824 0.0505371 0.0439453 0.027832 0.0126953 0.00146484 0.466309 
0.00488281 0.029541 0.0456543 0.0390625 0.0253906 0.0102539 0.00146484 0.473633 
0.00488281 0.0222168 0.0358887 0.0317383 0.0205078 0.0078125 0.00390625 0.546875 
0.00244141 0.017334 0.0236816 0.0195313 0.0107422 0.00537109 0.00146484 0.761719 
0
