0
003
0
0
0
0
0
0
0
0
0
0
0
0 0 0 0 0 
0 0 0 0 0 
0 0 0 0 0 
0 0 0 0 0 
0 0 0 0 0 
0 0 0 0 0 
0 0 0 0 0 
0 0 0 0 0 
0 0 0 0 0 
0 0 0 0 0 
0 0 0 0 0 
0 0 0 0 0 
0 0 0 0 0 
0 0 0 0 0 
0 0 0 0 0 
0 0 0 0 0 
-0.00219727 -0.00341797 -0.00512695 -0.00390625 -0.00195313 -0.00439453 -0.000732422 0.634766 
0.000244141 -0.000976563 -0.00268555 -0.00146484 -0.00195313 -0.00195313 0.00170898 0.646973 
-0.00219727 -0.000976563 -0.00268555 -0.00146484 -0.00195313 -0.00195313 -0.000732422 0.656738 
-0.00219727 -0.000976563 -0.00268555 -0.00146484 0.000488281 -0.00195313 -0.000732422 0.637207 
0.000244141 -0.000976563 -0.00268555 -0.00146484 0.000488281 0.000488281 0.00170898 0.627441 
0.00268555 0.00146484 -0.000244141 0.000976563 0.000488281 0.00292969 0.00170898 0.598145 
0.00268555 0.00146484 -0.000244141 0.000976563 0.000488281 0.00292969 0.00170898 0.566406 
0.00268555 0.00146484 -0.000244141 0.000976563 0.000488281 0.00292969 0.00170898 0.593262 
0.000244141 -0.000976563 -0.00268555 -0.00146484 0.000488281 0.000488281 -0.000732422 0.57373 
0.00268555 0.00146484 -0.000244141 0.000976563 0.00292969 0.00292969 0.00170898 0.583496 
0.000244141 -0.000976563 -0.000244141 0.00341797 0.00537109 0.00292969 0.00170898 0.541992 
0.000244141 0.00146484 0.00463867 0.00585938 0.0102539 0.0078125 0.00415039 0.549316 
0.00268555 0.00390625 0.00708008 0.0131836 0.0200195 0.0175781 0.0090332 0.52002 
0.00268555 0.00390625 0.0119629 0.0205078 0.0297852 0.0249023 0.0114746 0.515137 
0.00268555 0.00634766 0.0119629 0.027832 0.0395508 0.034668 0.0187988 0.50293 
0.00512695 0.00878906 0.0168457 0.0327148 0.0493164 0.0444336 0.0236816 0.461426 
0.00512695 0.00878906 0.0168457 0.0351563 0.0517578 0.0493164 0.0285645 0.478516 
0.00268555 0.00634766 0.0168457 0.0351563 0.0541992 0.0517578 0.0310059 0.512695 
0.00268555 0.00878906 0.0168457 0.0351563 0.0566406 0.059082 0.0358887 0.524902 
0.00268555 0.00634766 0.0168457 0.0351563 0.059082 0.0639648 0.0383301 0.534668 
0.00512695 0.00878906 0.0144043 0.0351563 0.059082 0.0639648 0.0407715 0.466309 
0.00268555 0.00634766 0.0144043 0.027832 0.0493164 0.0566406 0.0407715 0.578613 
0.00268555 0.00390625 0.00952148 0.0205078 0.0371094 0.0493164 0.0358887 0.625 
0.000244141 0.00146484 0.00463867 0.015625 0.0297852 0.0395508 0.0310059 0.64209 
-0.00219727 0.00146484 0.00219727 0.0107422 0.0224609 0.0322266 0.0236816 0.705566 
-0.00219727 -0.000976563 -0.00268555 0.000976563 -0.00195313 0.000488281 0.00170898 0.893555 
0.00268555 0.00146484 -0.000244141 0.000976563 0.00292969 0.000488281 -0.000732422 0.625 
0.000244141 -0.000976563 -0.000244141 -0.00146484 0.000488281 -0.00195313 -0.000732422 0.661621 
-0.00463867 -0.00341797 0.00219727 -0.00146484 -0.00439453 -0.00195313 -0.00317383 0.715332 
0.000244141 0.00146484 0.00463867 0.00341797 0.000488281 0.00292969 -0.000732422 0.67627 
0.00268555 0.00390625 0.00463867 0.00341797 0.00292969 0.00292969 0.00170898 0.595703 
0.00268555 0.00146484 0.00219727 0.00341797 0.00292969 0.000488281 -0.000732422 0.576172 
0.000244141 0.00146484 0.00219727 0.00341797 0.00292969 0.000488281 -0.000732422 0.554199 
0.000244141 0.00146484 0.00219727 0.00341797 0.00292969 -0.00195313 -0.000732422 0.52002 
0.00268555 0.00146484 0.00219727 0.00341797 0.00537109 0.000488281 -0.000732422 0.500488 
0.00268555 0.00146484 0.00219727 0.00341797 0.00537109 0.000488281 -0.000732422 0.48584 
0.00268555 0.00268555 0.00341797 0.00708008 0.0078125 0.00292969 0.000488281 0.465088 
0.00268555 0.00390625 0.00463867 0.0107422 0.0102539 0.00537109 0.00170898 0.444336 
0.00268555 0.00634766 0.0144043 0.0229492 0.0224609 0.0102539 0.00170898 0.419922 
0.00512695 0.0112305 0.0241699 0.0327148 0.0322266 0.0175781 0.00415039 0.466309 
0.00512695 0.0136719 0.0290527 0.0400391 0.0419922 0.0224609 0.0065918 0.446777 
0.00756836 0.0161133 0.0314941 0.0498047 0.046875 0.0249023 0.0065918 0.45166 
0.0100098 0.0209961 0.036377 0.0522461 0.0517578 0.0273438 0.0090332 0.444336 
0.0100098 0.0185547 0.0388184 0.0522461 0.0493164 0.0273438 0.0090332 0.458984 
0.00512695 0.0161133 0.0339355 0.0498047 0.046875 0.0249023 0.00415039 0.441895 
0.00756836 0.0185547 0.0339355 0.0498047 0.046875 0.0273438 0.0065918 0.461426 
0.00756836 0.0161133 0.0314941 0.0473633 0.046875 0.0249023 0.0090332 0.471191 
0.00756836 0.0161133 0.0314941 0.0424805 0.0419922 0.0249023 0.0065918 0.478516 
0.00512695 0.0112305 0.0241699 0.0351563 0.0297852 0.0175781 0.00415039 0.554199 
0.00512695 0.00878906 0.0192871 0.027832 0.0200195 0.0126953 0.00415039 0.769043 
0
