0
003
0
0
0
0
0
0
0
0
1
0
0
-0.004118 0 0 0 0 
-0.01889 0 0 0 0 
-0.007072 0 0 0 0 
-0.004774 0 0 0 0 
-0.007729 0 0 0 0 
-0.000507 0 0 0 0 
-1.2092 0 0 0 0 
-1.22101 0 0 0 0 
0 0 0 0 0 
0 0 0 0 0 
0 0 0 0 0 
0 0 0 0 0 
0 0 0 0 0 
0 0 0 0 0 
0 0 0 0 0 
0 0 0 0 0 
-0.000608282 -9.64967e-006 -0.000795385 -0.00198586 -0.00268744 -0.00319368 0.00222879 -0.002175 
0.00140495 -3.05548e-005 -0.00169084 -7.76875e-005 -0.00179514 -0.000408593 -0.001032 0.0006 
-0.000960573 0.00167282 0.000896173 -0.00289039 0.000265814 0.00310815 0.00235047 -0.0003 
-0.0033327 0.00187195 0.00359985 -0.000786094 0.00249906 0.00291642 0.00489372 0.0024 
0.00211301 0.00124575 0.00149591 -0.00159797 0.000246602 0.00254009 0.000999916 0.002325 
-0.000876964 0.00413853 0.00621376 0.00318573 0.00615819 0.00623497 0.00485879 -0.00045 
0.00368309 0.00308489 0.0134054 -0.00104168 0.00687109 0.0105413 0.00541511 0.00345 
0.00280939 0.00645642 0.0125827 0.00685477 0.0132842 0.0161555 0.00915713 -0.0021 
0.00381681 0.00783985 0.0226932 0.00589002 0.0205436 0.0196389 0.0115132 -0.001575 
0.00469266 0.0138577 0.0288861 0.00660678 0.017635 0.0209094 0.0123712 0.000825 
0.000928295 0.0113401 0.0287602 0.00436198 0.0230476 0.0276328 0.0176067 -0.001125 
0.00443401 0.0143975 0.0341957 0.00890215 0.0247852 0.0286877 0.0208449 0 
0.00740874 0.0194092 0.0345956 0.00674715 0.0290811 0.0305108 0.0188429 0.001725 
0.00335874 0.0158092 0.0381956 0.00772215 0.0264561 0.0284108 0.0214679 0.0012 
0.00563401 0.0183725 0.0360707 0.00807715 0.0308602 0.0316127 0.0192699 -0.00045 
0.0073783 0.0105901 0.0293602 0.00983698 0.0213976 0.0298078 0.0159567 0.000675 
0.00701766 0.0110077 0.0282111 0.00960678 0.024535 0.0200844 0.0173962 0.00315 
0.00231681 0.00881485 0.0226932 0.00431502 0.0195686 0.0178389 0.0156382 -0.000825 
0.000484385 0.00818142 0.0194077 0.000179766 0.0160592 0.0112805 0.0120071 0.000225 
0.000533094 0.00495989 0.00853042 0.00270832 0.00867109 0.0133163 0.00504011 -0.00195 
0.00414804 0.00316353 0.0104138 0.00491073 0.0042082 0.00705997 0.00440879 0.0003 
-0.00276199 -0.00115425 0.00794591 0.000127031 0.0067716 0.00614009 0.00189992 -0.003 
-0.0031827 0.00434695 0.00382485 0.00251391 -0.000275938 0.00569142 0.00294372 -0.000375 
0.000464427 -0.000802182 0.000671173 -0.00184039 -0.00213419 0.00438315 0.000925468 -7.5e-005 
0.00327995 0.00191945 0.00130916 0.00367231 0.000604861 0.00266641 0.003768 0.0027 
0.00245905 0.000195223 0.00167096 -0.00183752 -0.0034055 -0.00248036 0.00362171 -0.002775 
-0.00205998 -0.00291976 0.00114623 0.000507324 0.00127099 -0.00303003 0.00400553 0.0018 
-0.00233808 -0.00297441 0.00322097 0.0048861 -0.00116372 -0.00167348 -0.00166464 -0.0021 
-0.00203064 0.00444606 0.00105163 0.00346084 0.00440472 -0.00121299 0.00424311 0.00135 
0.00398398 0.00186319 0.00423327 0.00603019 0.00700254 0.00523686 -0.000830847 -0.0024 
0.000724779 0.00156482 0.00636836 0.00775279 0.00914062 0.00677007 0.00681792 0.002775 
-0.000398752 0.00260731 0.0093955 0.00680784 0.0104993 0.011621 0.00825404 -0.003375 
0.0035306 0.00901491 0.0124375 0.0114008 0.0143332 0.00856592 0.00854496 0.0006 
0.00168177 0.00883492 0.015361 0.0184293 0.018661 0.0190854 0.00958593 0.003075 
0.00464924 0.0111088 0.0228188 0.0160259 0.0157339 0.0205569 0.01077 -0.0036 
0.000958986 0.0118419 0.0240396 0.0208676 0.022745 0.0218171 0.0122379 -0.001875 
0.00553161 0.0152717 0.025316 0.0205757 0.0264813 0.023044 0.015233 0.002025 
0.00817479 0.0168256 0.0332465 0.0285654 0.0241499 0.0307911 0.0203739 -0.0027 
0.00337479 0.0134506 0.0269465 0.0239904 0.0253499 0.0305661 0.0214989 -0.0027 
0.00755661 0.0109217 0.027566 0.0256007 0.0279813 0.029269 0.018758 -0.00195 
0.000283986 0.0121419 0.0260646 0.0201176 0.02132 0.0266921 0.0131379 -0.0012 
0.000299237 0.00983383 0.0243938 0.0216509 0.0209839 0.0183819 0.013845 0.0018 
0.000481767 0.00673492 0.017536 0.0146043 0.018061 0.0136854 0.0134109 0.00165 
0.000680599 0.00443991 0.0155875 0.0136508 0.0119332 0.0127659 0.00839496 0.000675 
0.00312625 0.00365731 0.00902049 0.00478284 0.0087743 0.007421 0.00300404 -0.001275 
0.00199978 0.00223982 0.00329336 0.00325279 0.00861562 0.00459507 0.000817921 0.0015 
-6.60203e-005 -0.000386808 0.00100827 0.000480195 0.000927535 0.00523686 0.00119415 0.002775 
-0.00255564 0.00362106 0.00307663 -0.000364155 0.00500472 0.00261201 0.00116811 0.003525 
0.000436924 -0.000874411 -0.000754028 -0.0015639 0.00168628 -0.000848475 -0.00188964 -0.0024 
0.00146502 -0.000294757 0.00362123 -0.00204268 -0.00225401 0.00364497 0.000930529 0.002025 
23.5
0 0 0 
0 0 0 
-0.65063 2.74025 1.21031 
-0.0674053 2.20091 0.889341 
-0.226877 -0.283943 0.51918 
0.1065 0.713555 0.26369 
-0.024826 0.323518 0.374716 
0.101854 0.581618 0.248861 
0.0640669 0.484444 0.235437 
0.0629464 0.246648 0.247538 
0.0383715 0.676545 0.340293 
0.0653382 0.502049 0.294403 
0.0460256 0.347836 0.191345 
0.0546041 0.479359 0.30017 
0.0538846 0.414803 0.214057 
0.0791214 0.452096 0.287617 
0.0815109 0.387013 0.196263 
0.0473213 0.601933 0.279321 
0.00265926 0.55352 0.265833 
0.0618914 0.694129 0.297174 
0.128174 0.0618475 0.270476 
0.00669703 1.44452 0.692237 
0.158484 1.06968 0.729512 
-1.10371 5.36652 5.06864 
0.213257 0.130881 0.112619 
-8.2189 -31.0398 39.8739 
0 0 0 
0 0 0 
0.24096 0.75586 1.06427 
0.219127 -0.17907 0.398186 
0.198082 0.80385 0.359501 
0.139544 0.924227 0.384746 
0.168085 0.236493 0.108496 
0.201107 0.518483 0.23412 
0.157636 0.296797 0.222831 
0.182237 0.458418 0.196917 
0.156525 0.348519 0.141792 
0.176191 0.341903 0.217491 
0.165249 0.599314 0.253733 
0.173384 0.478919 0.202935 
0.167985 0.525372 0.268446 
0.197926 0.49661 0.233148 
0.172803 0.629638 0.241434 
0.202376 0.535794 0.291977 
0.120214 0.173793 0.103858 
0.131085 0.261429 0.357026 
0.0572056 1.78065 0.82969 
-0.0289869 0.88207 0.53021 
0 0 0 
-0.402871 0.0790346 2.04119 
0.00232259 0.609535 0.396966 
0.0571846 0.445619 0.267918 
0.0581965 0.599294 0.326989 
0.18922 0.47952 0.396022 
0.168458 0.435606 0.214878 
0.149942 0.629041 0.332226 
