0
003
0
0
0
0
0
0
0
0
-1
0
0
0.006058 0 0 0 0 
-0.011668 0 0 0 0 
-0.00182 0 0 0 0 
-0.000179 0 0 0 0 
-0.002805 0 0 0 0 
0.006058 0 0 0 0 
-1.2627 0 0 0 0 
-1.32278 0 0 0 0 
0 0 0 0 0 
0 0 0 0 0 
0 0 0 0 0 
0 0 0 0 0 
0 0 0 0 0 
0 0 0 0 0 
0 0 0 0 0 
0 0 0 0 0 
-0.000625054 -5.59387e-005 -0.000963715 -0.00150387 -0.00278175 -0.00327922 0.00215822 -0.002175 
0.00137228 -0.000120713 -0.0020187 0.000861095 -0.00197882 -0.000575205 -0.00116944 0.0006 
-0.00102076 0.0015067 0.000292094 -0.00116071 -7.26116e-005 0.00280117 0.00209723 -0.0003 
-0.0034376 0.00158243 0.00254699 0.00222859 0.00190922 0.00238138 0.00445235 0.0024 
0.00194006 0.000768404 -0.000239951 0.00337241 -0.000725887 0.00165797 0.000272207 0.002325 
-0.00114671 0.00339405 0.00350647 0.0109376 0.00464148 0.00485919 0.00372383 -0.00045 
0.00328513 0.00198653 0.00941125 0.010395 0.00463341 0.00851156 0.00374067 0.00345 
0.00225398 0.00492354 0.00700834 0.022816 0.0101612 0.0133228 0.00682026 -0.0021 
0.00308357 0.00581616 0.015334 0.0269619 0.0164207 0.0158991 0.00842808 -0.001575 
0.00377695 0.0113304 0.0196956 0.0329224 0.0124861 0.016239 0.00851837 0.000825 
-0.000153484 0.00835447 0.0179029 0.0354502 0.0169649 0.0221154 0.0130551 -0.001125 
0.00322511 0.011061 0.0220624 0.0436438 0.0179878 0.0225219 0.0157584 0 
0.00613077 0.0158821 0.0217692 0.0434735 0.0218953 0.0239928 0.0134658 0.001725 
0.00208077 0.0122821 0.0253692 0.0444485 0.0192703 0.0218928 0.0160908 0.0012 
0.00442511 0.015036 0.0239374 0.0428188 0.0240628 0.0254469 0.0141834 -0.00045 
0.00629652 0.00760447 0.0185029 0.0409252 0.0153149 0.0242904 0.0114051 0.000675 
0.00610195 0.00848044 0.0190206 0.0359224 0.0193861 0.015414 0.0135434 0.00315 
0.00158357 0.00679116 0.015334 0.0253869 0.0154457 0.0140991 0.0125531 -0.000825 
-7.10184e-005 0.00664854 0.0138333 0.016141 0.0129362 0.00844778 0.00967026 0.000225 
0.00013513 0.00386153 0.00453625 0.014145 0.00643341 0.0112866 0.00336567 -0.00195 
0.00387829 0.00241905 0.00770647 0.0126626 0.00269148 0.00568419 0.00327383 0.0003 
-0.00293494 -0.0016316 0.00621005 0.00509741 0.00579911 0.00525797 0.00117221 -0.003 
-0.0032876 0.00405743 0.00277199 0.00552859 -0.000865783 0.00515638 0.00250235 -0.000375 
0.000404239 -0.000968297 6.70941e-005 -0.000110708 -0.00247261 0.00407617 0.000672226 -7.5e-005 
0.00324728 0.00182929 0.0009813 0.00461109 0.000421181 0.00249979 0.00363056 0.0027 
0.00243755 0.000131565 0.00148342 -0.00123251 -0.00352655 -0.00260017 0.00353051 -0.002775 
-0.00210187 -0.00304375 0.000780951 0.00168571 0.00103522 -0.00326339 0.00382789 0.0018 
-0.00241526 -0.00320286 0.00254796 0.00705726 -0.00159813 -0.00210344 -0.00199194 -0.0021 
-0.00216516 0.0040479 -0.000121382 0.00724497 0.00364759 -0.00196238 0.00367265 0.00135 
0.00376219 0.00120673 0.0022993 0.0122692 0.00575424 0.00400133 -0.00177137 -0.0024 
0.000378876 0.000540987 0.0033521 0.0174832 0.00719375 0.0048431 0.00535105 0.002775 
-0.000909077 0.0010968 0.00494549 0.0211636 0.00762701 0.00877806 0.00608991 -0.003375 
0.00281838 0.00690683 0.00622699 0.0314359 0.0103246 0.00459828 0.00552468 0.0006 
0.000741505 0.00605185 0.00716196 0.0448794 0.0133688 0.0138473 0.00559857 0.003075 
0.00347499 0.00763319 0.0125795 0.049058 0.0091248 0.0140153 0.00579039 -0.0036 
-0.00042822 0.00773594 0.0119432 0.0598905 0.0149374 0.0140891 0.00635521 -0.001875 
0.00398138 0.0106832 0.0117981 0.0641845 0.0177561 0.0144079 0.00865895 0.002025 
0.00653599 0.011975 0.0189563 0.0746655 0.0149262 0.0216616 0.0134243 -0.0027 
0.00173599 0.00859995 0.0126563 0.0700905 0.0161262 0.0214366 0.0145493 -0.0027 
0.00600638 0.0063332 0.0140481 0.0692095 0.0192561 0.0206329 0.0121839 -0.00195 
-0.00110322 0.00803594 0.0139682 0.0591405 0.0135124 0.0189641 0.0072552 -0.0012 
-0.000875008 0.00635819 0.0141545 0.054683 0.0143748 0.0118403 0.00886539 0.0018 
-0.000458495 0.00395185 0.00933696 0.0410544 0.0127688 0.00844732 0.00942357 0.00165 
-3.16169e-005 0.00233183 0.00937699 0.0336859 0.00792455 0.00879828 0.00537468 0.000675 
0.00261592 0.0021468 0.00457049 0.0191386 0.00590201 0.00457806 0.000839906 -0.001275 
0.00165388 0.00121599 0.000277104 0.0129832 0.00666875 0.0026681 -0.000648946 0.0015 
-0.000287806 -0.00104327 -0.000925697 0.00671917 -0.000320756 0.00400133 0.000253627 0.002775 
-0.00269016 0.0032229 0.00190362 0.00341997 0.00424759 0.00186262 0.000597649 0.003525 
0.000359743 -0.00110286 -0.00142704 0.000607261 0.00125187 -0.00127844 -0.00221694 -0.0024 
0.00142313 -0.000418747 0.00325595 -0.000864286 -0.00248978 0.00341161 0.000752886 0.002025 
23.5
0 0 0 
0 0 0 
-0.261238 2.60587 1.07518 
0.191076 2.11174 0.799657 
0.478681 -0.526649 0.431974 
0.365612 0.624312 0.249722 
0.247716 0.229695 0.280205 
0.338988 0.499958 0.239479 
0.293244 0.405533 0.179612 
0.31364 0.160352 0.160614 
0.311816 0.582373 0.245471 
0.320297 0.414259 0.205994 
0.296526 0.261597 0.106213 
0.314269 0.389951 0.21013 
0.285629 0.335015 0.135378 
0.329141 0.366011 0.200922 
0.304766 0.310149 0.125059 
0.278385 0.522363 0.20165 
0.23875 0.472224 0.183972 
0.323215 0.604129 0.286831 
0.33048 -0.00778008 0.231877 
0.268706 1.35421 0.601346 
0.348513 1.0042 0.663585 
-0.0663676 5.00757 4.70722 
0.267768 0.112117 0.0937198 
-5.50706 -32.1464 39.4747 
0 0 0 
0 0 0 
0.504377 0.644786 1.08722 
0.445802 -0.274569 0.42814 
0.446649 0.699035 0.335077 
0.433753 0.800155 0.355834 
0.463413 0.112026 0.134331 
0.489685 0.396828 0.205778 
0.482493 0.159878 0.119519 
0.522955 0.314791 0.140851 
0.488206 0.208717 0.109228 
0.460486 0.222074 0.127078 
0.482734 0.465465 0.200557 
0.468677 0.354439 0.173937 
0.493771 0.388032 0.164833 
0.499839 0.369336 0.141158 
0.48571 0.497714 0.210701 
0.499342 0.410601 0.197526 
0.480968 0.0217631 0.139194 
0.523136 0.0961961 0.408838 
0.800226 1.46708 0.73732 
0.2722 0.755069 0.556506 
0 0 0 
-0.170445 -0.0188863 2.02067 
0.318422 0.500706 0.334466 
0.310188 0.358508 0.180674 
0.296206 0.51733 0.261665 
0.466596 0.362591 0.380843 
0.485617 0.301914 0.148 
0.540427 0.464388 0.285653 
