0
003
0
0
0
0
0
0
0
0
-1
0
0
-0.009699 0 0 0 0 
-0.023486 0 0 0 0 
-0.011012 0 0 0 0 
-0.007729 0 0 0 0 
-0.009699 0 0 0 0 
-0.001164 0 0 0 0 
-1.31555 0 0 0 0 
-1.3103 0 0 0 0 
0 0 0 0 0 
0 0 0 0 0 
0 0 0 0 0 
0 0 0 0 0 
0 0 0 0 0 
0 0 0 0 0 
0 0 0 0 0 
0 0 0 0 0 
-0.000659674 -0.000184449 -0.0010935 -0.000609785 -0.00297723 -0.00353342 0.0020071 -0.002175 
0.00130485 -0.000371018 -0.00227149 0.00260254 -0.00235957 -0.00107031 -0.00146378 0.0006 
-0.001145 0.00104552 -0.000173662 0.00204787 -0.000774145 0.00188894 0.00155492 -0.0003 
-0.00365414 0.000778631 0.00173522 0.00782085 0.000686508 0.000791456 0.00350715 0.0024 
0.00158305 -0.000556832 -0.00157833 0.0125925 -0.00274179 -0.000963381 -0.00128616 0.002325 
-0.0017035 0.00132718 0.00141909 0.0253175 0.00149742 0.000770867 0.00129338 -0.00045 
0.00246367 -0.00106281 0.00633166 0.0316102 -5.14082e-006 0.00247989 0.000154918 0.00345 
0.00110754 0.000667849 0.00271043 0.0524241 0.00368762 0.00490492 0.00181594 -0.0021 
0.00157005 0.00019782 0.00965992 0.0660504 0.00787429 0.00478592 0.00182141 -0.001575 
0.00188679 0.00431398 0.0126095 0.081738 0.00181294 0.0023603 0.000267633 0.000825 
-0.00238645 6.55135e-005 0.00953171 0.093119 0.00435603 0.0057196 0.00330805 -0.001125 
0.000729722 0.00179789 0.0127075 0.10809 0.00389711 0.00419929 0.00486588 0 
0.00349283 0.00608986 0.0118798 0.111601 0.0069997 0.00462347 0.00195101 0.001725 
-0.000557168 0.00248986 0.0154798 0.112576 0.0043747 0.00252347 0.00457601 0.0012 
0.00192972 0.00577289 0.0145825 0.107265 0.00997211 0.00712429 0.00329088 -0.00045 
0.00406355 -0.000684487 0.0101317 0.098594 0.00270603 0.0078946 0.00165805 0.000675 
0.00421179 0.00146398 0.0119345 0.084738 0.00871294 0.0015353 0.00529263 0.00315 
7.00478e-005 0.00117282 0.00965992 0.0644754 0.00689929 0.00298592 0.00594641 -0.000825 
-0.00121746 0.00239285 0.00953543 0.0457491 0.00646262 2.99196e-005 0.00466594 0.000225 
-0.000686333 0.000812194 0.00145666 0.0353602 0.00179486 0.00525489 -0.000220082 -0.00195 
0.0033215 0.000352184 0.00561909 0.0270425 -0.000452577 0.00159587 0.000843376 0.0003 
-0.00329195 -0.00295683 0.00487167 0.0143175 0.00378321 0.00263662 -0.000386155 -0.003 
-0.00350414 0.00325363 0.00196022 0.0111208 -0.00208849 0.00356646 0.00155715 -0.000375 
0.000280001 -0.00142948 -0.000398662 0.00309787 -0.00317415 0.00316394 0.000129917 -7.5e-005 
0.00317985 0.00157898 0.000728512 0.00635254 4.04256e-005 0.00200469 0.00333622 0.0027 
0.00242664 7.35865e-005 0.00155804 -0.00100432 -0.00358858 -0.00272144 0.00347999 -0.002775 
-0.00212312 -0.00315667 0.000926295 0.00213018 0.000914401 -0.00349961 0.0037295 0.0018 
-0.0024544 -0.00341092 0.00281575 0.00787617 -0.00182072 -0.00253866 -0.00217322 -0.0021 
-0.00223338 0.00368526 0.000345358 0.00867226 0.00325963 -0.00272092 0.00335669 0.00135 
0.0036497 0.000608843 0.00306883 0.0146224 0.00511459 0.00275071 -0.00229229 -0.0024 
0.000203433 -0.00039149 0.00455227 0.0211533 0.00619614 0.0028926 0.00453861 0.002775 
-0.00116792 -0.00027892 0.00671615 0.0265782 0.00615519 0.00590042 0.00489128 -0.003375 
0.00245715 0.00498685 0.00869814 0.0389926 0.00827046 0.000582199 0.00385186 0.0006 
0.000264602 0.00351711 0.0104244 0.0548558 0.010657 0.00854532 0.00339013 0.003075 
0.00287941 0.00446769 0.0166537 0.061517 0.00573817 0.00739393 0.00303238 -0.0036 
-0.00113182 0.00399634 0.0167564 0.074609 0.0109365 0.00626689 0.003097 -0.001875 
0.0031951 0.00650412 0.0171769 0.0806328 0.0132851 0.00566635 0.00501784 0.002025 
0.0057048 0.00755714 0.0246424 0.0920534 0.0101998 0.0124207 0.00957518 -0.0027 
0.000904795 0.00418214 0.0183424 0.0874784 0.0113998 0.0121957 0.0107002 -0.0027 
0.0052201 0.00215412 0.0194269 0.0856578 0.0147851 0.0118913 0.00854285 -0.00195 
-0.00180682 0.00429634 0.0187814 0.073859 0.00951152 0.0111419 0.00399701 -0.0012 
-0.00147059 0.00319269 0.0182287 0.067142 0.0109882 0.00521893 0.00610738 0.0018 
-0.000935398 0.00141711 0.0125994 0.0510308 0.010057 0.00314532 0.00721513 0.00165 
-0.000392855 0.000411851 0.0118481 0.0412426 0.00587046 0.0047822 0.00370186 0.000675 
0.00235708 0.00077108 0.00634115 0.0245532 0.00443019 0.00170042 -0.000358719 -0.001275 
0.00147843 0.00028351 0.00147727 0.0166533 0.00567114 0.000717601 -0.00146139 0.0015 
-0.000400297 -0.00164116 -0.000156174 0.00907237 -0.000960408 0.00275071 -0.000267294 0.002775 
-0.00275838 0.00286026 0.00237036 0.00484726 0.00385963 0.00110408 0.000281695 0.003525 
0.000320596 -0.00131092 -0.00115925 0.00142617 0.00102928 -0.00171366 -0.00239822 -0.0024 
0.00140188 -0.000531673 0.0034013 -0.000419824 -0.0026106 0.00317539 0.000654497 0.002025 
23.5
0 0 0 
0 0 0 
0.46077 2.06687 0.93236 
0.670415 1.75393 0.704874 
1.78641 -1.50151 0.629762 
0.846118 0.265903 0.121367 
0.753119 -0.147184 0.290387 
0.778749 0.171967 0.0879799 
0.718253 0.0885674 0.0720433 
0.778537 -0.186318 0.136866 
0.818892 0.204162 0.145315 
0.793103 0.0616413 0.112615 
0.761066 -0.084824 0.0537949 
0.7958 0.030832 0.115026 
0.715398 0.0145122 0.04884 
0.792789 0.0202309 0.148036 
0.718794 0.00138762 0.0371004 
0.706891 0.20277 0.114572 
0.676578 0.145693 0.167397 
0.80782 0.242673 0.119874 
0.705666 -0.287529 0.255558 
0.754583 0.991662 0.505307 
0.700937 0.741273 0.593913 
1.85563 3.57072 4.50389 
0.368879 0.0367234 0.0737554 
-4.48521 -33.8366 40.171 
0 0 0 
0 0 0 
0.603712 0.478398 1.03798 
0.531283 -0.417709 0.368046 
0.540386 0.542027 0.236637 
0.544698 0.614318 0.262315 
0.57478 -0.0744824 0.0917913 
0.598507 0.214564 0.0915005 
0.604992 -0.0452796 0.137632 
0.651435 0.0996042 0.107563 
0.613279 -0.000753831 0.0498356 
0.567693 0.0425258 0.14293 
0.602454 0.264944 0.170461 
0.58003 0.167939 0.119867 
0.616621 0.182273 0.182995 
0.613689 0.178652 0.153964 
0.603705 0.300082 0.146944 
0.611325 0.223039 0.21408 
0.617002 -0.206052 0.13962 
0.670967 -0.151387 0.304907 
1.08033 0.997709 0.634587 
0.385778 0.564839 0.500245 
0 0 0 
-0.0827897 -0.165634 2.06397 
0.904515 0.0636229 0.291897 
0.779369 0.00860516 0.108642 
0.737589 0.188127 0.192549 
0.571194 0.187405 0.317986 
0.605215 0.101607 0.130183 
0.687663 0.217759 0.253871 
