0
003
0
0
0
0
0
0
0
0
-1
0
0
0.007371 0 0 0 0 
-0.012325 0 0 0 0 
-0.004118 0 0 0 0 
-0.007072 0 0 0 0 
-0.020203 0 0 0 0 
-0.010683 0 0 0 0 
-2.60631 0 0 0 0 
-2.4924 0 0 0 0 
0 0 0 0 0 
0 0 0 0 0 
0 0 0 0 0 
0 0 0 0 0 
0 0 0 0 0 
0 0 0 0 0 
0 0 0 0 0 
0 0 0 0 0 
-0.000672494 -0.000215943 -0.00124795 -0.000229359 -0.00304923 -0.00358964 0.00195381 -0.002175 
0.00127988 -0.00043236 -0.00257231 0.00334351 -0.00249982 -0.00117982 -0.00156758 0.0006 
-0.00119101 0.000932501 -0.000727924 0.00341309 -0.00103254 0.00168717 0.00136366 -0.0003 
-0.00373433 0.000581646 0.000769194 0.0102003 0.000236155 0.000439792 0.00317381 0.0024 
0.00145084 -0.000881606 -0.00317105 0.0165155 -0.0034843 -0.00154318 -0.00183574 0.002325 
-0.0019097 0.000820659 -0.00106494 0.031436 0.000339392 -0.000133395 0.00043623 -0.00045 
0.00215946 -0.0018101 0.00266687 0.0406371 -0.00171363 0.0011458 -0.00110966 0.00345 
0.000682985 -0.000375088 -0.00240421 0.0650221 0.00130323 0.00304304 5.10734e-005 -0.0021 
0.00100956 -0.00117906 0.00290762 0.0826821 0.00472643 0.00232788 -0.000508559 -0.001575 
0.00118682 0.00259447 0.00417692 0.102509 -0.00211826 -0.000709422 -0.00264214 0.000825 
-0.00321337 -0.00196585 -0.00043023 0.117657 -0.000288127 0.00209315 -0.000129443 -0.001125 
-0.000194372 -0.000472202 0.00157481 0.135511 -0.00129283 0.000146672 0.00102442 0 
0.00251595 0.00369009 0.000111202 0.140589 0.00151327 0.000339328 -0.00210991 0.001725 
-0.00153405 9.00914e-005 0.0037112 0.141564 -0.00111173 -0.00176067 0.000515092 0.0012 
0.00100563 0.0035028 0.00344981 0.134686 0.00478217 0.00307167 -0.000550585 -0.00045 
0.00323663 -0.00271585 0.00016977 0.123132 -0.00193813 0.00426815 -0.00177944 0.000675 
0.00351182 -0.000255528 0.00350192 0.105509 0.00478174 -0.00153442 0.00238286 0.00315 
-0.000490444 -0.000204058 0.00290762 0.0811071 0.00375143 0.00052788 0.00361644 -0.000825 
-0.00164201 0.00134991 0.0044208 0.0583471 0.00407823 -0.00183196 0.00290107 0.000225 
-0.000990539 6.48967e-005 -0.00220813 0.0443871 8.63687e-005 0.0039208 -0.00148466 -0.00195 
0.0031153 -0.000154341 0.00313506 0.033161 -0.00161061 0.000691605 -1.37697e-005 0.0003 
-0.00342416 -0.00328161 0.00327895 0.0182405 0.0030407 0.00205682 -0.00093574 -0.003 
-0.00358433 0.00305665 0.000994194 0.0135003 -0.00253884 0.00321479 0.00122381 -0.000375 
0.000233993 -0.0015425 -0.000952924 0.00446309 -0.00343254 0.00296217 -6.13377e-005 -7.5e-005 
0.00315488 0.00151764 0.000427687 0.00709351 -9.98158e-005 0.00189518 0.00323242 0.0027 
0.00240623 1.62287e-005 0.00136002 -0.000420969 -0.00370336 -0.00282797 0.00339397 -0.002775 
-0.00216286 -0.00326839 0.000540587 0.00326639 0.000690841 -0.00370709 0.00356194 0.0018 
-0.00252764 -0.00361676 0.00210509 0.00996961 -0.00223263 -0.00292093 -0.00248194 -0.0021 
-0.00236103 0.00332651 -0.000893255 0.0123209 0.00254172 -0.00338719 0.00281863 0.00135 
0.00343925 1.73547e-005 0.0010267 0.020638 0.00393096 0.00165221 -0.00317942 -0.0024 
-0.000124791 -0.00131399 0.00136732 0.0305355 0.00435011 0.00117936 0.00315503 0.002775 
-0.00165216 -0.00163992 0.00201727 0.0404201 0.00343167 0.0033728 0.00285002 -0.003375 
0.00178133 0.00308742 0.00214032 0.0583105 0.00446949 -0.00294538 0.00100306 0.0006 
-0.000627604 0.0010095 0.00176677 0.0803591 0.00563902 0.00388824 -0.00037084 0.003075 
0.00176518 0.00133606 0.00584168 0.0933668 -0.000528568 0.00157794 -0.0016645 -0.0036 
-0.00244812 0.000296754 0.0039835 0.112235 0.00353325 -0.000603893 -0.00245171 -0.001875 
0.00172411 0.00236977 0.00290291 0.122681 0.00501178 -0.00201189 -0.00118295 0.002025 
0.00414976 0.00318659 0.00955298 0.136503 0.00145383 0.00430384 0.00302015 -0.0027 
-0.000650238 -0.000188407 0.00325298 0.131928 0.00265383 0.00407884 0.00414515 -0.0027 
0.00374911 -0.00198023 0.00515291 0.127706 0.00651178 0.00421311 0.00234205 -0.00195 
-0.00312312 0.000596754 0.0060085 0.111485 0.00210825 0.00427111 -0.00155171 -0.0012 
-0.00258482 6.10579e-005 0.00741668 0.0989918 0.00472143 -0.000597059 0.0014105 0.0018 
-0.0018276 -0.0010905 0.00394177 0.0765341 0.00503902 -0.00151176 0.00345416 0.00165 
-0.00106867 -0.00148758 0.00529032 0.0605605 0.00206949 0.00125462 0.00085306 0.000675 
0.00187284 -0.000589921 0.00164227 0.0383951 0.00170667 -0.000827204 -0.00239998 -0.001275 
0.00115021 -0.00063899 -0.00170768 0.0260355 0.00382511 -0.000995644 -0.00284497 0.0015 
-0.000610748 -0.00223265 -0.0021983 0.015088 -0.00214404 0.00165221 -0.00115442 0.002775 
-0.00288603 0.00250151 0.00113175 0.00849594 0.00314172 0.000437808 -0.000256375 0.003525 
0.00024736 -0.00151676 -0.00186991 0.00351961 0.000617373 -0.00209593 -0.00270694 -0.0024 
0.00136214 -0.000643391 0.00301559 0.000716386 -0.00283416 0.00296791 0.00048694 0.002025 
23.5
0 0 0 
0 0 0 
0.767856 1.99524 0.813046 
0.874318 1.70639 0.649979 
2.34246 -1.63054 0.604411 
1.05052 0.218352 0.157207 
0.968107 -0.197163 0.252658 
0.965821 0.128454 0.115227 
0.899051 0.0465209 0.0744173 
0.9763 -0.232291 0.12789 
1.03459 0.153988 0.0640596 
0.99423 0.014868 0.0345223 
0.958677 -0.130768 0.0639534 
1.00064 -0.0168019 0.061657 
0.898221 -0.028 0.0221391 
0.990021 -0.0256336 0.113433 
0.894922 -0.0395671 0.0312789 
0.889177 0.16037 0.0622986 
0.862827 0.102376 0.119301 
1.01396 0.194718 0.151786 
0.865274 -0.324625 0.22755 
0.961267 0.943525 0.425027 
0.850864 0.70637 0.535675 
2.67258 3.37957 4.35916 
0.411899 0.0267209 0.0570551 
-1.87812 -34.7481 39.6857 
0 0 0 
0 0 0 
0.857627 0.386079 1.06696 
0.74979 -0.497076 0.405368 
0.779991 0.454907 0.22366 
0.828284 0.511199 0.223962 
0.859444 -0.177919 0.134719 
0.876668 0.113458 0.0764504 
0.91811 -0.15906 0.0987448 
0.979835 -0.0197502 0.0118248 
0.932973 -0.11693 0.0714675 
0.841727 -0.0570603 0.0637971 
0.908469 0.153708 0.0665318 
0.864662 0.0644872 0.0606608 
0.930633 0.068139 0.0763472 
0.904699 0.0728796 0.0671605 
0.905309 0.190445 0.0804394 
0.897568 0.118994 0.11686 
0.964706 -0.332379 0.114938 
1.04882 -0.28868 0.398196 
1.79618 0.737249 0.53366 
0.676089 0.459287 0.533436 
0 0 0 
0.14126 -0.247017 2.03814 
1.1538 0.0056739 0.283113 
0.978954 -0.0378056 0.0696649 
0.92535 0.144452 0.161525 
0.838559 0.0902269 0.318552 
0.910916 -0.00949517 0.0641963 
1.06399 0.0809497 0.198229 
