0
003
0
0
0
0
0
0
0
0
1
0
0
-0.012981 0 0 0 0 
-0.026112 0 0 0 0 
-0.012981 0 0 0 0 
-0.009699 0 0 0 0 
-0.011996 0 0 0 0 
-0.004446 0 0 0 0 
-1.3625 0 0 0 0 
-1.26402 0 0 0 0 
0 0 0 0 0 
0 0 0 0 0 
0 0 0 0 0 
0 0 0 0 0 
0 0 0 0 0 
0 0 0 0 0 
0 0 0 0 0 
0 0 0 0 0 
-0.000664556 -0.000197926 -0.0011425 -0.000469471 -0.00300469 -0.00355832 0.00198656 -0.002175 
0.00129534 -0.000397267 -0.00236693 0.00287584 -0.00241305 -0.00111882 -0.00150379 0.0006 
-0.00116252 0.000997159 -0.000349512 0.00255141 -0.000872668 0.00179956 0.00148121 -0.0003 
-0.00368468 0.000694339 0.00142873 0.00869847 0.000514792 0.000635676 0.00337868 0.0024 
0.0015327 -0.000695807 -0.00208365 0.0140394 -0.0030249 -0.00122022 -0.00149797 0.002325 
-0.00178203 0.00111044 0.00063099 0.0275742 0.00105588 0.000370298 0.000963028 -0.00045 
0.00234782 -0.00138258 0.00516894 0.0349396 -0.000656574 0.00188892 -0.000332458 0.00345 
0.000945858 0.000221566 0.00108772 0.0570707 0.00277848 0.00408015 0.00113575 -0.0021 
0.0013566 -0.00039136 0.00751763 0.0721847 0.00667404 0.00369706 0.000923426 -0.001575 
0.00162022 0.00357819 0.00993412 0.0893989 0.000314009 0.00100048 -0.000853807 0.000825 
-0.00270136 -0.000803729 0.0063711 0.102169 0.00258525 0.00411316 0.00198322 -0.001125 
0.000377806 0.000826492 0.00917543 0.118204 0.00191823 0.00240407 0.00338536 0 
0.00312081 0.00506298 0.00814603 0.122293 0.00490777 0.00272568 0.000385912 0.001725 
-0.000929188 0.00146298 0.011746 0.123268 0.00228277 0.000625682 0.00301091 0.0012 
0.00157781 0.00480149 0.0110504 0.117379 0.00799323 0.00532907 0.00181036 -0.00045 
0.00374864 -0.00155373 0.0069711 0.107644 0.000935253 0.00628816 0.000333223 0.000675 
0.00394522 0.000728187 0.00925912 0.0923989 0.00721401 0.000175476 0.00417119 0.00315 
-0.0001434 0.00058364 0.00751763 0.0706097 0.00569904 0.00189706 0.00504843 -0.000825 
-0.00137914 0.00194657 0.00791272 0.0503957 0.00555348 -0.000794854 0.00398575 0.000225 
-0.000802182 0.000492417 0.000293936 0.0386896 0.00114343 0.00466392 -0.000707458 -0.00195 
0.00324297 0.000135437 0.00483099 0.0292992 -0.000894125 0.0011953 0.000513028 0.0003 
-0.0033423 -0.00309581 0.00436635 0.0157644 0.0035001 0.00237978 -0.000597968 -0.003 
-0.00353468 0.00316934 0.00165373 0.0119985 -0.00226021 0.00341068 0.00142868 -0.000375 
0.00026248 -0.00147784 -0.000574512 0.00360141 -0.00327267 0.00307456 5.62068e-005 -7.5e-005 
0.00317034 0.00155273 0.00063307 0.00662584 -1.30472e-005 0.00195618 0.00329621 0.0027 
0.00242038 5.50557e-005 0.00150345 -0.000828191 -0.00362382 -0.00275632 0.00345344 -0.002775 
-0.00213531 -0.00319277 0.000819955 0.00247323 0.000845764 -0.00356754 0.00367778 0.0018 
-0.00247688 -0.00347742 0.00261982 0.00850824 -0.00194719 -0.00266383 -0.0022685 -0.0021 
-0.00227255 0.00356936 3.87233e-006 0.00977389 0.00303921 -0.00293908 0.00319063 0.00135 
0.00358513 0.000417749 0.00250581 0.0164386 0.00475119 0.00239102 -0.00256609 -0.0024 
0.000102722 -0.000689526 0.00367418 0.0239861 0.00562937 0.00233162 0.0041116 0.002775 
-0.0013165 -0.000718624 0.00542067 0.0307574 0.00531901 0.00507278 0.00426129 -0.003375 
0.00224978 0.00437319 0.00689015 0.0448252 0.00710348 -0.000572859 0.00297264 0.0006 
-9.158e-006 0.00270697 0.00803746 0.0625559 0.0091164 0.00702042 0.00222938 0.003075 
0.00253753 0.00345594 0.0136728 0.0711333 0.00381415 0.00548957 0.00158278 -0.0036 
-0.0015357 0.0028011 0.0132349 0.0859693 0.00866357 0.00401715 0.00138451 -0.001875 
0.00274375 0.00516842 0.0132415 0.0933281 0.010745 0.00315221 0.00310409 0.002025 
0.00522766 0.00614513 0.0204822 0.105474 0.00751459 0.00976295 0.0075521 -0.0027 
0.000427657 0.00277013 0.0141822 0.100899 0.00871459 0.00953795 0.0086771 -0.0027 
0.00476875 0.000818419 0.0154915 0.0983531 0.012245 0.00937721 0.00662909 -0.00195 
-0.0022107 0.0031011 0.0152599 0.0852193 0.00723857 0.00889215 0.00228451 -0.0012 
-0.00181247 0.00218094 0.0152478 0.0767583 0.00906415 0.00331457 0.00465778 0.0018 
-0.00120916 0.000606968 0.0102125 0.0587309 0.0085164 0.00162042 0.00605438 0.00165 
-0.000600218 -0.000201806 0.0100402 0.0470752 0.00470348 0.00362714 0.00282264 0.000675 
0.0022085 0.000331376 0.00504567 0.0287324 0.00359401 0.000872781 -0.000988712 -0.001275 
0.00137772 -1.4526e-005 0.00059918 0.0194861 0.00510437 0.000156622 -0.0018884 0.0015 
-0.000464871 -0.00183225 -0.000719188 0.0108886 -0.00132381 0.00239102 -0.000541087 0.002775 
-0.00279755 0.00274436 0.00202887 0.00594889 0.00363921 0.000885919 0.00011563 0.003525 
0.000298125 -0.00137742 -0.00135518 0.00205823 0.000902814 -0.00183883 -0.0024935 -0.0024 
0.00138969 -0.000567766 0.00329496 -7.6774e-005 -0.00267924 0.00310746 0.000602784 0.002025 
23.5
0 0 0 
0 0 0 
0.574042 2.0278 0.893051 
0.745625 1.72799 0.688835 
1.99153 -1.57202 0.637815 
0.921511 0.239943 0.130672 
0.832417 -0.174475 0.280587 
0.84775 0.148211 0.0852528 
0.78494 0.065611 0.0583412 
0.851482 -0.211422 0.139742 
0.898453 0.176769 0.117725 
0.867289 0.0361037 0.08689 
0.833955 -0.109911 0.0566717 
0.871354 0.0048241 0.100664 
0.782832 -0.00869935 0.0254589 
0.865538 -0.004811 0.139049 
0.783758 -0.0209736 0.0239524 
0.774127 0.179622 0.091258 
0.745276 0.122043 0.15477 
0.883856 0.216492 0.116867 
0.764537 -0.307786 0.248284 
0.830818 0.965392 0.47886 
0.756237 0.722223 0.574727 
2.157 3.46652 4.46614 
0.384746 0.0312623 0.0682543 
-3.6975 -34.1575 40.0546 
0 0 0 
0 0 0 
0.68038 0.446074 1.04467 
0.597259 -0.445501 0.376765 
0.612733 0.511524 0.229531 
0.630326 0.578213 0.235077 
0.660733 -0.110702 0.0867056 
0.682497 0.179162 0.0832551 
0.699538 -0.0851214 0.12634 
0.750595 0.0578112 0.0760257 
0.709811 -0.0414342 0.0370623 
0.650437 0.00765511 0.116614 
0.694855 0.225994 0.141072 
0.665974 0.131715 0.0925336 
0.711437 0.142308 0.152837 
0.701559 0.141616 0.126016 
0.694774 0.261693 0.117979 
0.697756 0.186608 0.186588 
0.721992 -0.250288 0.130422 
0.785062 -0.199463 0.319989 
1.29651 0.906508 0.583929 
0.473437 0.527882 0.507902 
0 0 0 
-0.0151395 -0.194131 2.058 
0.996464 0.0319777 0.288749 
0.852986 -0.0167351 0.0951717 
0.806844 0.164283 0.179006 
0.651924 0.153378 0.311763 
0.697521 0.0627041 0.106069 
0.801298 0.169854 0.231109 
