0
003
0
0
0
0
0
0
0
0
-1
0
0
-0.003461 0 0 0 0 
-0.019218 0 0 0 0 
-0.008057 0 0 0 0 
-0.005431 0 0 0 0 
-0.008385 0 0 0 0 
-0.002148 0 0 0 0 
-1.26992 0 0 0 0 
-1.18884 0 0 0 0 
0 0 0 0 0 
0 0 0 0 0 
0 0 0 0 0 
0 0 0 0 0 
0 0 0 0 0 
0 0 0 0 0 
0 0 0 0 0 
0 0 0 0 0 
-0.000606728 -1.43788e-005 -0.000720366 -0.00205796 -0.00267895 -0.00320698 0.00223383 -0.002175 
0.00140798 -3.9766e-005 -0.00154472 -0.000218121 -0.00177859 -0.000434499 -0.00102218 0.0006 
-0.000954996 0.00165585 0.00116539 -0.00314914 0.000296301 0.00306042 0.00236856 -0.0003 
-0.00332298 0.00184237 0.00406907 -0.00123706 0.0025522 0.00283323 0.00492526 0.0024 
0.00212904 0.00119698 0.00226953 -0.00234149 0.000334209 0.00240294 0.0010519 0.002325 
-0.000851967 0.00406247 0.00742031 0.00202611 0.00629483 0.00602106 0.00493987 -0.00045 
0.00371997 0.00297267 0.0151855 -0.00275251 0.00707267 0.0102257 0.00553473 0.00345 
0.00286085 0.00629982 0.015067 0.00446711 0.0135655 0.0157151 0.00932408 -0.0021 
0.00388476 0.0076331 0.0259729 0.00273786 0.020915 0.0190574 0.0117336 -0.001575 
0.00477752 0.0135995 0.032982 0.0026702 0.0180988 0.0201832 0.0126465 0.000825 
0.00102854 0.0110351 0.0335989 -0.000288537 0.0235955 0.0267749 0.0179319 -0.001125 
0.00454604 0.0140566 0.0396031 0.00370511 0.0253976 0.027729 0.0212083 0 
0.00752717 0.0190489 0.0403119 0.00125322 0.0297284 0.0294974 0.0192271 0.001725 
0.00347717 0.0154489 0.0439119 0.00222822 0.0271035 0.0273974 0.0218521 0.0012 
0.00574604 0.0180316 0.0414781 0.00288011 0.0314726 0.030654 0.0196333 -0.00045 
0.00747854 0.0102851 0.034199 0.00518646 0.0219455 0.0289499 0.0162819 0.000675 
0.00710252 0.0107495 0.032307 0.0056702 0.0249988 0.0193582 0.0176715 0.00315 
0.00238476 0.0086081 0.0259729 0.00116286 0.01994 0.0172574 0.0158586 -0.000825 
0.000535854 0.00802481 0.021892 -0.00220789 0.0163405 0.0108401 0.0121741 0.000225 
0.000569973 0.00484767 0.0103105 0.000997492 0.00887267 0.0130007 0.00515973 -0.00195 
0.00417303 0.00308747 0.0116203 0.00375111 0.00434483 0.00684606 0.00448987 0.0003 
-0.00274596 -0.00120302 0.00871953 -0.000616492 0.00685921 0.00600294 0.0019519 -0.003 
-0.00317298 0.00431737 0.00429407 0.00206294 -0.000222802 0.00560823 0.00297526 -0.000375 
0.000470004 -0.000819153 0.000940391 -0.00209914 -0.0021037 0.00433542 0.00094356 -7.5e-005 
0.00328298 0.00191023 0.00145528 0.00353188 0.000621407 0.0026405 0.00377782 0.0027 
0.00247019 0.000221153 0.00181442 -0.00217221 -0.00334301 -0.00243487 0.00366778 -0.002775 
-0.00203828 -0.00286925 0.00142564 -0.000144574 0.00139271 -0.00294143 0.00409525 0.0018 
-0.0022981 -0.00288136 0.00373579 0.003685 -0.00093945 -0.00151024 -0.00149933 -0.0021 
-0.00196097 0.00460825 0.0019489 0.00136743 0.0047956 -0.000928477 0.00453123 0.00135 
0.00409884 0.00213059 0.00571263 0.00257873 0.00764699 0.00570594 -0.000355815 -0.0024 
0.000903917 0.00198186 0.00867561 0.00236981 0.0101457 0.00750166 0.00755879 0.002775 
-0.000134463 0.00322258 0.0127995 -0.00113389 0.0119822 0.0127003 0.00934707 -0.003375 
0.00389944 0.00987359 0.0171881 0.000317259 0.0164027 0.0100723 0.0100704 0.0006 
0.00216871 0.00996855 0.0216327 0.0037968 0.0213931 0.021074 0.0115998 0.003075 
0.00525736 0.0125246 0.0306513 -0.00224789 0.0191459 0.0230404 0.013285 -0.0036 
0.0016774 0.0135144 0.0332926 -0.000720304 0.0267759 0.024751 0.0152091 -0.001875 
0.00633446 0.0171407 0.0356564 -0.00354919 0.0309859 0.0263227 0.0185533 0.002025 
0.00902349 0.0188014 0.0441776 0.00306229 0.0289118 0.0342571 0.0238839 -0.0027 
0.00422349 0.0154264 0.0378776 -0.00151271 0.0301118 0.0340321 0.0250089 -0.0027 
0.00835946 0.0127907 0.0379064 0.00147581 0.0324859 0.0325477 0.0220783 -0.00195 
0.0010024 0.0138144 0.0353176 -0.0014703 0.0253509 0.029626 0.0161091 -0.0012 
0.000907361 0.0112496 0.0322263 0.00337711 0.0243959 0.0208654 0.01636 0.0018 
0.000968715 0.00786855 0.0238077 -2.82005e-005 0.0207931 0.015674 0.0154248 0.00165 
0.00104944 0.00529859 0.0203381 0.00256726 0.0140027 0.0142723 0.00992042 0.000675 
0.00339054 0.00427258 0.0124245 -0.00315889 0.0102572 0.00850035 0.00409707 -0.001275 
0.00217892 0.00265686 0.00560061 -0.00213019 0.00962073 0.00532666 0.00155879 0.0015 
4.88395e-005 -0.000119411 0.00248763 -0.00297127 0.00157199 0.00570594 0.00166919 0.002775 
-0.00248597 0.00378325 0.0039739 -0.00245757 0.0053956 0.00289652 0.00145623 0.003525 
0.000476895 -0.000781357 -0.000239211 -0.002765 0.00191055 -0.000685236 -0.00172433 -0.0024 
0.00148672 -0.000244252 0.00390064 -0.00269457 -0.00213229 0.00373357 0.00102025 0.002025 
23.5
0 0 0 
0 0 0 
-0.708885 2.68116 1.25996 
-0.106076 2.16167 0.922302 
-0.332452 -0.391135 0.598942 
0.0677341 0.674202 0.296727 
-0.0656003 0.282123 0.409465 
0.0663767 0.545603 0.258248 
0.0297805 0.449637 0.264656 
0.0254408 0.20857 0.279502 
-0.00253823 0.635016 0.375158 
0.0271943 0.463326 0.326911 
0.00854888 0.309789 0.223282 
0.0157561 0.439921 0.333278 
0.0192141 0.379605 0.243604 
0.0417165 0.414122 0.319495 
0.0481106 0.353104 0.224727 
0.0127528 0.566841 0.308781 
-0.0326614 0.517664 0.295934 
0.0227952 0.654441 0.324064 
0.0979078 0.0311175 0.29627 
-0.0325015 1.40474 0.725647 
0.130055 1.04082 0.753745 
-1.25894 5.2092 5.2011 
0.205102 0.122601 0.119569 
-9.72131 -30.7754 40.3271 
0 0 0 
0 0 0 
0.0952116 0.783308 1.03577 
0.093711 -0.155495 0.362105 
0.060551 0.829753 0.348639 
-0.0232435 0.954893 0.405397 
0.0046777 0.267235 0.105495 
0.0414345 0.548539 0.226731 
-0.0221126 0.330617 0.295592 
-0.00629086 0.493901 0.273231 
-0.0270014 0.383053 0.198345 
0.0188893 0.371502 0.281166 
-0.0104205 0.632386 0.324845 
0.00999573 0.509672 0.263446 
-0.0122781 0.559304 0.341419 
0.0308745 0.528054 0.300771 
-0.000333698 0.662235 0.299096 
0.0380624 0.566724 0.358496 
-0.0794025 0.211341 0.178507 
-0.085852 0.302242 0.294613 
-0.354022 1.85825 0.996238 
-0.195636 0.913459 0.497583 
0 0 0 
-0.531468 0.103215 2.06649 
-0.0449708 0.561524 0.432835 
0.0193332 0.407193 0.300176 
0.0225886 0.563147 0.356417 
0.0357471 0.508407 0.397103 
-0.0070312 0.468633 0.282577 
-0.0661359 0.669735 0.395591 
