0
003
0
0
0
0
0
0
0
0
-1
0
0
-0.005103 0 0 0 0 
-0.02086 0 0 0 0 
-0.009042 0 0 0 0 
-0.006744 0 0 0 0 
-0.00937 0 0 0 0 
-0.001492 0 0 0 0 
-1.23381 0 0 0 0 
-1.20558 0 0 0 0 
0 0 0 0 0 
0 0 0 0 0 
0 0 0 0 0 
0 0 0 0 0 
0 0 0 0 0 
0 0 0 0 0 
0 0 0 0 0 
0 0 0 0 0 
-0.000605912 -4.58391e-006 -0.000761882 -0.00205846 -0.00267416 -0.00318506 0.00223851 -0.002175 
0.00140956 -2.06881e-005 -0.00162558 -0.000219084 -0.00176926 -0.000391812 -0.00101305 0.0006 
-0.000952067 0.001691 0.0010164 -0.00315091 0.000313494 0.00313907 0.00238538 -0.0003 
-0.00331788 0.00190364 0.0038094 -0.00124016 0.00258216 0.00297031 0.00495457 0.0024 
0.00213745 0.00129799 0.00184141 -0.00234659 0.000383614 0.00262894 0.00110023 0.002325 
-0.000838843 0.00422001 0.0067526 0.00201816 0.00637188 0.00637354 0.00501524 -0.00045 
0.00373934 0.00320509 0.0142004 -0.00276424 0.00718635 0.0107457 0.00564593 0.00345 
0.00288788 0.00662418 0.0136921 0.00445074 0.0137242 0.0164408 0.00947927 -0.0021 
0.00392044 0.00806132 0.0241579 0.00271624 0.0211244 0.0200156 0.0119385 -0.001575 
0.00482207 0.0141343 0.0307153 0.00264321 0.0183604 0.0213798 0.0129023 0.000825 
0.00108118 0.0116669 0.0309212 -0.000320429 0.0239045 0.0281885 0.0182342 -0.001125 
0.00460486 0.0147626 0.0366106 0.00366947 0.0257429 0.0293087 0.0215461 0 
0.00758935 0.0197952 0.0371485 0.00121554 0.0300935 0.0311673 0.0195841 0.001725 
0.00353935 0.0161952 0.0407485 0.00219054 0.0274685 0.0290673 0.0222091 0.0012 
0.00580486 0.0187376 0.0384856 0.00284447 0.0318179 0.0322337 0.0199711 -0.00045 
0.00753118 0.0109169 0.0315212 0.00515457 0.0222545 0.0303635 0.0165842 0.000675 
0.00714707 0.0112843 0.0300403 0.00564321 0.0252604 0.0205548 0.0179273 0.00315 
0.00242044 0.00903632 0.0241579 0.00114124 0.0201494 0.0182156 0.0160635 -0.000825 
0.000562877 0.00834918 0.0205171 -0.00222426 0.0164992 0.0115658 0.0123293 0.000225 
0.000589335 0.00508009 0.0093254 0.000985759 0.00898635 0.0135207 0.00527093 -0.00195 
0.00418616 0.00324501 0.0109526 0.00374316 0.00442188 0.00719854 0.00456524 0.0003 
-0.00273755 -0.00110201 0.00829141 -0.000621591 0.00690861 0.00622894 0.00200023 -0.003 
-0.00316788 0.00437864 0.0040344 0.00205984 -0.000192836 0.00574531 0.00300457 -0.000375 
0.000472933 -0.000784002 0.000791404 -0.00210091 -0.00208651 0.00441407 0.000960377 -7.5e-005 
0.00328456 0.00192931 0.00137442 0.00353092 0.000630739 0.00268319 0.00378695 0.0027 
0.00246359 0.000207494 0.00171808 -0.00196857 -0.00338001 -0.0024578 0.00364075 -0.002775 
-0.00205115 -0.00289586 0.001238 0.000252068 0.00132063 -0.0029861 0.00404261 0.0018 
-0.0023218 -0.00293038 0.00339006 0.0044158 -0.00107225 -0.00159254 -0.00159631 -0.0021 
-0.00200227 0.00452281 0.00134633 0.00264115 0.00456415 -0.00107193 0.00436219 0.00135 
0.00403074 0.00198973 0.00471915 0.00467874 0.00726539 0.00546944 -0.000634518 -0.0024 
0.000797709 0.00176217 0.00712615 0.00564504 0.00955057 0.0071328 0.00712412 0.002775 
-0.000291156 0.00289847 0.0105135 0.00369819 0.0111041 0.0121561 0.00870578 -0.003375 
0.00368076 0.00942126 0.0139978 0.00706097 0.0151773 0.00931278 0.00917543 0.0006 
0.00188001 0.00937138 0.0174209 0.0126998 0.0197753 0.0200714 0.0104183 0.003075 
0.00489681 0.0117788 0.0253913 0.00887061 0.0171255 0.0217882 0.0118095 -0.0036 
0.00125146 0.0126334 0.0270786 0.0124147 0.0243891 0.0232717 0.0134659 -0.001875 
0.00585846 0.0161562 0.0287122 0.0111294 0.0283186 0.0246696 0.0166053 0.002025 
0.00852031 0.0177606 0.0368367 0.0185794 0.0260921 0.0325096 0.0218246 -0.0027 
0.00372031 0.0143856 0.0305367 0.0140044 0.0272921 0.0322846 0.0229496 -0.0027 
0.00788346 0.0118062 0.0309622 0.0161544 0.0298186 0.0308946 0.0201303 -0.00195 
0.000576463 0.0129334 0.0291036 0.0116647 0.0229641 0.0281467 0.0143659 -0.0012 
0.000546814 0.0105038 0.0269663 0.0144956 0.0223755 0.0196132 0.0148845 0.0018 
0.000680011 0.00727138 0.0195959 0.0088748 0.0191753 0.0146714 0.0142433 0.00165 
0.000830762 0.00484626 0.0171478 0.00931097 0.0127773 0.0135128 0.00902543 0.000675 
0.00323384 0.00394847 0.0101385 0.00167319 0.00937912 0.00795615 0.00345578 -0.001275 
0.00207271 0.00243717 0.00405115 0.00114504 0.00902557 0.0049578 0.00112412 0.0015 
-1.92591e-005 -0.000260269 0.00149415 -0.000871256 0.00119039 0.00546944 0.00139048 0.002775 
-0.00252727 0.00369781 0.00337133 -0.00118385 0.00516415 0.00275307 0.00128719 0.003525 
0.000453197 -0.000830376 -0.000584941 -0.0020342 0.00177775 -0.00076754 -0.00182131 -0.0024 
0.00147385 -0.000270857 0.003713 -0.00229793 -0.00220437 0.0036889 0.00096761 0.002025 
23.5
0 0 0 
0 0 0 
-0.709289 2.74754 1.23548 
-0.106341 2.20574 0.906046 
-0.333179 -0.270842 0.543227 
0.0674685 0.71838 0.280428 
-0.0658802 0.328587 0.392322 
0.0661336 0.586033 0.244283 
0.0295454 0.488709 0.250241 
0.0251836 0.25131 0.263732 
-0.0028188 0.681636 0.357959 
0.0269328 0.506794 0.310873 
0.00829189 0.352496 0.207525 
0.0154897 0.484191 0.316945 
0.0189764 0.419115 0.229027 
0.0414601 0.456748 0.303768 
0.0478817 0.391166 0.210684 
0.0125157 0.606235 0.294247 
-0.0329037 0.557914 0.281084 
0.0225272 0.698995 0.307626 
0.0977005 0.0656075 0.283545 
-0.0327704 1.44941 0.709168 
0.12986 1.07322 0.741793 
-1.26002 5.3861 5.13592 
0.205046 0.131894 0.11614 
-8.80702 -30.8568 39.9984 
0 0 0 
0 0 0 
0.183893 0.774362 1.05672 
0.170021 -0.163166 0.388507 
0.144232 0.82131 0.360807 
0.0758058 0.944896 0.386291 
0.104104 0.257224 0.1 
0.138588 0.538747 0.235633 
0.087257 0.319603 0.247764 
0.10842 0.482342 0.223067 
0.0846665 0.371805 0.149516 
0.114601 0.361862 0.23931 
0.0964669 0.62161 0.278101 
0.10941 0.499653 0.219972 
0.0974044 0.548249 0.293452 
0.132518 0.51781 0.256321 
0.105012 0.651613 0.253027 
0.13804 0.556647 0.314771 
0.0420557 0.199115 0.125399 
0.0461457 0.288951 0.340283 
-0.103799 1.83291 0.886764 
-0.0942375 0.903227 0.521557 
0 0 0 
-0.453223 0.095343 2.04792 
-0.0452956 0.615417 0.411469 
0.0190737 0.450327 0.284261 
0.0223444 0.603725 0.341446 
0.129129 0.498997 0.396531 
0.0997465 0.457875 0.235883 
0.0653396 0.656471 0.352859 
