0
003
0
0
0
0
0
0
0
0
-1
0
0
-0.004118 0 0 0 0 
-0.020203 0 0 0 0 
-0.009042 0 0 0 0 
-0.005759 0 0 0 0 
-0.008057 0 0 0 0 
0.001134 0 0 0 0 
-1.26992 0 0 0 0 
-1.24301 0 0 0 0 
0 0 0 0 0 
0 0 0 0 0 
0 0 0 0 0 
0 0 0 0 0 
0 0 0 0 0 
0 0 0 0 0 
0 0 0 0 0 
0 0 0 0 0 
-0.000651426 -0.000137742 -0.00116897 -0.000773436 -0.00293028 -0.00343495 0.00204576 -0.002175 
0.00132092 -0.000280045 -0.00241849 0.00228379 -0.00226812 -0.000878529 -0.00138848 0.0006 
-0.0011154 0.00121314 -0.000444505 0.00146058 -0.000605637 0.0022423 0.00169366 -0.0003 
-0.00360255 0.00107077 0.00126317 0.00679726 0.000980203 0.00140733 0.00374897 0.0024 
0.0016681 -7.51767e-005 -0.00235662 0.0109049 -0.00225757 5.2026e-005 -0.000887463 0.002325 
-0.00157086 0.00207839 0.00020526 0.0226855 0.00225262 0.00235452 0.00191519 -0.00045 
0.00265937 4.54718e-005 0.00454084 0.0277271 0.00110904 0.00481632 0.0010723 0.00345 
0.00138066 0.00221458 0.000211137 0.0470048 0.00524259 0.00816567 0.00309625 -0.0021 
0.00193062 0.0022398 0.00636038 0.0588958 0.00992714 0.00909073 0.00351166 -0.001575 
0.00233709 0.00686411 0.00848889 0.072803 0.00437664 0.00773636 0.00237851 0.000825 
-0.00185449 0.00307813 0.00466376 0.0825635 0.00738469 0.0120707 0.00580175 -0.001125 
0.0013242 0.00516454 0.00726745 0.0962939 0.00728169 0.0112967 0.00765264 0 
0.00412127 0.00964885 0.00612904 0.0991314 0.0105776 0.0121264 0.00489697 0.001725 
7.12744e-005 0.00604885 0.00972904 0.100106 0.00795263 0.0100264 0.00752197 0.0012 
0.0025242 0.00913954 0.00914245 0.0954689 0.0133567 0.0142217 0.00607764 -0.00045 
0.00459551 0.00232813 0.00526376 0.0880385 0.00573469 0.0142457 0.00415175 0.000675 
0.00466209 0.00401411 0.00781389 0.075803 0.0112766 0.00691136 0.00740351 0.00315 
0.000430619 0.0032148 0.00636038 0.0573208 0.00895214 0.00729073 0.00763666 -0.000825 
-0.000944342 0.00393958 0.00703614 0.0403298 0.00801759 0.00329067 0.00594625 0.000225 
-0.000490634 0.00192047 -0.00033416 0.0314771 0.00290904 0.00759132 0.000697299 -0.00195 
0.00345414 0.00110339 0.00440526 0.0244105 0.000302624 0.00317952 0.00146519 0.0003 
-0.0032069 -0.00247518 0.00409338 0.0126299 0.00426743 0.00365203 1.25373e-005 -0.003 
-0.00345255 0.00354577 0.00148817 0.0100973 -0.0017948 0.00418233 0.00179897 -0.000375 
0.000309598 -0.00126186 -0.000669505 0.00251058 -0.00300564 0.0035173 0.000268662 -7.5e-005 
0.00319592 0.00166995 0.000581513 0.00603379 0.000131883 0.00219647 0.00341152 0.0027 
0.00241287 5.15066e-005 0.00131461 -0.000559834 -0.00366562 -0.00275417 0.00342471 -0.002775 
-0.00214993 -0.00319968 0.000452146 0.00299591 0.000764359 -0.00356334 0.00362181 0.0018 
-0.00250381 -0.00349016 0.00194214 0.00947128 -0.00209717 -0.00265609 -0.00237162 -0.0021 
-0.00231949 0.00354716 -0.00117726 0.0114524 0.0027778 -0.00292559 0.0030109 0.00135 
0.00350773 0.000381149 0.000558449 0.019206 0.0043202 0.00241326 -0.00286242 -0.0024 
-1.79884e-005 -0.000746607 0.000637027 0.0283021 0.00495718 0.00236631 0.00364943 0.002775 
-0.00149459 -0.000802838 0.000939831 0.0371251 0.0043273 0.00512396 0.00357943 -0.003375 
0.00200124 0.00425566 0.00063664 0.053712 0.00571943 -0.000501429 0.00202103 0.0006 
-0.000337284 0.00255181 -0.000218382 0.0742881 0.00728919 0.00711473 0.000973079 0.003075 
0.00212775 0.00326217 0.00336253 0.0857851 0.00153224 0.00560733 1.38471e-005 -0.0036 
-0.0020198 0.00257218 0.00105473 0.103278 0.00596781 0.00415627 -0.000468968 -0.001875 
0.00220276 0.0049126 -0.000370044 0.112671 0.00773245 0.00330769 0.0010328 0.002025 
0.00465576 0.00587469 0.00609305 0.125922 0.00432993 0.00992731 0.00536248 -0.0027 
-0.000144237 0.00249969 -0.000206947 0.121347 0.00552993 0.00970231 0.00648748 -0.0027 
0.00422776 0.000562601 0.00187996 0.117696 0.00923245 0.00953269 0.0045578 -0.00195 
-0.0026948 0.00287218 0.00307973 0.102528 0.00454282 0.00903127 0.000431032 -0.0012 
-0.00222225 0.00198717 0.00493753 0.0914101 0.00678224 0.00343233 0.00308885 0.0018 
-0.00153728 0.000451806 0.00195662 0.0704631 0.00668919 0.00171473 0.00479808 0.00165 
-0.000848762 -0.000319335 0.00378664 0.055962 0.00331943 0.00369857 0.00187103 0.000675 
0.00203041 0.000247162 0.000564831 0.0351001 0.0026023 0.000923963 -0.00167057 -0.001275 
0.00125701 -7.16068e-005 -0.00243797 0.0238021 0.00443218 0.000191314 -0.00235057 0.0015 
-0.000542268 -0.00186885 -0.00266655 0.013656 -0.0017548 0.00241326 -0.00083742 0.002775 
-0.00284449 0.00272216 0.000847737 0.00762738 0.0033778 0.00089941 -6.41048e-005 0.003525 
0.000271191 -0.00139016 -0.00203286 0.00302128 0.000752827 -0.00183109 -0.00259662 -0.0024 
0.00137507 -0.000574679 0.00292715 0.000445914 -0.00276064 0.00311166 0.000546814 0.002025 
23.5
0 0 0 
0 0 0 
0.328654 2.32315 0.899917 
0.582698 1.92408 0.683321 
1.54719 -1.03761 0.394686 
0.758189 0.436414 0.194165 
0.660634 0.0321345 0.233253 
0.698274 0.328013 0.188636 
0.640477 0.239372 0.130483 
0.693464 -0.0213696 0.0478729 
0.726101 0.384095 0.170346 
0.706583 0.229408 0.0915378 
0.676058 0.0800013 0.0525249 
0.707683 0.201692 0.0933476 
0.636752 0.167003 0.0857052 
0.707944 0.184746 0.103188 
0.643027 0.148294 0.0772063 
0.628475 0.35482 0.152114 
0.596456 0.301046 0.12602 
0.71914 0.414634 0.230795 
0.637007 -0.154414 0.213142 
0.66567 1.16411 0.501797 
0.636443 0.866347 0.578062 
1.50412 4.25331 4.28737 
0.350373 0.0725984 0.0692032 
-2.49841 -33.721 39.2622 
0 0 0 
0 0 0 
0.797193 0.487316 1.09692 
0.697782 -0.409982 0.441936 
0.722961 0.550438 0.283556 
0.760788 0.624268 0.294853 
0.791692 -0.0644416 0.145328 
0.810464 0.224353 0.145982 
0.843586 -0.0342376 0.0618477 
0.901675 0.111173 0.0702634 
0.856884 0.0105164 0.0827242 
0.776505 0.0521829 0.040221 
0.835636 0.275709 0.134774 
0.796917 0.17796 0.112754 
0.855897 0.193327 0.0897234 
0.835437 0.188897 0.0786081 
0.833525 0.310689 0.145865 
0.82944 0.233112 0.106788 
0.881952 -0.193774 0.161195 
0.958894 -0.13805 0.432699 
1.62584 1.02276 0.653502 
0.606991 0.575028 0.567664 
0 0 0 
0.0879293 -0.157728 2.0118 
0.797276 0.271577 0.267488 
0.693512 0.175082 0.0920746 
0.656817 0.344747 0.200609 
0.774924 0.196816 0.352917 
0.838157 0.112376 0.0846154 
0.974426 0.230994 0.23834 
