0
003
0
0
0
0
0
0
0
0
1
0
0
-0.008385 0 0 0 0 
-0.022501 0 0 0 0 
-0.010027 0 0 0 0 
-0.006416 0 0 0 0 
-0.008057 0 0 0 0 
0.00015 0 0 0 0 
-1.22626 0 0 0 0 
-1.26172 0 0 0 0 
0 0 0 0 0 
0 0 0 0 0 
0 0 0 0 0 
0 0 0 0 0 
0 0 0 0 0 
0 0 0 0 0 
0 0 0 0 0 
0 0 0 0 0 
-0.000653961 -0.00016801 -0.00104061 -0.000771898 -0.00294509 -0.0035027 0.00203125 -0.002175 
0.00131598 -0.000338999 -0.00216847 0.00228679 -0.00229698 -0.00101048 -0.00141676 0.0006 
-0.0011245 0.00110452 1.61552e-005 0.0014661 -0.000658813 0.00199919 0.00164156 -0.0003 
-0.00361841 0.000881454 0.00206606 0.00680688 0.000887522 0.000983613 0.00365817 0.0024 
0.00164196 -0.000387306 -0.00103288 0.0109207 -0.00241038 -0.000646567 -0.00103717 0.002325 
-0.00161163 0.00159158 0.0022698 0.0227102 0.00201431 0.00126498 0.00168169 -0.00045 
0.00259922 -0.000672731 0.00758673 0.0277635 0.000757437 0.00320887 0.000727818 0.00345 
0.00129671 0.00121224 0.00446202 0.0470557 0.00475189 0.00592229 0.00261549 -0.0021 
0.0018198 0.000916525 0.0119724 0.058963 0.00927932 0.00612905 0.00287696 -0.001575 
0.00219869 0.00521154 0.0154974 0.0728869 0.00356761 0.00403766 0.00158586 0.000825 
-0.00201799 0.00112585 0.0129434 0.0826627 0.00642893 0.00770117 0.00486535 -0.001125 
0.00114149 0.00298283 0.0165201 0.0964047 0.00621362 0.00641374 0.00660619 0 
0.00392812 0.0073425 0.0159102 0.0992485 0.00944854 0.00696442 0.00379074 0.001725 
-0.000121879 0.0037425 0.0195102 0.100224 0.00682354 0.00486442 0.00641574 0.0012 
0.00234149 0.00695783 0.0183951 0.0955797 0.0122886 0.00933874 0.00503119 -0.00045 
0.00443201 0.000375849 0.0135434 0.0881377 0.00477893 0.00987617 0.00321535 0.000675 
0.00452369 0.00236154 0.0148224 0.0758869 0.0104676 0.00321266 0.00661086 0.00315 
0.000319796 0.00189153 0.0119724 0.057388 0.00830432 0.00432905 0.00700196 -0.000825 
-0.00102829 0.00293724 0.011287 0.0403807 0.00752689 0.00104729 0.00546549 0.000225 
-0.000550783 0.00120227 0.00271173 0.0315135 0.00255744 0.00598387 0.000352818 -0.00195 
0.00341337 0.000616581 0.0064698 0.0244352 6.43056e-005 0.00208998 0.00123169 0.0003 
-0.00323304 -0.00278731 0.00541712 0.0126457 0.00411462 0.00295343 -0.000137174 -0.003 
-0.00346841 0.00335645 0.00229106 0.0101069 -0.00188748 0.00375861 0.00170817 -0.000375 
0.000300501 -0.00137048 -0.000208845 0.0025161 -0.00305881 0.00327419 0.000216563 -7.5e-005 
0.00319098 0.001611 0.000831535 0.00603679 0.000103022 0.00206452 0.00338324 0.0027 
0.00243328 9.37697e-005 0.00161251 -0.00118957 -0.00355118 -0.00268321 0.00350825 -0.002775 
-0.00211018 -0.00311736 0.00103237 0.00176935 0.000987245 -0.00342513 0.00378453 0.0018 
-0.00243056 -0.00333849 0.00301119 0.00721135 -0.00168651 -0.00240143 -0.00207182 -0.0021 
-0.00219183 0.0038115 0.000686002 0.00751354 0.00349355 -0.00248175 0.00353342 0.00135 
0.00371821 0.000816978 0.00363045 0.012712 0.00550026 0.00314503 -0.00200092 -0.0024 
0.000310284 -6.68787e-005 0.0054282 0.0181738 0.00679764 0.0035076 0.00499305 0.002775 
-0.00101027 0.000199993 0.00800844 0.0221824 0.00704261 0.00680774 0.00556173 -0.003375 
0.00267715 0.00565523 0.0105017 0.0328578 0.00950896 0.00184848 0.00478754 0.0006 
0.000555052 0.0043995 0.0128054 0.0467566 0.0122921 0.0102171 0.00462541 0.003075 
0.00324214 0.00556965 0.0196272 0.0514024 0.00778011 0.00948167 0.00457505 -0.0036 
-0.000703303 0.00529816 0.0202692 0.0626601 0.0133488 0.00873326 0.00491946 -0.001875 
0.00367398 0.00795893 0.0211025 0.0672796 0.0159808 0.00842257 0.00705447 0.002025 
0.00621102 0.00909505 0.0287923 0.0779373 0.0130495 0.0153344 0.0117282 -0.0027 
0.00141102 0.00572005 0.0224923 0.0733623 0.0142495 0.0151094 0.0128532 -0.0027 
0.00569898 0.00360893 0.0233525 0.0723046 0.0174808 0.0146476 0.0105795 -0.00195 
-0.0013783 0.00559816 0.0222942 0.0619101 0.0119238 0.0136083 0.00581946 -0.0012 
-0.00110786 0.00429465 0.0212022 0.0570274 0.0130301 0.00730667 0.00765005 0.0018 
-0.000644948 0.0022995 0.0149804 0.0429316 0.0116921 0.00481705 0.00845041 0.00165 
-0.000172849 0.00108023 0.0136517 0.0351078 0.00710896 0.00604848 0.00463754 0.000675 
0.00251473 0.00124999 0.00763344 0.0201574 0.00531761 0.00260774 0.000311726 -0.001275 
0.00158528 0.000608121 0.0023532 0.0136738 0.00627264 0.0013326 -0.00100695 0.0015 
-0.000331787 -0.00143302 0.000405453 0.00716196 -0.000574735 0.00314503 2.40803e-005 0.002775 
-0.00271683 0.0029865 0.002711 0.00368854 0.00409355 0.00134325 0.000458422 0.003525 
0.000344438 -0.00123849 -0.000963806 0.000761354 0.00116349 -0.00157643 -0.00229682 -0.0024 
0.00141482 -0.000492361 0.00350737 -0.000780653 -0.00253776 0.00324987 0.00070953 0.002025 
23.5
0 0 0 
0 0 0 
0.329889 2.11794 0.975584 
0.583516 1.78783 0.733567 
1.5494 -1.40932 0.612324 
0.759007 0.299832 0.129522 
0.661495 -0.111513 0.299786 
0.699023 0.203016 0.0938656 
0.641202 0.118572 0.0974666 
0.694256 -0.153507 0.130651 
0.726965 0.239965 0.17565 
0.707388 0.0950195 0.140899 
0.676849 -0.0520345 0.0475824 
0.708503 0.064825 0.143832 
0.637484 0.0448502 0.0745472 
0.708734 0.0529613 0.156654 
0.643733 0.0306142 0.0618659 
0.629206 0.233025 0.140206 
0.597203 0.176604 0.179599 
0.719966 0.27689 0.133411 
0.637646 -0.261052 0.262535 
0.666498 1.02599 0.534386 
0.637044 0.76617 0.615007 
1.50735 3.70687 4.5402 
0.350546 0.0438609 0.0798034 
-5.31431 -33.4731 40.2764 
0 0 0 
0 0 0 
0.523066 0.514938 1.03214 
0.461884 -0.386291 0.36033 
0.464285 0.576508 0.245932 
0.454626 0.655133 0.289912 
0.484365 -0.033537 0.10186 
0.510159 0.254584 0.113487 
0.50554 -0.000239347 0.168099 
0.547127 0.14685 0.139517 
0.511737 0.0452345 0.068195 
0.480656 0.0819458 0.169594 
0.505258 0.308974 0.200239 
0.489627 0.208888 0.147561 
0.516884 0.227451 0.213552 
0.521259 0.22052 0.18228 
0.50791 0.343479 0.176291 
0.52041 0.264223 0.241935 
0.506561 -0.156042 0.14768 
0.550948 -0.0970361 0.29156 
0.852921 1.10081 0.704313 
0.29357 0.606617 0.49354 
0 0 0 
-0.15395 -0.133419 2.06922 
0.798271 0.104987 0.299597 
0.694311 0.0417256 0.124259 
0.657569 0.219291 0.209808 
0.486275 0.225871 0.330251 
0.508118 0.145586 0.158108 
0.568128 0.271916 0.279659 
