0
003
0
0
0
0
0
0
0
0
-1
0
0
-0.01134 0 0 0 0 
-0.024471 0 0 0 0 
-0.011996 0 0 0 0 
-0.008714 0 0 0 0 
-0.010355 0 0 0 0 
-0.002805 0 0 0 0 
-1.33197 0 0 0 0 
-1.26861 0 0 0 0 
0 0 0 0 0 
0 0 0 0 0 
0 0 0 0 0 
0 0 0 0 0 
0 0 0 0 0 
0 0 0 0 0 
0 0 0 0 0 
0 0 0 0 0 
-0.00066991 -0.000211454 -0.00120452 -0.000311752 -0.00303476 -0.00358269 0.00196424 -0.002175 
0.00128491 -0.000423616 -0.00248772 0.00318303 -0.00247163 -0.00116628 -0.00154726 0.0006 
-0.00118173 0.000948612 -0.000572064 0.00311741 -0.000980608 0.00171212 0.00140111 -0.0003 
-0.00371816 0.000609726 0.00104084 0.00968496 0.000326662 0.000483277 0.00323909 0.0024 
0.00147749 -0.00083531 -0.00272317 0.0156659 -0.00333508 -0.00147148 -0.00172812 0.002325 
-0.00186814 0.000892864 -0.000366421 0.0301108 0.000572119 -2.15775e-005 0.000604081 -0.00045 
0.00222077 -0.00170358 0.00369741 0.038682 -0.00137028 0.00131077 -0.000862028 0.00345 
0.000768552 -0.000226417 -0.000965957 0.0622936 0.00178242 0.00327327 0.000396678 -0.0021 
0.00112252 -0.000982784 0.00480639 0.07908 0.00535905 0.00263183 -5.22939e-005 -0.001575 
0.0013279 0.00283959 0.00654819 0.09801 -0.00132821 -0.000329833 -0.00207233 0.000825 
-0.0030467 -0.00167628 0.00237109 0.112342 0.000645199 0.00254158 0.000543704 -0.001125 
-8.12359e-006 -0.0001486 0.00470535 0.129572 -0.000249815 0.000647803 0.00177667 0 
0.00271284 0.00403218 0.00342058 0.134311 0.00261587 0.000869087 -0.00131468 0.001725 
-0.00133716 0.000432179 0.00702058 0.135286 -9.13413e-006 -0.00123091 0.00131032 0.0012 
0.00119188 0.0038264 0.00658035 0.128747 0.00582518 0.0035728 0.000201669 -0.00045 
0.0034033 -0.00242628 0.00297109 0.117817 -0.0010048 0.00471658 -0.0011063 0.000675 
0.0036529 -1.04111e-005 0.00587319 0.10101 0.00557179 -0.00115483 0.00295267 0.00315 
-0.000377478 -7.78349e-006 0.00480639 0.077505 0.00438405 0.000831831 0.00407271 -0.000825 
-0.00155645 0.00149858 0.00585904 0.0556186 0.00455742 -0.00160173 0.00324668 0.000225 
-0.000929227 0.000171424 -0.00117759 0.042432 0.000429721 0.00408577 -0.00123703 -0.00195 
0.00315686 -8.21357e-005 0.00383358 0.0318358 -0.00137788 0.000803423 0.000154081 0.0003 
-0.00339751 -0.00323531 0.00372683 0.0173909 0.00318992 0.00212852 -0.000828118 -0.003 
-0.00356816 0.00308473 0.00126584 0.012985 -0.00244834 0.00325828 0.00128909 -0.000375 
0.000243266 -0.00152639 -0.000797064 0.00416741 -0.00338061 0.00298712 -2.38852e-005 -7.5e-005 
0.00315991 0.00152638 0.00051228 0.00693303 -7.16318e-005 0.00190872 0.00325274 0.0027 
0.00241224 3.19404e-005 0.00142602 -0.000596224 -0.00366961 -0.00279937 0.00341909 -0.002775 
-0.00215117 -0.00323779 0.000669141 0.00292504 0.000756578 -0.00365139 0.00361087 0.0018 
-0.00250609 -0.00356038 0.00234195 0.00934069 -0.00211151 -0.00281831 -0.00239178 -0.0021 
-0.00232347 0.00342478 -0.000480435 0.0112248 0.00275281 -0.00320833 0.00297576 0.00135 
0.00350118 0.000179378 0.00170732 0.0188308 0.004279 0.00194711 -0.00292035 -0.0024 
-2.82029e-005 -0.00106129 0.00242884 0.0277168 0.00489293 0.00163929 0.00355908 0.002775 
-0.00150966 -0.00126711 0.00358337 0.0362616 0.0042325 0.00405135 0.00344613 -0.003375 
0.00198021 0.00360772 0.00432599 0.0525069 0.00558714 -0.00199838 0.00183499 0.0006 
-0.00036505 0.0016964 0.00465227 0.0726972 0.00711453 0.00513847 0.000727467 0.003075 
0.00209307 0.00219389 0.00944524 0.0837983 0.00131412 0.00313928 -0.000292885 -0.0036 
-0.00206077 0.00131016 0.0082406 0.100931 0.00571014 0.00124062 -0.00083133 -0.001875 
0.00215698 0.00350227 0.0076603 0.110048 0.00744449 4.93871e-005 0.000627856 0.002025 
0.00460737 0.00438379 0.0145822 0.123149 0.00402551 0.00648287 0.0049344 -0.0027 
-0.000192631 0.00100879 0.00828216 0.118574 0.00522551 0.00625787 0.0060594 -0.0027 
0.00418198 -0.000847732 0.0099103 0.115073 0.00894449 0.00627439 0.00415286 -0.00195 
-0.00273577 0.00161016 0.0102656 0.100181 0.00428514 0.00611561 6.86702e-005 -0.0012 
-0.00225693 0.000918888 0.0110202 0.0894233 0.00656412 0.000964283 0.00278211 0.0018 
-0.00156505 -0.000403604 0.00682727 0.0688722 0.00651453 -0.000261535 0.00455247 0.00165 
-0.000869794 -0.000967279 0.00747599 0.0547569 0.00318714 0.00220162 0.00168499 0.000675 
0.00201534 -0.00021711 0.00320837 0.0342366 0.00250751 -0.000148647 -0.00180387 -0.001275 
0.0012468 -0.000386295 -0.000646161 0.0232168 0.00436793 -0.000535712 -0.00244092 0.0015 
-0.000548818 -0.00207062 -0.00151768 0.0132808 -0.001796 0.00194711 -0.000895355 0.002775 
-0.00284847 0.00259978 0.00154456 0.00739978 0.00335281 0.000616673 -9.92437e-005 0.003525 
0.000268911 -0.00146038 -0.00163305 0.00289069 0.000738491 -0.00199331 -0.00261678 -0.0024 
0.00137383 -0.000612789 0.00314414 0.000375037 -0.00276842 0.00302361 0.000535871 0.002025 
23.5
0 0 0 
0 0 0 
0.701352 1.9949 0.844776 
0.830159 1.70616 0.668406 
2.22205 -1.63131 0.63171 
1.00625 0.218098 0.144541 
0.921547 -0.197436 0.265987 
0.925306 0.128221 0.0983322 
0.859895 0.0462943 0.0580885 
0.93347 -0.232543 0.137588 
0.987877 0.153719 0.0838384 
0.950671 0.0146155 0.0552943 
0.91588 -0.131019 0.054521 
0.956275 -0.0170595 0.0801595 
0.858627 -0.0282301 0.0133313 
0.947306 -0.0258819 0.125659 
0.856777 -0.0397889 0.018203 
0.849698 0.160143 0.0626229 
0.822491 0.102143 0.136125 
0.969319 0.194462 0.133168 
0.830707 -0.32483 0.237445 
0.916505 0.94328 0.446379 
0.818394 0.706189 0.551164 
2.49567 3.37876 4.4101 
0.402581 0.0266669 0.0614974 
-2.6608 -34.5315 39.8693 
0 0 0 
0 0 0 
0.781349 0.408238 1.05567 
0.684148 -0.47803 0.39096 
0.708011 0.475818 0.223564 
0.743093 0.53595 0.223848 
0.773929 -0.153096 0.103361 
0.793107 0.137724 0.0763338 
0.824048 -0.131754 0.112719 
0.881183 0.0088943 0.033433 
0.836936 -0.0890485 0.0395303 
0.759406 -0.0331599 0.0800586 
0.816541 0.180405 0.100249 
0.779157 0.089316 0.0549603 
0.836303 0.0955313 0.110947 
0.817278 0.0982654 0.0871952 
0.814706 0.216758 0.0777456 
0.811579 0.143966 0.148401 
0.860255 -0.302063 0.115295 
0.935315 -0.255733 0.356581 
1.58116 0.799763 0.55273 
0.588878 0.484622 0.520502 
0 0 0 
0.073953 -0.227486 2.04818 
1.09981 0.00535432 0.286379 
0.93573 -0.038057 0.0786273 
0.884686 0.144218 0.165658 
0.758241 0.11355 0.31235 
0.819082 0.0171692 0.0759852 
0.950942 0.113784 0.206985 
