0
003
0
0
0
0
0
0
0
0
-1
0
0
-0.001164 0 0 0 0 
-0.017249 0 0 0 0 
-0.006088 0 0 0 0 
-0.003461 0 0 0 0 
-0.006088 0 0 0 0 
0.002119 0 0 0 0 
-1.24268 0 0 0 0 
-1.1744 0 0 0 0 
0 0 0 0 0 
0 0 0 0 0 
0 0 0 0 0 
0 0 0 0 0 
0 0 0 0 0 
0 0 0 0 0 
0 0 0 0 0 
0 0 0 0 0 
-0.000644935 -0.000116884 -0.00112322 -0.000951024 -0.0028937 -0.00339492 0.00207356 -0.002175 
0.00133356 -0.000239419 -0.00232937 0.0019379 -0.00219687 -0.000800553 -0.00133433 0.0006 
-0.00109211 0.00128799 -0.000280307 0.000823279 -0.000474367 0.00238597 0.00179343 -0.0003 
-0.00356195 0.00120123 0.00154935 0.0056865 0.00120899 0.00165773 0.00392285 0.0024 
0.00173504 0.000139918 -0.00188478 0.00907353 -0.00188036 0.000464866 -0.000600783 0.002325 
-0.00146645 0.00241385 0.000941147 0.0198293 0.00284093 0.0029984 0.0023623 -0.00045 
0.00281339 0.0005404 0.00562652 0.0235132 0.001977 0.00576626 0.00173194 0.00345 
0.00159562 0.0029053 0.00172633 0.0411239 0.00645392 0.00949141 0.00401685 -0.0021 
0.00221441 0.00315169 0.00836072 0.0511318 0.0115263 0.010841 0.00472704 -0.001575 
0.0026915 0.00800292 0.010987 0.063107 0.00637379 0.00992214 0.00389633 0.000825 
-0.00143579 0.00442348 0.00761495 0.071109 0.00974404 0.0146529 0.00759484 -0.001125 
0.0017921 0.006668 0.0105655 0.0834933 0.00991831 0.0141824 0.00965645 0 
0.0046159 0.0112382 0.00961547 0.0855995 0.0133649 0.0151769 0.00701526 0.001725 
0.000565903 0.00763819 0.0132155 0.0865745 0.0107399 0.0130769 0.00964026 0.0012 
0.0029921 0.010643 0.0124405 0.0826683 0.0159933 0.0171074 0.00808145 -0.00045 
0.00501421 0.00367348 0.00821495 0.076584 0.00809404 0.0168279 0.00594484 0.000675 
0.0050165 0.00515292 0.010312 0.066107 0.0132738 0.00909714 0.00892133 0.00315 
0.000714414 0.00412669 0.00836072 0.0495568 0.0105513 0.00904097 0.00885204 -0.000825 
-0.000729377 0.0046303 0.00855133 0.0344489 0.00922892 0.00461641 0.00686685 0.000225 
-0.000336605 0.0024154 0.000751523 0.0272632 0.003777 0.00854126 0.00135694 -0.00195 
0.00355855 0.00143885 0.00514115 0.0215543 0.000890934 0.0038234 0.0019123 0.0003 
-0.00313996 -0.00226008 0.00456522 0.0107985 0.00464464 0.00406487 0.000299217 -0.003 
-0.00341195 0.00367623 0.00177435 0.0089865 -0.00156601 0.00443273 0.00197285 -0.000375 
0.000332894 -0.00118701 -0.000505307 0.00187328 -0.00287437 0.00366097 0.000368426 -7.5e-005 
0.00320856 0.00171058 0.000670631 0.0056879 0.000203129 0.00227445 0.00346567 0.0027 
0.00241821 6.96039e-005 0.00134605 -0.000703052 -0.0036355 -0.00271902 0.00344773 -0.002775 
-0.00213953 -0.00316443 0.000513377 0.00271696 0.000823014 -0.00349489 0.00366666 0.0018 
-0.00248464 -0.00342522 0.00205496 0.00895732 -0.0019891 -0.00252996 -0.00228899 -0.0021 
-0.00228609 0.00366035 -0.000980633 0.0105566 0.00296616 -0.00270577 0.00315491 0.00135 
0.0035628 0.000567774 0.000882637 0.0177291 0.00463075 0.00277569 -0.00262498 -0.0024 
6.79035e-005 -0.000455543 0.00114264 0.0259987 0.00544152 0.00293157 0.00401975 0.002775 
-0.00136787 -0.00037342 0.00168578 0.0337268 0.00504187 0.0059579 0.00412578 -0.003375 
0.00217809 0.00485497 0.0016777 0.0489692 0.0067167 0.000662425 0.00278352 0.0006 
-0.000103806 0.003343 0.00115601 0.0680268 0.00860577 0.00865124 0.00197971 0.003075 
0.00241933 0.00425025 0.00507894 0.0779656 0.00317645 0.0075262 0.00127097 -0.0036 
-0.00167534 0.00373946 0.00308243 0.0940408 0.00791021 0.00642315 0.00101615 -0.001875 
0.0025877 0.00621706 0.00189595 0.102348 0.00990312 0.00584097 0.00269245 0.002025 
0.00506269 0.00725367 0.0084885 0.115009 0.0066246 0.0126053 0.00711694 -0.0027 
0.000262694 0.00387867 0.0021885 0.110434 0.0078246 0.0123803 0.00824194 -0.0027 
0.0046127 0.00186706 0.00414595 0.107373 0.0114031 0.012066 0.00621745 -0.00195 
-0.00235034 0.00403946 0.00510743 0.0932908 0.00648521 0.0112982 0.00191615 -0.0012 
-0.00193067 0.00297525 0.00665394 0.0835906 0.00842645 0.0053512 0.00434597 0.0018 
-0.00130381 0.001243 0.00333101 0.0642018 0.00800577 0.00325124 0.00580471 0.00165 
-0.000671911 0.000279966 0.0048277 0.0512192 0.0043167 0.00486242 0.00263352 0.000675 
0.00215713 0.00067658 0.00131078 0.0317018 0.00331687 0.0017579 -0.00112422 -0.001275 
0.0013429 0.000219457 -0.00193236 0.0214987 0.00491652 0.000756565 -0.00198025 0.0015 
-0.000487196 -0.00168223 -0.00234236 0.0121791 -0.00144425 0.00277569 -0.00059998 0.002775 
-0.00281109 0.00283535 0.00104437 0.00673159 0.00356616 0.00111923 7.991e-005 0.003525 
0.000290356 -0.00132522 -0.00192004 0.00250731 0.000860899 -0.00170496 -0.00251399 -0.0024 
0.00138547 -0.00053943 0.00298838 0.000166963 -0.00270199 0.00318011 0.00059166 0.002025 
23.5
0 0 0 
0 0 0 
0.185261 2.39846 0.940072 
0.487496 1.97408 0.709976 
1.2875 -0.901484 0.37818 
0.662755 0.486478 0.211003 
0.560255 0.0847734 0.237244 
0.610932 0.373827 0.204045 
0.556065 0.283645 0.145373 
0.601129 0.0270495 0.0737018 
0.625391 0.436924 0.188113 
0.612678 0.27866 0.117599 
0.583795 0.128387 0.068797 
0.612046 0.251853 0.120102 
0.551394 0.211769 0.10076 
0.615858 0.233043 0.114238 
0.560796 0.19142 0.0917098 
0.543368 0.399461 0.167127 
0.509498 0.346655 0.122575 
0.622892 0.465123 0.247777 
0.562489 -0.115343 0.216105 
0.56917 1.21475 0.518834 
0.566446 0.903077 0.597657 
1.12247 4.45417 4.34576 
0.33029 0.0831291 0.0748205 
-3.13838 -33.3466 39.2812 
0 0 0 
0 0 0 
0.734856 0.524698 1.09665 
0.644138 -0.377834 0.441212 
0.664138 0.585713 0.297289 
0.691167 0.66602 0.311108 
0.721806 -0.0225492 0.144997 
0.742175 0.265297 0.161921 
0.766716 0.0118438 0.0622179 
0.821053 0.159509 0.0890803 
0.778399 0.0575671 0.0645547 
0.709229 0.0925137 0.0571641 
0.760509 0.320755 0.152309 
0.72704 0.219854 0.129064 
0.778807 0.239548 0.107716 
0.763993 0.231731 0.0952824 
0.759481 0.355086 0.163148 
0.759168 0.275246 0.124488 
0.796591 -0.142608 0.160032 
0.866131 -0.0824432 0.431446 
1.4501 1.12821 0.651143 
0.535719 0.617767 0.567339 
0 0 0 
0.032924 -0.124767 2.0121 
0.680875 0.332624 0.279932 
0.600327 0.223955 0.111902 
0.569153 0.390731 0.211195 
0.709285 0.23617 0.359342 
0.763107 0.15737 0.0945866 
0.882039 0.286396 0.247608 
