0
003
0
0
0
0
0
0
0
0
1
0
0
-0.002148 0 0 0 0 
-0.017577 0 0 0 0 
-0.006744 0 0 0 0 
-0.00379 0 0 0 0 
-0.005431 0 0 0 0 
0.002776 0 0 0 0 
-1.24662 0 0 0 0 
-1.31949 0 0 0 0 
0 0 0 0 0 
0 0 0 0 0 
0 0 0 0 0 
0 0 0 0 0 
0 0 0 0 0 
0 0 0 0 0 
0 0 0 0 0 
0 0 0 0 0 
-0.000624498 -7.66465e-005 -0.000811322 -0.00158781 -0.00277919 -0.00332875 0.00215687 -0.002175 
0.00137337 -0.000161047 -0.00172188 0.000697616 -0.00197383 -0.00067168 -0.00117208 0.0006 
-0.00101876 0.00143239 0.000838979 -0.00146192 -6.34264e-005 0.00262342 0.00209237 -0.0003 
-0.00343412 0.00145291 0.00350016 0.00170361 0.00192523 0.00207158 0.00444389 0.0024 
0.00194579 0.00055486 0.00133156 0.00250687 -0.000699493 0.00114719 0.000258262 0.002325 
-0.00113776 0.00306101 0.00595744 0.00958772 0.00468264 0.00406256 0.00370209 -0.00045 
0.00329833 0.00149517 0.0130273 0.00840345 0.00469414 0.00733626 0.00370859 0.00345 
0.00227241 0.00423779 0.0120549 0.0200365 0.010246 0.0116825 0.00677548 -0.0021 
0.0031079 0.00491084 0.0219964 0.0232925 0.0165326 0.0137337 0.00836896 -0.001575 
0.00380733 0.0101998 0.0280159 0.0283398 0.0126259 0.0135347 0.00844454 0.000825 
-0.000117596 0.00701882 0.0277322 0.0300365 0.01713 0.0189206 0.0129679 -0.001125 
0.00326521 0.00956833 0.0330469 0.0375939 0.0181723 0.0189516 0.015661 0 
0.00617317 0.0143042 0.0333812 0.037078 0.0220904 0.0202186 0.0133628 0.001725 
0.00212317 0.0107042 0.0369812 0.038053 0.0194654 0.0181186 0.0159878 0.0012 
0.00446521 0.0135433 0.0349219 0.0367689 0.0242473 0.0218766 0.014086 -0.00045 
0.0063324 0.00626882 0.0283323 0.0355115 0.01548 0.0210956 0.0113179 0.000675 
0.00613233 0.00734983 0.0273409 0.0313398 0.0195259 0.0127097 0.0134695 0.00315 
0.0016079 0.00588583 0.0219964 0.0217175 0.0155576 0.0119337 0.012494 -0.000825 
-5.25932e-005 0.00596279 0.0188799 0.0133615 0.013021 0.00680752 0.00962548 0.000225 
0.000148332 0.00337017 0.00815226 0.0121534 0.00649414 0.0101113 0.00333359 -0.00195 
0.00388724 0.00208601 0.0101574 0.0113127 0.00273264 0.00488756 0.00325209 0.0003 
-0.00292921 -0.00184514 0.00778156 0.00423187 0.00582551 0.00474719 0.00115826 -0.003 
-0.00328412 0.00392791 0.00372516 0.00500361 -0.000849774 0.00484658 0.00249389 -0.000375 
0.000406235 -0.00104261 0.000613979 -0.000411915 -0.00246343 0.00389842 0.000667373 -7.5e-005 
0.00324837 0.00178895 0.00127812 0.00444762 0.000426166 0.00240332 0.00362792 0.0027 
0.00246085 0.000183183 0.00180109 -0.00194097 -0.00339585 -0.00251121 0.00362645 -0.002775 
-0.00205648 -0.00294321 0.00139968 0.000305836 0.00128979 -0.00309012 0.00401475 0.0018 
-0.00233163 -0.00301762 0.00368795 0.00451487 -0.00112907 -0.00178419 -0.00164764 -0.0021 
-0.0020194 0.00437075 0.00186552 0.00281381 0.00446511 -0.00140595 0.00427273 0.00135 
0.00400251 0.00173903 0.00557514 0.00496342 0.0071021 0.00491872 -0.000782006 -0.0024 
0.000753678 0.00137117 0.00846118 0.00608903 0.00929589 0.00627388 0.00689409 0.002775 
-0.000356116 0.00232161 0.0124831 0.00435322 0.0107284 0.010889 0.00836642 -0.003375 
0.0035901 0.00861618 0.0167466 0.00797515 0.0146529 0.00754427 0.00870181 0.0006 
0.00176032 0.00830853 0.0210499 0.0139067 0.019083 0.0177366 0.00979299 0.003075 
0.00474734 0.0104514 0.0299234 0.0103778 0.016261 0.0188724 0.0110286 -0.0036 
0.00107488 0.0110653 0.0324327 0.0141952 0.0233678 0.0198272 0.0125434 -0.001875 
0.00566113 0.0144038 0.0346954 0.0131192 0.0271772 0.0208202 0.0155744 0.002025 
0.0083117 0.0159081 0.0431617 0.0206829 0.0248855 0.0284403 0.0207348 -0.0027 
0.0035117 0.0125331 0.0368617 0.0161079 0.0260855 0.0282153 0.0218598 -0.0027 
0.00768613 0.0100538 0.0369454 0.0181442 0.0286772 0.0270452 0.0190994 -0.00195 
0.000399883 0.0113653 0.0344577 0.0134452 0.0219428 0.0247022 0.0134434 -0.0012 
0.000397342 0.00917644 0.0314984 0.0160028 0.021511 0.0166974 0.0141036 0.0018 
0.000560323 0.00620853 0.0232249 0.0100817 0.018483 0.0123366 0.013618 0.00165 
0.000740102 0.00404118 0.0198966 0.0102251 0.0122529 0.0117443 0.00855181 0.000675 
0.00316888 0.00337161 0.0121081 0.00232822 0.00900338 0.00668896 0.00311642 -0.001275 
0.00202868 0.00204617 0.00538618 0.00158903 0.00877089 0.00409888 0.000894095 0.0015 
-4.74907e-005 -0.000510971 0.00235014 -0.000586579 0.00102709 0.00491872 0.00124299 0.002775 
-0.0025444 0.00354575 0.00389052 -0.00101119 0.00506511 0.00241905 0.00119773 0.003525 
0.000443373 -0.00091762 -0.000287055 -0.00193513 0.00172093 -0.00095919 -0.00187264 -0.0024 
0.00146852 -0.000318209 0.00387468 -0.00224416 -0.00223521 0.00358488 0.000939753 0.002025 
23.5
0 0 0 
0 0 0 
-0.329034 2.4337 1.1714 
0.146067 1.99742 0.863534 
0.355834 -0.838746 0.611908 
0.320491 0.509694 0.237875 
0.200258 0.109139 0.347554 
0.297694 0.395061 0.204391 
0.253336 0.304157 0.212607 
0.269985 0.0494555 0.222564 
0.2642 0.461417 0.313044 
0.2759 0.301478 0.269 
0.252905 0.150787 0.166395 
0.269053 0.275089 0.274298 
0.245275 0.232502 0.190973 
0.285603 0.255414 0.262706 
0.265889 0.211391 0.174026 
0.238149 0.420154 0.2563 
0.197639 0.367792 0.242313 
0.277709 0.488534 0.264708 
0.29525 -0.0972749 0.283474 
0.223082 1.23832 0.666095 
0.315422 0.920142 0.710549 
-0.246944 4.54905 4.96361 
0.258275 0.0880028 0.107191 
-8.68263 -31.7113 40.5148 
0 0 0 
0 0 0 
0.195913 0.690862 1.0213 
0.180364 -0.23501 0.344896 
0.155575 0.742518 0.303479 
0.0892317 0.851636 0.390374 
0.117581 0.163615 0.122036 
0.151757 0.447274 0.212003 
0.102082 0.216633 0.279009 
0.123969 0.37434 0.25584 
0.0998027 0.266671 0.181419 
0.127574 0.271749 0.266655 
0.110955 0.520973 0.308637 
0.122885 0.406053 0.248374 
0.112271 0.444981 0.324787 
0.146296 0.42211 0.28536 
0.119292 0.552427 0.283123 
0.151592 0.462515 0.343334 
0.0585193 0.0847681 0.162736 
0.0640378 0.164681 0.264851 
-0.0698815 1.59732 0.958221 
-0.0804919 0.807761 0.481066 
0 0 0 
-0.442614 0.0216918 2.07914 
0.263381 0.360883 0.385776 
0.266132 0.246592 0.242711 
0.25476 0.412047 0.307089 
0.141786 0.411075 0.38187 
0.11422 0.357343 0.266389 
0.0831608 0.532686 0.37463 
