0
003
0
0
0
0
0
0
0
0
-1
0
0
0.000478 0 0 0 0 
-0.015936 0 0 0 0 
-0.005103 0 0 0 0 
-0.003133 0 0 0 0 
-0.004446 0 0 0 0 
0.005074 0 0 0 0 
-1.25909 0 0 0 0 
-1.31949 0 0 0 0 
0 0 0 0 0 
0 0 0 0 0 
0 0 0 0 0 
0 0 0 0 0 
0 0 0 0 0 
0 0 0 0 0 
0 0 0 0 0 
0 0 0 0 0 
-0.000608015 -1.95121e-005 -0.000722841 -0.00202582 -0.00268622 -0.00321727 0.00222815 -0.002175 
0.00140547 -4.97642e-005 -0.00154954 -0.000155508 -0.00179276 -0.000454535 -0.00103323 0.0006 
-0.000959613 0.00163743 0.00115651 -0.00303378 0.000270192 0.0030235 0.00234819 -0.0003 
-0.00333103 0.00181027 0.00405359 -0.001036 0.00250669 0.00276889 0.00488976 0.0024 
0.00211577 0.00114404 0.00224401 -0.00200999 0.000259183 0.00229685 0.000993371 0.002325 
-0.000872659 0.00397991 0.00738051 0.00254313 0.00617782 0.00585561 0.00484858 -0.00045 
0.00368944 0.00285087 0.0151268 -0.00198972 0.00690003 0.00998162 0.00540005 0.00345 
0.00281825 0.00612982 0.014985 0.00553166 0.0133246 0.0153744 0.00913612 -0.0021 
0.00382852 0.00740868 0.0258647 0.00414327 0.0205969 0.0186077 0.0114854 -0.001575 
0.00470727 0.0133193 0.0328469 0.00442535 0.0177016 0.0196216 0.0123366 0.000825 
0.000945558 0.010704 0.0334393 0.00178493 0.0231262 0.0261114 0.0175658 -0.001125 
0.00445331 0.0136866 0.0394247 0.00602225 0.0248732 0.0269875 0.0207992 0 
0.00742914 0.0186577 0.0401234 0.00370272 0.0291741 0.0287135 0.0187946 0.001725 
0.00337914 0.0150577 0.0437234 0.00467772 0.0265491 0.0266135 0.0214196 0.0012 
0.00565331 0.0176616 0.0412997 0.00519725 0.0309482 0.0299125 0.0192242 -0.00045 
0.00739556 0.00995399 0.0340393 0.00725993 0.0214762 0.0282864 0.0159158 0.000675 
0.00703227 0.0104693 0.0321719 0.00742535 0.0246016 0.0187966 0.0173616 0.00315 
0.00232852 0.00838368 0.0258647 0.00256827 0.0196219 0.0168077 0.0156104 -0.000825 
0.000493248 0.00785482 0.02181 -0.00114334 0.0160996 0.0104994 0.0119861 0.000225 
0.000539444 0.00472587 0.0102518 0.00176028 0.00870003 0.0127566 0.00502505 -0.00195 
0.00415234 0.00300491 0.0115805 0.00426813 0.00422782 0.00668061 0.00439858 0.0003 
-0.00275923 -0.00125596 0.00869401 -0.000284987 0.00678418 0.00589685 0.00189337 -0.003 
-0.00318103 0.00428527 0.00427859 0.002264 -0.000268307 0.00554389 0.00293975 -0.000375 
0.000465387 -0.000837575 0.00093151 -0.00198378 -0.00212981 0.0042985 0.00092319 -7.5e-005 
0.00328047 0.00190024 0.00145046 0.00359449 0.000607237 0.00262046 0.00376677 0.0027 
0.00247015 0.000219789 0.00182218 -0.00217475 -0.00334329 -0.00243802 0.00366739 -0.002775 
-0.00203837 -0.00287191 0.00144076 -0.00014951 0.00139217 -0.00294757 0.00409449 0.0018 
-0.00229826 -0.00288625 0.00376363 0.0036759 -0.000940449 -0.00152154 -0.00150073 -0.0021 
-0.00196124 0.00459972 0.00199743 0.00135157 0.00479387 -0.000948174 0.00452879 0.00135 
0.00409839 0.00211653 0.00579264 0.00255259 0.00764412 0.00567347 -0.000359834 -0.0024 
0.000903217 0.00195993 0.00880039 0.00232905 0.0101413 0.00745101 0.00755252 0.002775 
-0.000135495 0.00319022 0.0129836 -0.00119403 0.0119756 0.0126256 0.00933782 -0.003375 
0.003898 0.00982843 0.017445 0.000233332 0.0163935 0.00996798 0.0100575 0.0006 
0.00216681 0.00990893 0.0219719 0.003686 0.021381 0.0209364 0.0115828 0.003075 
0.00525499 0.0124501 0.0310749 -0.00238626 0.0191308 0.0228685 0.0132638 -0.0036 
0.00167459 0.0134264 0.033793 -0.000883772 0.026758 0.0245479 0.015184 -0.001875 
0.00633132 0.0170424 0.0362156 -0.00373186 0.0309659 0.0260957 0.0185253 0.002025 
0.00902018 0.0186975 0.0447688 0.00286917 0.0288906 0.0340172 0.0238542 -0.0027 
0.00422018 0.0153225 0.0384688 -0.00170583 0.0300906 0.0337922 0.0249792 -0.0027 
0.00835632 0.0126924 0.0384656 0.00129314 0.0324659 0.0323207 0.0220503 -0.00195 
0.000999594 0.0137264 0.035818 -0.00163377 0.025333 0.0294229 0.016084 -0.0012 
0.000904986 0.0111751 0.0326499 0.00323874 0.0243808 0.0206935 0.0163388 0.0018 
0.000966813 0.00780893 0.0241469 -0.000139 0.020781 0.0155364 0.0154078 0.00165 
0.001048 0.00525343 0.020595 0.00248333 0.0139935 0.014168 0.00990751 0.000675 
0.00338951 0.00424022 0.0126086 -0.00321903 0.0102506 0.00842562 0.00408782 -0.001275 
0.00217822 0.00263493 0.00572539 -0.00217095 0.00961626 0.00527601 0.00155252 0.0015 
4.83909e-005 -0.000133474 0.00256764 -0.00299741 0.00156912 0.00567347 0.00166517 0.002775 
-0.00248624 0.00377472 0.00402243 -0.00247343 0.00539387 0.00287683 0.00145379 0.003525 
0.000476739 -0.000786251 -0.000211368 -0.0027741 0.00190955 -0.000696537 -0.00172573 -0.0024 
0.00148663 -0.000246909 0.00391576 -0.00269951 -0.00213283 0.00372743 0.00101949 0.002025 
23.5
0 0 0 
0 0 0 
-0.682909 2.65828 1.25611 
-0.0888339 2.14649 0.919752 
-0.285378 -0.432528 0.60484 
0.0850179 0.658994 0.294175 
-0.0474206 0.26613 0.40678 
0.0821943 0.531685 0.255913 
0.0450673 0.436187 0.262399 
0.0421629 0.19386 0.277032 
0.0157017 0.618967 0.372464 
0.044201 0.448363 0.324399 
0.0252582 0.295089 0.220816 
0.0330768 0.424682 0.33072 
0.0346722 0.366005 0.241322 
0.0583937 0.39945 0.317032 
0.0630023 0.340003 0.222529 
0.0281654 0.55328 0.306505 
-0.0169133 0.503808 0.293609 
0.0402265 0.639103 0.32149 
0.111402 0.0192471 0.294278 
-0.0150244 1.38935 0.723063 
0.14273 1.02966 0.751871 
-1.18972 5.14819 5.19074 
0.208738 0.119402 0.119032 
-9.73264 -30.8319 40.3694 
0 0 0 
0 0 0 
0.0941079 0.777801 1.03289 
0.0927612 -0.160234 0.358554 
0.0595095 0.824556 0.34446 
-0.0244762 0.948742 0.408269 
0.00344027 0.26106 0.108378 
0.0402253 0.542505 0.229548 
-0.0234737 0.323825 0.298763 
-0.00771852 0.486777 0.276557 
-0.0283912 0.376118 0.201583 
0.0176981 0.365558 0.283941 
-0.0117508 0.625748 0.327944 
0.00875845 0.503498 0.266329 
-0.0136432 0.552492 0.3446 
0.0296095 0.521741 0.303719 
-0.0016448 0.655693 0.30215 
0.036818 0.560515 0.361395 
-0.0809141 0.203798 0.182029 
-0.0874948 0.294045 0.288471 
-0.357135 1.84271 1.00349 
-0.196898 0.907163 0.494298 
0 0 0 
-0.532441 0.0983567 2.06902 
-0.0238843 0.542974 0.431556 
0.0362095 0.392345 0.297684 
0.0384646 0.549178 0.354072 
0.0345849 0.502608 0.397266 
-0.00836012 0.462002 0.285674 
-0.0677721 0.661571 0.39798 
