0
003
0
0
0
0
0
0
0
0
-1
0
0
-0.006416 0 0 0 0 
-0.021188 0 0 0 0 
-0.009699 0 0 0 0 
-0.007072 0 0 0 0 
-0.011012 0 0 0 0 
-0.005103 0 0 0 0 
-1.42224 0 0 0 0 
-1.25154 0 0 0 0 
0 0 0 0 0 
0 0 0 0 0 
0 0 0 0 0 
0 0 0 0 0 
0 0 0 0 0 
0 0 0 0 0 
0 0 0 0 0 
0 0 0 0 0 
-0.000660145 -0.000166699 -0.0012242 -0.000537798 -0.00297943 -0.00349094 0.00200827 -0.002175 
0.00130393 -0.000336444 -0.00252606 0.00274275 -0.00236385 -0.000987581 -0.00146151 0.0006 
-0.00114669 0.00110922 -0.000642706 0.0023062 -0.00078203 0.00204138 0.00155911 -0.0003 
-0.00365709 0.000889658 0.000917721 0.0082711 0.000672766 0.00105714 0.00351446 0.0024 
0.00157819 -0.000373781 -0.00292617 0.0133348 -0.00276445 -0.000525349 -0.00127411 0.002325 
-0.00171109 0.00161268 -0.000683017 0.0264753 0.00146209 0.00145403 0.00131216 -0.00045 
0.00245248 -0.00064161 0.00323033 0.0333183 -5.72737e-005 0.00348779 0.00018263 0.00345 
0.00109192 0.00125568 -0.00161783 0.054808 0.00361487 0.00631156 0.00185461 -0.0021 
0.00154943 0.000973866 0.00394579 0.0691976 0.00777823 0.00664295 0.00187246 -0.001575 
0.00186104 0.00528315 0.00547343 0.0856683 0.00169298 0.00467945 0.000331397 0.000825 
-0.00241687 0.00121044 0.00110142 0.0977622 0.00421432 0.00845936 0.00338338 -0.001125 
0.000695726 0.00307737 0.00328647 0.113279 0.00373874 0.00726103 0.00495006 0 
0.00345689 0.00744244 0.00192064 0.117086 0.00683228 0.00786011 0.00204 0.001725 
-0.000593106 0.00384244 0.00552064 0.118061 0.00420728 0.00576011 0.004665 0.0012 
0.00189573 0.00705237 0.00516147 0.112454 0.00981374 0.010186 0.00337506 -0.00045 
0.00403313 0.000460445 0.00170142 0.103237 0.00256432 0.0106344 0.00173338 0.000675 
0.00418604 0.00243315 0.00479843 0.0886683 0.00859298 0.00385445 0.0053564 0.00315 
4.94281e-005 0.00194887 0.00394579 0.0676225 0.00680323 0.00484295 0.00599746 -0.000825 
-0.00123308 0.00298068 0.00520717 0.048133 0.00638987 0.00143656 0.00470462 0.000225 
-0.000697525 0.00123339 -0.00164467 0.0370683 0.00174273 0.00626279 -0.00019237 -0.00195 
0.00331391 0.000637675 0.00351698 0.0282003 -0.000487913 0.00227903 0.00086216 0.0003 
-0.00329681 -0.00277378 0.00352383 0.0150598 0.00376055 0.00307465 -0.000374112 -0.003 
-0.00350709 0.00336466 0.00114272 0.0115711 -0.00210223 0.00383214 0.00156446 -0.000375 
0.000278308 -0.00136578 -0.000867706 0.0033562 -0.00318203 0.00331638 0.000134109 -7.5e-005 
0.00317893 0.00161356 0.000473939 0.00649275 3.61463e-005 0.00208742 0.00333849 0.0027 
0.00240666 2.92995e-005 0.00128559 -0.000396659 -0.00370069 -0.00279777 0.00339772 -0.002775 
-0.00216204 -0.00324293 0.00039562 0.00331374 0.00069604 -0.00364826 0.00356925 0.0018 
-0.00252611 -0.00356985 0.00183799 0.0100569 -0.00222305 -0.00281255 -0.00246847 -0.0021 
-0.00235837 0.00340826 -0.00135878 0.012473 0.00255841 -0.0031983 0.0028421 0.00135 
0.00344364 0.000152144 0.000259172 0.0208887 0.00395848 0.00196364 -0.00314072 -0.0024 
-0.000117955 -0.00110377 0.000170266 0.0309265 0.00439304 0.00166508 0.00321539 0.002775 
-0.00164207 -0.00132977 0.000251201 0.0409969 0.003495 0.0040894 0.00293908 -0.003375 
0.00179541 0.00352027 -0.000324421 0.0591156 0.00455787 -0.00194528 0.00112735 0.0006 
-0.00060902 0.00158094 -0.00148717 0.0814219 0.0057557 0.00520856 -0.000206754 0.003075 
0.00178839 0.0020497 0.00177801 0.0946941 -0.000382855 0.00322682 -0.00145959 -0.0036 
-0.00242071 0.00113982 -0.000817165 0.113803 0.00370539 0.00134403 -0.00220962 -0.001875 
0.00175474 0.00331191 -0.00246192 0.124433 0.00520415 0.000164957 -0.000912414 0.002025 
0.00418215 0.00418256 0.00388167 0.138356 0.00165719 0.00660504 0.00330614 -0.0027 
-0.000617849 0.000807562 -0.00241833 0.133781 0.00285719 0.00638004 0.00443114 -0.0027 
0.00377974 -0.00103809 -0.000211919 0.129458 0.00670415 0.00638996 0.00261259 -0.00195 
-0.00309571 0.00143982 0.00120784 0.113053 0.00228039 0.00621903 -0.00130962 -0.0012 
-0.00256161 0.0007747 0.00335301 0.100319 0.00486715 0.00105182 0.00161541 0.0018 
-0.00180902 -0.00051906 0.000687832 0.0775969 0.0051557 -0.000191438 0.00361825 0.00165 
-0.00105459 -0.00105473 0.00282558 0.0613656 0.00215787 0.00225472 0.000977349 0.000675 
0.00188293 -0.000279773 -0.000123799 0.0389719 0.00177 -0.000110603 -0.00231092 -0.001275 
0.00115705 -0.000428769 -0.00290473 0.0264265 0.00386804 -0.000509925 -0.00278461 0.0015 
-0.000606365 -0.00209786 -0.00296583 0.0153387 -0.00211652 0.00196364 -0.00111572 0.002775 
-0.00288337 0.00258326 0.000666216 0.00864799 0.00315841 0.000626702 -0.0002329 0.003525 
0.000248885 -0.00146985 -0.00213701 0.00360685 0.000626951 -0.00198755 -0.00269347 -0.0024 
0.00136296 -0.000617932 0.00287062 0.000763735 -0.00282896 0.00302674 0.000494251 0.002025 
23.5
0 0 0 
0 0 0 
0.518891 2.21452 0.849879 
0.709007 1.85197 0.650106 
1.89169 -1.23395 0.449072 
0.884806 0.364198 0.178029 
0.79381 -0.0437983 0.23079 
0.814156 0.261926 0.164163 
0.752472 0.175508 0.106835 
0.815968 -0.0912161 0.0563272 
0.859718 0.30789 0.142129 
0.831171 0.15836 0.0652315 
0.798468 0.0102039 0.0460056 
0.83457 0.129336 0.0600092 
0.750001 0.102426 0.061794 
0.83012 0.115077 0.107238 
0.752129 0.0860825 0.0541711 
0.741392 0.290425 0.12827 
0.711829 0.235253 0.128138 
0.846837 0.341804 0.203825 
0.735874 -0.210777 0.211314 
0.793702 1.09105 0.474743 
0.729313 0.813364 0.553644 
2.01032 3.96373 4.27717 
0.37702 0.0574067 0.0622032 
-1.76967 -34.2068 39.2803 
0 0 0 
0 0 0 
0.868211 0.438908 1.09452 
0.758898 -0.451616 0.439423 
0.789978 0.504757 0.263738 
0.840105 0.570199 0.271397 
0.87131 -0.118694 0.162364 
0.888263 0.171331 0.122979 
0.931162 -0.0939139 0.0647621 
0.993524 0.0485768 0.0431084 
0.946299 -0.0504152 0.102515 
0.85315 -4.66507e-005 0.0340566 
0.921225 0.217376 0.109468 
0.876526 0.123706 0.105023 
0.943723 0.133472 0.0637577 
0.91683 0.133426 0.0545449 
0.917881 0.253195 0.120923 
0.9095 0.178549 0.089061 
0.9792 -0.260037 0.157207 
1.06457 -0.210062 0.434893 
1.82602 0.886213 0.645251 
0.688189 0.519682 0.564941 
0 0 0 
0.150596 -0.200414 2.01383 
0.951702 0.18352 0.262189 
0.817145 0.104582 0.076962 
0.773126 0.278416 0.186814 
0.849704 0.145853 0.345598 
0.923658 0.0541078 0.0746701 
1.07968 0.159251 0.223663 
