0
003
0
0
0
0
0
0
0
0
1
0
0
-0.004118 0 0 0 0 
-0.019547 0 0 0 0 
-0.008057 0 0 0 0 
-0.005759 0 0 0 0 
-0.00937 0 0 0 0 
-0.003133 0 0 0 0 
-1.28043 0 0 0 0 
-1.17243 0 0 0 0 
0 0 0 0 0 
0 0 0 0 0 
0 0 0 0 0 
0 0 0 0 0 
0 0 0 0 0 
0 0 0 0 0 
0 0 0 0 0 
0 0 0 0 0 
-0.000604813 -4.82075e-006 -0.000729303 -0.00209999 -0.00266806 -0.00318715 0.0022426 -0.002175 
0.00141171 -2.11494e-005 -0.00156213 -0.000299987 -0.0017574 -0.000395886 -0.0010051 0.0006 
-0.000948122 0.00169015 0.00113332 -0.00329998 0.000335356 0.00313156 0.00240003 -0.0003 
-0.003311 0.00190216 0.00401317 -0.00149996 0.00262027 0.00295723 0.0049801 0.0024 
0.00214879 0.00129555 0.00217736 -0.00277493 0.000446438 0.00260737 0.00114232 0.002325 
-0.000821163 0.0042162 0.00727657 0.00135011 0.00646986 0.0063399 0.00508089 -0.00045 
0.00376542 0.00319947 0.0149734 -0.00374984 0.0073309 0.0106961 0.00574279 0.00345 
0.00292428 0.00661634 0.014771 0.00307523 0.0139259 0.0163716 0.00961444 -0.0021 
0.0039685 0.00805097 0.0255822 0.000900298 0.0213908 0.0199241 0.0121169 -0.001575 
0.00488209 0.0141214 0.032494 0.000375373 0.018693 0.0212656 0.0131252 0.000825 
0.00115208 0.0116516 0.0330225 -0.00299956 0.0242975 0.0280536 0.0184975 -0.001125 
0.0046841 0.0147455 0.0389589 0.000675492 0.026182 0.029158 0.0218403 0 
0.00767311 0.0197772 0.0396309 -0.00194948 0.0305577 0.031008 0.0198952 0.001725 
0.00362311 0.0161772 0.0432309 -0.00097448 0.0279327 0.028908 0.0225202 0.0012 
0.0058841 0.0187205 0.0408339 -0.000149508 0.032257 0.032083 0.0202653 -0.00045 
0.00760208 0.0109016 0.0336225 0.00247544 0.0226475 0.0302286 0.0168475 0.000675 
0.00720709 0.0112714 0.031819 0.00337537 0.025593 0.0204406 0.0181502 0.00315 
0.0024685 0.00902597 0.0255822 -0.000674702 0.0204158 0.0181241 0.0162419 -0.000825 
0.00059928 0.00834134 0.021596 -0.00359977 0.0167009 0.0114966 0.0124644 0.000225 
0.000615419 0.00507447 0.0100984 1.61891e-007 0.0091309 0.0134711 0.00536779 -0.00195 
0.00420384 0.0032412 0.0114766 0.00307511 0.00451986 0.0071649 0.00463089 0.0003 
-0.00272621 -0.00110445 0.00862736 -0.00104993 0.00697144 0.00620737 0.00204232 -0.003 
-0.003161 0.00437716 0.00423817 0.00180004 -0.000154732 0.00573223 0.0030301 -0.000375 
0.000476878 -0.000784852 0.000908318 -0.00224998 -0.00206464 0.00440656 0.000975026 -7.5e-005 
0.00328671 0.00192885 0.00143787 0.00345001 0.000642605 0.00267911 0.0037949 0.0027 
0.00246831 0.000218929 0.00177609 -0.00210926 -0.00335349 -0.00243748 0.00366037 -0.002775 
-0.00204194 -0.00287358 0.00135099 -2.19487e-005 0.0013723 -0.00294653 0.00408082 0.0018 
-0.00230484 -0.00288934 0.00359823 0.00391093 -0.000977052 -0.00151962 -0.00152592 -0.0021 
-0.00197271 0.00459434 0.00170915 0.00176121 0.00473007 -0.000944831 0.00448488 0.00135 
0.00407947 0.00210765 0.00531734 0.00322797 0.00753894 0.00567898 -0.000432227 -0.0024 
0.000873715 0.00194609 0.00805911 0.00338237 0.00997721 0.00745961 0.00743962 0.002775 
-0.000179021 0.0031698 0.0118899 0.000359984 0.0117336 0.0126383 0.00917125 -0.003375 
0.00383726 0.00979993 0.0159187 0.00240213 0.0160557 0.00998568 0.00982504 0.0006 
0.00208662 0.00987131 0.0199569 0.00654924 0.0209351 0.0209597 0.0112759 0.003075 
0.00515483 0.0124031 0.0285585 0.00118949 0.0185739 0.0228977 0.0128805 -0.0036 
0.00155628 0.0133709 0.0308202 0.00334048 0.0261001 0.0245824 0.0147312 -0.001875 
0.0061991 0.0169804 0.0328934 0.000988813 0.0302307 0.0261342 0.0180192 0.002025 
0.0088804 0.0186319 0.0412568 0.00785953 0.0281134 0.0340579 0.0233193 -0.0027 
0.0040804 0.0152569 0.0349568 0.00328453 0.0293134 0.0338329 0.0244443 -0.0027 
0.0082241 0.0126304 0.0351434 0.00601381 0.0317307 0.0323592 0.0215442 -0.00195 
0.000881277 0.0136709 0.0328452 0.00259048 0.0246751 0.0294574 0.0156312 -0.0012 
0.000804833 0.0111281 0.0301335 0.00681449 0.0238239 0.0207227 0.0159555 0.0018 
0.000886617 0.00777131 0.0221319 0.00272424 0.0203351 0.0155597 0.0151009 0.00165 
0.000987258 0.00522493 0.0190687 0.00465213 0.0136557 0.0141857 0.00967504 0.000675 
0.00334598 0.0042198 0.0115149 -0.00166502 0.0100086 0.0084383 0.00392125 -0.001275 
0.00214872 0.00262109 0.00498411 -0.00111763 0.00945221 0.00528461 0.00143962 0.0015 
2.94745e-005 -0.000142348 0.00209234 -0.00232203 0.00146394 0.00567898 0.00159277 0.002775 
-0.00249771 0.00376934 0.00373415 -0.00206379 0.00533007 0.00288017 0.00140988 0.003525 
0.000470156 -0.000789339 -0.000376769 -0.00253907 0.00187295 -0.000694619 -0.00175092 -0.0024 
0.00148306 -0.000248585 0.00382599 -0.00257195 -0.0021527 0.00372847 0.00100582 0.002025 
23.5
0 0 0 
0 0 0 
-0.742851 2.73041 1.2578 
-0.12862 2.19436 0.920863 
-0.394004 -0.301958 0.574936 
0.0451355 0.70696 0.295278 
-0.0893706 0.316573 0.407942 
0.0456951 0.575581 0.256922 
0.0097929 0.478607 0.263374 
0.00357645 0.240259 0.278099 
-0.0263871 0.669585 0.37363 
0.00495794 0.495556 0.325485 
-0.0132986 0.341454 0.221881 
-0.0068908 0.472746 0.331826 
-0.000997424 0.4089 0.242307 
0.019911 0.445728 0.318097 
0.0286396 0.381326 0.223478 
-0.00739936 0.596051 0.307489 
-0.0532521 0.547508 0.294613 
3.69967e-006 0.687478 0.322603 
0.0802642 0.0566881 0.295139 
-0.055353 1.43787 0.724186 
0.113482 1.06485 0.752686 
-1.34946 5.34052 5.1955 
0.200349 0.129491 0.119263 
-9.43864 -30.7255 40.1755 
0 0 0 
0 0 0 
0.122629 0.787863 1.04565 
0.117303 -0.151567 0.374467 
0.0864223 0.834051 0.357648 
0.00737917 0.959979 0.388964 
0.0354169 0.272347 0.0930414 
0.0714711 0.553532 0.231962 
0.0117009 0.33624 0.277448 
0.0291741 0.499796 0.254201 
0.00752259 0.388793 0.179821 
0.0484799 0.376422 0.265288 
0.0226255 0.637878 0.307112 
0.0407313 0.514781 0.246954 
0.0216321 0.56494 0.323223 
0.0622994 0.533277 0.283909 
0.0322358 0.667648 0.281619 
0.0689721 0.571862 0.341909 
-0.0418516 0.217587 0.15836 
-0.0450425 0.309029 0.315996 
-0.276659 1.87107 0.954713 
-0.164287 0.918666 0.508886 
0 0 0 
-0.507278 0.107239 2.05775 
-0.072542 0.601483 0.428202 
-0.00273265 0.439175 0.298761 
0.00183059 0.593235 0.355086 
0.0646175 0.513206 0.395597 
0.0259809 0.474122 0.264864 
-0.0254877 0.676488 0.379961 
