0
003
0
0
0
0
0
0
0
0
1
0
0
0.001463 0 0 0 0 
-0.014623 0 0 0 0 
-0.00379 0 0 0 0 
-0.00182 0 0 0 0 
-0.005759 0 0 0 0 
0.000806 0 0 0 0 
-1.21248 0 0 0 0 
-1.20197 0 0 0 0 
0 0 0 0 0 
0 0 0 0 0 
0 0 0 0 0 
0 0 0 0 0 
0 0 0 0 0 
0 0 0 0 0 
0 0 0 0 0 
0 0 0 0 0 
-0.000604844 -3.6877e-006 -0.000737638 -0.0020954 -0.0026682 -0.00318444 0.00224267 -0.002175 
0.00141165 -1.89425e-005 -0.00157836 -0.000291046 -0.00175767 -0.000390608 -0.00100496 0.0006 
-0.000948233 0.00169421 0.00110341 -0.0032835 0.000334854 0.00314129 0.00240029 -0.0003 
-0.00331119 0.00190924 0.00396104 -0.00147125 0.00261939 0.00297418 0.00498056 0.0024 
0.00214847 0.00130723 0.00209142 -0.0027276 0.000444993 0.00263532 0.00114308 0.002325 
-0.000821658 0.00423442 0.00714253 0.00142393 0.00646761 0.00638348 0.00508206 -0.00045 
0.00376469 0.00322636 0.0147757 -0.00364092 0.00732758 0.0107604 0.00574452 0.00345 
0.00292326 0.00665386 0.014495 0.00322723 0.0139213 0.0164613 0.00961686 -0.0021 
0.00396715 0.0081005 0.0252178 0.00110097 0.0213847 0.0200426 0.0121201 -0.001575 
0.00488041 0.0141832 0.032039 0.000625983 0.0186853 0.0214136 0.0131292 0.000825 
0.00115009 0.0117247 0.0324849 -0.0027035 0.0242884 0.0282284 0.0185022 -0.001125 
0.00468188 0.0148272 0.0383581 0.00100635 0.0261719 0.0293533 0.0218456 0 
0.00767077 0.0198635 0.0389959 -0.00159973 0.030547 0.0312145 0.0199007 0.001725 
0.00362077 0.0162635 0.0425959 -0.000624726 0.027922 0.0291145 0.0225257 0.0012 
0.00588188 0.0188022 0.0402331 0.000181345 0.0322469 0.0322783 0.0202706 -0.00045 
0.00760009 0.0109747 0.0330849 0.0027715 0.0226384 0.0304034 0.0168522 0.000675 
0.00720541 0.0113332 0.031364 0.00362598 0.0255853 0.0205886 0.0181542 0.00315 
0.00246715 0.0090755 0.0252178 -0.000474029 0.0204097 0.0182426 0.0162451 -0.000825 
0.000598261 0.00837886 0.02132 -0.00344777 0.0166963 0.0115863 0.0124669 0.000225 
0.000614689 0.00510136 0.00990068 0.000109077 0.00912758 0.0135354 0.00536952 -0.00195 
0.00420334 0.00325942 0.0113425 0.00314893 0.00451761 0.00720848 0.00463206 0.0003 
-0.00272653 -0.00109277 0.00854142 -0.0010026 0.00696999 0.00623532 0.00204308 -0.003 
-0.00316119 0.00438424 0.00418604 0.00182875 -0.000155608 0.00574918 0.00303056 -0.000375 
0.000476767 -0.000780786 0.000878409 -0.0022335 -0.00206515 0.00441629 0.000975288 -7.5e-005 
0.00328665 0.00193106 0.00142164 0.00345895 0.000642332 0.00268439 0.00379504 0.0027 
0.00246704 0.000216107 0.00175872 -0.00207051 -0.00336063 -0.00244235 0.00365512 -0.002775 
-0.00204442 -0.00287908 0.00131715 5.35104e-005 0.00135838 -0.002956 0.0040706 0.0018 
-0.00230942 -0.00289947 0.00353589 0.00404996 -0.0010027 -0.00153707 -0.00154475 -0.0021 
-0.00198069 0.00457668 0.00160049 0.00200353 0.00468536 -0.000975252 0.00445206 0.00135 
0.00406633 0.00207855 0.0051382 0.00362748 0.00746523 0.00562882 -0.00048634 -0.0024 
0.000853214 0.0019007 0.00777971 0.00400547 0.00986225 0.00738138 0.00735522 0.002775 
-0.000209266 0.00310284 0.0114777 0.00127926 0.011564 0.0125229 0.00904674 -0.003375 
0.00379505 0.00970648 0.0153435 0.00368509 0.015819 0.00982462 0.00965127 0.0006 
0.00203089 0.00974793 0.0191974 0.00824299 0.0206226 0.0207471 0.0110465 0.003075 
0.00508524 0.012249 0.02761 0.00330473 0.0181836 0.0226321 0.012594 -0.0036 
0.00147406 0.0131889 0.0296997 0.00583934 0.0256391 0.0242687 0.0143927 -0.001875 
0.00610722 0.016777 0.0316412 0.00378134 0.0297155 0.0257837 0.017641 0.002025 
0.00878328 0.0184169 0.0399331 0.0108116 0.0275688 0.0336873 0.0229195 -0.0027 
0.00398328 0.0150419 0.0336331 0.00623659 0.0287688 0.0334623 0.0240445 -0.0027 
0.00813222 0.012427 0.0338912 0.00880634 0.0312155 0.0320087 0.021166 -0.00195 
0.000799062 0.0134889 0.0317247 0.00508934 0.0242141 0.0291437 0.0152927 -0.0012 
0.00073524 0.010974 0.029185 0.00892973 0.0234336 0.0204571 0.015669 0.0018 
0.000830891 0.00764793 0.0213724 0.00441799 0.0200226 0.0153471 0.0148715 0.00165 
0.000945048 0.00513148 0.0184935 0.00593509 0.013419 0.0140246 0.00950127 0.000675 
0.00331573 0.00415284 0.0111027 -0.000745736 0.00983895 0.0083229 0.00379674 -0.001275 
0.00212821 0.0025757 0.00470471 -0.000494531 0.00933725 0.00520638 0.00135522 0.0015 
1.633e-005 -0.00017145 0.0019132 -0.00192252 0.00139023 0.00562882 0.00153866 0.002775 
-0.00250569 0.00375168 0.00362549 -0.00182147 0.00528536 0.00284975 0.00137706 0.003525 
0.000465582 -0.000799467 -0.000439112 -0.00240004 0.0018473 -0.000712073 -0.00176975 -0.0024 
0.00148058 -0.000254081 0.00379215 -0.00249649 -0.00216662 0.003719 0.000995597 0.002025 
23.5
0 0 0 
0 0 0 
-0.739142 2.73982 1.25253 
-0.126158 2.20061 0.917369 
-0.387282 -0.284887 0.565094 
0.0476035 0.713229 0.291776 
-0.0867748 0.323166 0.404258 
0.0479537 0.581318 0.253716 
0.0119757 0.484152 0.260277 
0.0059642 0.246323 0.274711 
-0.0237827 0.6762 0.369934 
0.00738632 0.501724 0.322039 
-0.0109127 0.347514 0.218495 
-0.00441759 0.479027 0.328316 
0.00120982 0.414506 0.239175 
0.0222924 0.451776 0.314717 
0.030766 0.386726 0.22046 
-0.00519861 0.601641 0.304366 
-0.0510035 0.55322 0.291422 
0.0024927 0.6938 0.319071 
0.082191 0.0615824 0.292404 
-0.0528574 1.44421 0.720644 
0.115292 1.06944 0.750117 
-1.33958 5.36561 5.18148 
0.200868 0.130809 0.118527 
-9.26467 -30.7494 40.1185 
0 0 0 
0 0 0 
0.1395 0.785343 1.04925 
0.131821 -0.153732 0.37902 
0.102342 0.831672 0.359376 
0.0262229 0.957162 0.384598 
0.0543324 0.269525 0.0950964 
0.0899542 0.550772 0.233969 
0.0325081 0.333135 0.268724 
0.0509975 0.496538 0.245051 
0.028767 0.385623 0.170915 
0.0666887 0.373705 0.257654 
0.0429605 0.634841 0.298586 
0.0596446 0.511957 0.239024 
0.0424988 0.561824 0.314474 
0.0816368 0.53039 0.275801 
0.0522775 0.664654 0.273216 
0.0879925 0.569022 0.333934 
-0.0187446 0.214139 0.148673 
-0.0199304 0.305281 0.323872 
-0.229054 1.86394 0.934744 
-0.144996 0.915783 0.513012 
0 0 0 
-0.492392 0.105019 2.05455 
-0.0695311 0.60913 0.423886 
-0.0003229 0.445296 0.295341 
0.00409751 0.598993 0.351869 
0.082383 0.510554 0.395719 
0.046295 0.471089 0.256347 
-0.000474807 0.67275 0.372102 
