0
003
0
0
0
0
0
0
0
0
1
0
0
-0.000507 0 0 0 0 
-0.01692 0 0 0 0 
-0.005759 0 0 0 0 
-0.004446 0 0 0 0 
-0.00937 0 0 0 0 
-0.002477 0 0 0 0 
-1.52959 0 0 0 0 
-1.41174 0 0 0 0 
0 0 0 0 0 
0 0 0 0 0 
0 0 0 0 0 
0 0 0 0 0 
0 0 0 0 0 
0 0 0 0 0 
0 0 0 0 0 
0 0 0 0 0 
-0.000671273 -0.000207301 -0.00127056 -0.000248272 -0.00304224 -0.00357099 0.00195982 -0.002175 
0.00128226 -0.000415527 -0.00261636 0.00330667 -0.0024862 -0.0011435 -0.00155588 0.0006 
-0.00118662 0.000963516 -0.000809076 0.00334522 -0.00100745 0.00175411 0.00138523 -0.0003 
-0.00372669 0.000635703 0.000627754 0.010082 0.000279877 0.00055645 0.0032114 0.0024 
0.00146344 -0.000792481 -0.00340424 0.0163205 -0.00341222 -0.00135084 -0.00177377 0.002325 
-0.00189005 0.00095966 -0.00142863 0.0311318 0.000451817 0.000166577 0.000532877 -0.00045 
0.00218844 -0.00160503 0.00213029 0.0401883 -0.00154777 0.00158836 -0.000967077 0.00345 
0.000723428 -8.88836e-005 -0.00315305 0.0643958 0.00153472 0.00366068 0.00025007 -0.0021 
0.00106295 -0.000801213 0.001919 0.0818553 0.00503204 0.00314329 -0.000245845 -0.001575 
0.0012535 0.00306634 0.00294227 0.101476 -0.0017366 0.000308899 -0.00231405 0.000825 
-0.00313459 -0.0014084 -0.00188879 0.116437 0.000162743 0.00329616 0.00025815 -0.001125 
-0.000106342 0.000150758 -5.51547e-005 0.134148 -0.00078897 0.00149105 0.00145756 0 
0.00260901 0.00434864 -0.00161188 0.139148 0.00204591 0.00176051 -0.00165202 0.001725 
-0.00144099 0.00074864 0.00198812 0.140123 -0.00057909 -0.000339491 0.000972978 0.0012 
0.00109366 0.00412576 0.00181985 0.133323 0.00528603 0.00441605 -0.000117443 -0.00045 
0.00331541 -0.0021584 -0.00128879 0.121912 -0.00148726 0.00547116 -0.00139185 0.000675 
0.0035785 0.000216343 0.00226727 0.104476 0.0051634 -0.000516101 0.00271095 0.00315 
-0.000437051 0.000173787 0.001919 0.0802803 0.00405704 0.00134329 0.00387916 -0.000825 
-0.00160157 0.00163612 0.00367195 0.0577208 0.00430972 -0.00121432 0.00310007 0.000225 
-0.00096156 0.000269971 -0.00274471 0.0439383 0.000252235 0.00436336 -0.00134208 -0.00195 
0.00313495 -1.53398e-005 0.00277137 0.0328568 -0.00149818 0.000991577 8.28773e-005 0.0003 
-0.00341156 -0.00319248 0.00304576 0.0180455 0.00311278 0.00224916 -0.000873772 -0.003 
-0.00357669 0.0031107 0.000852754 0.013382 -0.00249512 0.00333145 0.0012614 -0.000375 
0.000238376 -0.00151148 -0.00103408 0.00439522 -0.00340745 0.00302911 -3.97728e-005 -7.5e-005 
0.00315726 0.00153447 0.000383643 0.00705667 -8.62007e-005 0.0019315 0.00324412 0.0027 
0.00240243 9.09916e-006 0.00129971 -0.000301526 -0.00372464 -0.00283944 0.00337854 -0.002775 
-0.00217026 -0.00328228 0.000423136 0.00349903 0.0006494 -0.00372943 0.0035319 0.0018 
-0.00254127 -0.00364235 0.00188869 0.0103983 -0.00230898 -0.0029621 -0.00253729 -0.0021 
-0.00238478 0.00328191 -0.00127042 0.013068 0.00240864 -0.00345894 0.00272215 0.00135 
0.00340009 -5.61671e-005 0.000404858 0.0218697 0.00371155 0.00153391 -0.00333848 -0.0024 
-0.000185864 -0.00142866 0.000397482 0.0324565 0.00400792 0.000994859 0.00290696 0.002775 
-0.00174226 -0.00180909 0.000586422 0.0432543 0.00292681 0.0031006 0.00248404 -0.003375 
0.00165558 0.00285132 0.000143417 0.0622659 0.0037649 -0.00332526 0.000492288 0.0006 
-0.000793617 0.000697804 -0.000869532 0.085581 0.00470883 0.00338673 -0.00104516 0.003075 
0.00155786 0.000946797 0.00254934 0.0998882 -0.00169024 0.000951625 -0.00250662 -0.0036 
-0.00269305 -0.000163104 9.4059e-005 0.119939 0.0021609 -0.0013438 -0.00344655 -0.001875 
0.0014504 0.00185587 -0.00144361 0.13129 0.00347815 -0.00283874 -0.00229471 0.002025 
0.00386042 0.00264334 0.00495816 0.145605 -0.00016741 0.00342975 0.00184488 -0.0027 
-0.000939584 -0.000731664 -0.00134184 0.14103 0.00103259 0.00320475 0.00296988 -0.0027 
0.0034754 -0.00249413 0.000806391 0.136315 0.00497815 0.00338626 0.00123029 -0.00195 
-0.00336805 0.000136896 0.00211906 0.119189 0.000735902 0.0035312 -0.00254655 -0.0012 
-0.00279214 -0.000328203 0.00412434 0.105513 0.00355976 -0.00122337 0.000568376 0.0018 
-0.00199362 -0.0014022 0.00130547 0.081756 0.00410883 -0.00201327 0.00277984 0.00165 
-0.00119442 -0.00172368 0.00329342 0.0645159 0.0013649 0.000874741 0.000342288 0.000675 
0.00178274 -0.000759093 0.000211422 0.0412293 0.00120181 -0.0010994 -0.00276596 -0.001275 
0.00108914 -0.000753656 -0.00267752 0.0279565 0.00348292 -0.00118014 -0.00309304 0.0015 
-0.000649907 -0.00230617 -0.00282014 0.0163197 -0.00236345 0.00153391 -0.00131348 0.002775 
-0.00290978 0.00245691 0.000754579 0.00924302 0.00300864 0.000366058 -0.000352847 0.003525 
0.000233732 -0.00154235 -0.00208631 0.00394825 0.000541018 -0.0021371 -0.00276229 -0.0024 
0.00135474 -0.000657277 0.00289814 0.000949029 -0.0028756 0.00294557 0.000456899 0.002025 
23.5
0 0 0 
0 0 0 
0.752594 2.04691 0.801099 
0.864184 1.7407 0.631313 
2.31484 -1.53698 0.53948 
1.04036 0.252743 0.170313 
0.957422 -0.160995 0.238877 
0.956523 0.159928 0.132358 
0.890065 0.0769382 0.0909725 
0.966472 -0.19902 0.104802 
1.02387 0.190279 0.0892426 
0.984234 0.048706 0.0266918 
0.948856 -0.0975231 0.0716475 
0.990456 0.0176603 0.0429009 
0.889135 0.00275745 0.033129 
0.980219 0.00754896 0.100789 
0.886168 -0.00993592 0.0381362 
0.880117 0.191038 0.0835795 
0.853571 0.13371 0.121111 
1.00372 0.229402 0.170663 
0.857342 -0.297775 0.217319 
0.950995 0.978303 0.424047 
0.843413 0.731596 0.52984 
2.632 3.51716 4.30687 
0.40976 0.0339575 0.0553805 
-1.34498 -34.7617 39.4716 
0 0 0 
0 0 0 
0.909613 0.384096 1.08076 
0.794526 -0.498769 0.422711 
0.829046 0.453034 0.233128 
0.886344 0.508981 0.235168 
0.917724 -0.180131 0.161557 
0.933617 0.111291 0.0929332 
0.982214 -0.161493 0.0817024 
1.04707 -0.0223056 0.034929 
0.998423 -0.119415 0.10161 
0.897831 -0.0591918 0.0488828 
0.97112 0.151323 0.0703762 
0.922935 0.0622707 0.0832597 
0.994921 0.0656936 0.0467368 
0.964278 0.0706132 0.0440521 
0.967057 0.188093 0.0968512 
0.956171 0.116764 0.0898674 
1.03589 -0.335077 0.147721 
1.12618 -0.291612 0.433814 
1.94271 0.731638 0.59048 
0.735524 0.457018 0.549222 
0 0 0 
0.18713 -0.248756 2.02592 
1.14141 0.047616 0.272588 
0.969035 -0.00422741 0.067029 
0.916018 0.176042 0.165092 
0.893298 0.0881442 0.329709 
0.973502 -0.0118741 0.0667853 
1.14103 0.0780161 0.207075 
