0
003
0
0
0
0
0
0
0
0
1
0
0
-0.003133 0 0 0 0 
-0.018562 0 0 0 0 
-0.007401 0 0 0 0 
-0.004446 0 0 0 0 
-0.005759 0 0 0 0 
0.003761 0 0 0 0 
-1.25844 0 0 0 0 
-1.31227 0 0 0 0 
0 0 0 0 0 
0 0 0 0 0 
0 0 0 0 0 
0 0 0 0 0 
0 0 0 0 0 
0 0 0 0 0 
0 0 0 0 0 
0 0 0 0 0 
-0.000606939 -6.60433e-006 -0.000777551 -0.00202647 -0.00267991 -0.00318838 0.00223433 -0.002175 
0.00140756 -2.46233e-005 -0.0016561 -0.000156777 -0.00178047 -0.000398283 -0.00102121 0.0006 
-0.000955753 0.00168375 0.000960173 -0.00303611 0.000292849 0.00312715 0.00237035 -0.0003 
-0.0033243 0.001891 0.00371139 -0.00104007 0.00254618 0.00294953 0.00492838 0.0024 
0.00212686 0.00127715 0.00167982 -0.00201671 0.000324291 0.00259468 0.00105706 0.002325 
-0.000855362 0.00418751 0.00650059 0.00253265 0.00627936 0.00632011 0.00494791 -0.00045 
0.00371496 0.00315715 0.0138286 -0.00200519 0.00704985 0.0106669 0.0055466 0.00345 
0.00285386 0.00655727 0.0131732 0.00551008 0.0135337 0.0163308 0.00934064 -0.0021 
0.00387553 0.00797299 0.0234729 0.00411478 0.0208729 0.0198703 0.0117555 -0.001575 
0.00476599 0.014024 0.0298598 0.00438977 0.0180463 0.0211984 0.0126738 0.000825 
0.00101493 0.0115365 0.0299105 0.0017429 0.0235335 0.0279742 0.0179642 -0.001125 
0.00453083 0.014617 0.0354812 0.00597528 0.0253283 0.0290693 0.0212444 0 
0.00751109 0.0196413 0.0359545 0.00365307 0.0296552 0.0309142 0.0192652 0.001725 
0.00346109 0.0160413 0.0395545 0.00462807 0.0270302 0.0288142 0.0218902 0.0012 
0.00573083 0.018592 0.0373561 0.00515028 0.0314033 0.0319943 0.0196694 -0.00045 
0.00746493 0.0107865 0.0305105 0.0072179 0.0218835 0.0301492 0.0163142 0.000675 
0.00709099 0.011174 0.0291848 0.00738977 0.0249463 0.0203734 0.0176988 0.00315 
0.00237553 0.00894799 0.0234729 0.00253978 0.0198979 0.0180703 0.0158805 -0.000825 
0.000528864 0.00828227 0.0199982 -0.00116492 0.0163087 0.0114558 0.0121906 0.000225 
0.000564964 0.00503215 0.00895359 0.00174481 0.00884985 0.0134419 0.0051716 -0.00195 
0.00416964 0.00321251 0.0107006 0.00425765 0.00432936 0.00714511 0.00449791 0.0003 
-0.00274814 -0.00112285 0.00812982 -0.000291707 0.00684929 0.00619468 0.00195706 -0.003 
-0.0031743 0.004366 0.00393639 0.00225993 -0.000228818 0.00572453 0.00297838 -0.000375 
0.000469247 -0.000791253 0.000735173 -0.00198611 -0.00210715 0.00440215 0.000945354 -7.5e-005 
0.00328256 0.00192538 0.0013439 0.00359322 0.000619534 0.00267672 0.00377879 0.0027 
0.00246145 0.000201789 0.00169522 -0.00190638 -0.00339205 -0.00246824 0.00363177 -0.002775 
-0.00205532 -0.00290697 0.00119348 0.000373193 0.00129719 -0.00300644 0.00402512 0.0018 
-0.00232949 -0.00295085 0.00330802 0.00463897 -0.00111545 -0.00163 -0.00162854 -0.0021 
-0.00201567 0.00448713 0.00120335 0.00303011 0.00448885 -0.00113722 0.00430603 0.00135 
0.00400865 0.0019309 0.00448341 0.00532004 0.00714124 0.00536178 -0.000727108 -0.0024 
0.000763256 0.00167041 0.00675849 0.00664522 0.00935695 0.0069649 0.00697971 0.002775 
-0.000341985 0.00276309 0.00997107 0.00517379 0.0108185 0.0119084 0.00849274 -0.003375 
0.00360982 0.00923232 0.0132408 0.00912034 0.0147786 0.00896708 0.0088781 0.0006 
0.00178636 0.00912195 0.0164215 0.0154186 0.019249 0.019615 0.0100257 0.003075 
0.00477986 0.0114673 0.0241432 0.0122659 0.0164682 0.0212183 0.0113192 -0.0036 
0.0011133 0.0122654 0.0256042 0.0164258 0.0236126 0.0225984 0.0128868 -0.001875 
0.00570406 0.0157449 0.0270644 0.0156119 0.0274509 0.0239171 0.0159581 0.002025 
0.00835708 0.0173259 0.0350948 0.023318 0.0251748 0.0317141 0.0211404 -0.0027 
0.00355708 0.0139509 0.0287948 0.018743 0.0263748 0.0314891 0.0222654 -0.0027 
0.00772906 0.0113949 0.0293144 0.0206369 0.0289509 0.0301421 0.0194831 -0.00195 
0.000438295 0.0125654 0.0276292 0.0156758 0.0221876 0.0274734 0.0137868 -0.0012 
0.000429857 0.0101923 0.0257182 0.0178909 0.0217182 0.0190433 0.0143942 0.0018 
0.00058636 0.00702195 0.0185965 0.0115936 0.018649 0.014215 0.0138507 0.00165 
0.000759824 0.00465732 0.0163908 0.0113703 0.0123786 0.0131671 0.0087281 0.000675 
0.00318301 0.00381309 0.00959607 0.00314879 0.00909346 0.00770845 0.00324274 -0.001275 
0.00203826 0.00234541 0.00368349 0.00214522 0.00883195 0.0047899 0.000979714 0.0015 
-4.13493e-005 -0.000319104 0.00125841 -0.000229961 0.00106624 0.00536178 0.00129789 0.002775 
-0.00254067 0.00366213 0.00322835 -0.000794887 0.00508885 0.00268778 0.00123103 0.003525 
0.00044551 -0.00085085 -0.000666978 -0.00181103 0.00173455 -0.000805003 -0.00185354 -0.0024 
0.00146968 -0.00028197 0.00366848 -0.00217681 -0.00222781 0.00366856 0.000950122 0.002025 
23.5
0 0 0 
0 0 0 
-0.68344 2.74577 1.22385 
-0.0891838 2.20457 0.89833 
-0.286336 -0.274006 0.531418 
0.0846679 0.717211 0.272696 
-0.0477893 0.327361 0.384189 
0.081874 0.584964 0.246966 
0.0447575 0.487677 0.243402 
0.0418241 0.250183 0.256252 
0.015332 0.680404 0.349798 
0.0438565 0.505646 0.303265 
0.0249195 0.351368 0.200051 
0.0327258 0.483022 0.309196 
0.034359 0.418071 0.222112 
0.0580559 0.455622 0.296307 
0.0627006 0.390162 0.204022 
0.0278531 0.605194 0.287352 
-0.0172326 0.55685 0.274039 
0.0398734 0.697817 0.299828 
0.111129 0.0646985 0.277508 
-0.0153788 1.44822 0.701347 
0.142473 1.07236 0.73612 
-1.19114 5.38131 5.10485 
0.208664 0.131649 0.114513 
-8.52791 -30.9392 39.9363 
0 0 0 
0 0 0 
0.210973 0.766012 1.0605 
0.193323 -0.170343 0.393347 
0.169785 0.813431 0.360495 
0.106052 0.935568 0.385922 
0.134465 0.247868 0.104256 
0.168255 0.529602 0.235273 
0.120654 0.309311 0.235735 
0.143448 0.471545 0.210452 
0.118765 0.361296 0.143115 
0.143827 0.352854 0.228784 
0.129106 0.611548 0.266345 
0.139768 0.490296 0.209038 
0.130897 0.537925 0.281388 
0.163556 0.508243 0.245142 
0.137181 0.641696 0.242684 
0.168569 0.547236 0.303775 
0.079144 0.187687 0.112043 
0.0864521 0.27653 0.348654 
-0.0273962 1.80933 0.859229 
-0.0632742 0.893679 0.525892 
0 0 0 
-0.429329 0.0879832 2.04455 
-0.0243122 0.613994 0.40475 
0.0358675 0.449188 0.276712 
0.0381429 0.602652 0.334343 
0.157644 0.490207 0.396504 
0.132352 0.447825 0.22498 
0.105486 0.644092 0.341845 
