0
003
0
0
0
0
0
0
0
0
-1
0
0
-0.000507 0 0 0 0 
-0.017577 0 0 0 0 
-0.007401 0 0 0 0 
-0.005759 0 0 0 0 
-0.010355 0 0 0 0 
-0.001164 0 0 0 0 
-1.73147 0 0 0 0 
-1.76758 0 0 0 0 
0 0 0 0 0 
0 0 0 0 0 
0 0 0 0 0 
0 0 0 0 0 
0 0 0 0 0 
0 0 0 0 0 
0 0 0 0 0 
0 0 0 0 0 
-0.000672079 -0.000210995 -0.00126894 -0.000229611 -0.00304681 -0.00357856 0.00195618 -0.002175 
0.00128069 -0.000422723 -0.00261319 0.00334302 -0.0024951 -0.00115825 -0.00156296 0.0006 
-0.00118952 0.000950257 -0.000803244 0.00341218 -0.00102384 0.00172693 0.00137218 -0.0003 
-0.00373173 0.000612594 0.000637919 0.0101987 0.000251305 0.000509075 0.00318866 0.0024 
0.00145512 -0.000830582 -0.00338748 0.0165129 -0.00345932 -0.00142895 -0.00181125 0.002325 
-0.00190302 0.000900238 -0.0014025 0.0314319 0.000378349 4.47596e-005 0.000474422 -0.00045 
0.00216931 -0.0016927 0.00216885 0.0406311 -0.00165616 0.00140864 -0.00105332 0.00345 
0.000696733 -0.000211234 -0.00309924 0.0650138 0.00138345 0.00340986 0.000129711 -0.0021 
0.00102771 -0.00096274 0.00199004 0.0826711 0.00483233 0.00281215 -0.000404742 -0.001575 
0.00120949 0.00286462 0.003031 0.102495 -0.00198601 -0.000104637 -0.00251249 0.000825 
-0.00318659 -0.00164671 -0.00178397 0.11764 -0.000131893 0.00280762 2.37225e-005 -0.001125 
-0.000164449 -0.000115554 6.19836e-005 0.135493 -0.00111823 0.000945105 0.00119558 0 
0.00254758 0.00406711 -0.00148805 0.14057 0.00169784 0.00118337 -0.00192897 0.001725 
-0.00150242 0.000467114 0.00211195 0.141545 -0.000927161 -0.000916626 0.000696035 0.0012 
0.00103555 0.00385945 0.00193698 0.134668 0.00495677 0.00387011 -0.00037942 -0.00045 
0.00326341 -0.00239671 -0.00118397 0.123115 -0.00178189 0.00498262 -0.00162628 0.000675 
0.00353449 1.46205e-005 0.002356 0.105495 0.00491399 -0.000929637 0.00251251 0.00315 
-0.000472294 1.22602e-005 0.00199004 0.0810961 0.00385733 0.00101215 0.00372026 -0.000825 
-0.00162827 0.00151377 0.00372576 0.0583388 0.00415845 -0.00146514 0.00297971 0.000225 
-0.000980688 0.000182303 -0.00270615 0.0443811 0.000143844 0.00418364 -0.00142832 -0.00195 
0.00312198 -7.4762e-005 0.0027975 0.0331569 -0.00157165 0.00086976 2.44223e-005 0.0003 
-0.00341988 -0.00323058 0.00306252 0.0182379 0.00306568 0.00217105 -0.000911252 -0.003 
-0.00358173 0.00308759 0.000862919 0.0134987 -0.00252369 0.00328408 0.00123866 -0.000375 
0.000235483 -0.00152474 -0.00102824 0.00446218 -0.00342384 0.00300193 -5.28159e-005 -7.5e-005 
0.00315569 0.00152728 0.000386808 0.00709302 -9.50979e-005 0.00191675 0.00323704 0.0027 
0.00240289 9.3175e-006 0.00131131 -0.000318 -0.00372207 -0.00283957 0.00338031 -0.002775 
-0.00216936 -0.00328185 0.000445715 0.00346694 0.000654398 -0.00372969 0.00353533 0.0018 
-0.00253962 -0.00364156 0.00193029 0.0103391 -0.00229977 -0.00296257 -0.00253096 -0.0021 
-0.0023819 0.00328328 -0.00119791 0.012965 0.00242469 -0.00345977 0.00273319 0.00135 
0.00340484 -5.39155e-005 0.000524402 0.0216999 0.00373801 0.00153254 -0.00332029 -0.0024 
-0.000178458 -0.00142514 0.000583927 0.0321916 0.00404918 0.000992729 0.00293533 0.002775 
-0.00173133 -0.00180391 0.000861491 0.0428634 0.0029877 0.00309746 0.0025259 -0.003375 
0.00167083 0.00285855 0.000527307 0.0617204 0.00384987 -0.00332964 0.000550702 0.0006 
-0.000773486 0.00070735 -0.000362722 0.0848608 0.00482101 0.00338094 -0.000968039 0.003075 
0.001583 0.000958718 0.00318227 0.0989888 -0.00155015 0.000944395 -0.00241032 -0.0036 
-0.00266335 -0.00014902 0.000841775 0.118877 0.0023264 -0.00135234 -0.00333278 -0.001875 
0.00148359 0.00187161 -0.000608022 0.130103 0.0036631 -0.00284829 -0.00216756 0.002025 
0.0038955 0.00265997 0.00584148 0.144349 2.81022e-005 0.00341965 0.00197929 -0.0027 
-0.000904497 -0.000715026 -0.000458519 0.139774 0.0012281 0.00319465 0.00310429 -0.0027 
0.00350859 -0.00247839 0.00164198 0.135128 0.0051631 0.00337671 0.00135744 -0.00195 
-0.00333835 0.00015098 0.00286678 0.118127 0.0009014 0.00352266 -0.00243278 -0.0012 
-0.002767 -0.000316282 0.00475727 0.104614 0.00369985 -0.00123061 0.000664684 0.0018 
-0.00197349 -0.00139265 0.00181228 0.0810358 0.00422101 -0.00201906 0.00285696 0.00165 
-0.00117917 -0.00171645 0.00367731 0.0639704 0.00144987 0.000870355 0.000400702 0.000675 
0.00179367 -0.000753912 0.000486491 0.0408384 0.0012627 -0.00110254 -0.0027241 -0.001275 
0.00109654 -0.000750144 -0.00249107 0.0276916 0.00352418 -0.00118227 -0.00306467 0.0015 
-0.000645158 -0.00230392 -0.0027006 0.0161499 -0.00233699 0.00153254 -0.00129529 0.002775 
-0.0029069 0.00245828 0.000827087 0.00913998 0.00302469 0.000365229 -0.000341814 0.003525 
0.000235385 -0.00154156 -0.00204471 0.00388913 0.000550226 -0.00213757 -0.00275596 -0.0024 
0.00135564 -0.000656852 0.00292072 0.000916942 -0.0028706 0.00294531 0.000460334 0.002025 
23.5
0 0 0 
0 0 0 
0.767655 2.02879 0.800678 
0.874185 1.72866 0.635194 
2.3421 -1.56978 0.558343 
1.05039 0.240682 0.167549 
0.967966 -0.173677 0.241782 
0.965699 0.148891 0.128794 
0.898933 0.0662716 0.0875284 
0.976171 -0.210687 0.11151 
1.03445 0.177552 0.0819251 
0.994098 0.03684 0.0264195 
0.958548 -0.109181 0.0719147 
1.0005 0.00557544 0.0468024 
0.898101 -0.00802823 0.0296465 
0.989892 -0.00408714 0.103455 
0.894806 -0.0203266 0.0383745 
0.889057 0.180284 0.0773959 
0.862705 0.122722 0.118592 
1.01383 0.217239 0.166735 
0.86517 -0.30719 0.219476 
0.961132 0.966105 0.417034 
0.850766 0.722749 0.529636 
2.67205 3.46888 4.31785 
0.41187 0.0314198 0.0553222 
-1.4185 -34.7885 39.5202 
0 0 0 
0 0 0 
0.902442 0.381564 1.07755 
0.788356 -0.500949 0.41871 
0.82228 0.450645 0.229811 
0.878336 0.506154 0.231243 
0.909686 -0.182971 0.156687 
0.925762 0.108516 0.0878394 
0.973373 -0.164617 0.0859424 
1.03779 -0.0255816 0.0293099 
0.989396 -0.122604 0.0961402 
0.890093 -0.0619255 0.0523469 
0.962479 0.14827 0.0661401 
0.914897 0.0594316 0.0780474 
0.986054 0.0625614 0.0521099 
0.956061 0.0677105 0.0493817 
0.95854 0.185085 0.0930389 
0.948089 0.113909 0.0947655 
1.02607 -0.338546 0.141772 
1.11551 -0.295383 0.42735 
1.9225 0.724501 0.577372 
0.727326 0.454123 0.545554 
0 0 0 
0.180803 -0.250991 2.02875 
1.15363 0.0329089 0.275814 
0.978823 -0.0160022 0.0673819 
0.925227 0.164964 0.163009 
0.885748 0.0854775 0.326827 
0.964869 -0.0149236 0.0657195 
1.1304 0.0742626 0.205113 
