0
003
0
0
0
0
0
0
0
0
1
0
0
-0.009699 0 0 0 0 
-0.023814 0 0 0 0 
-0.011996 0 0 0 0 
-0.010027 0 0 0 0 
-0.014951 0 0 0 0 
-0.010027 0 0 0 0 
-1.25154 0 0 0 0 
-1.14026 0 0 0 0 
0 0 0 0 0 
0 0 0 0 0 
0 0 0 0 0 
0 0 0 0 0 
0 0 0 0 0 
0 0 0 0 0 
0 0 0 0 0 
0 0 0 0 0 
-0.00061186 -1.86844e-005 -0.000836818 -0.0018805 -0.00270754 -0.00320995 0.00221387 -0.002175 
0.00139798 -4.81522e-005 -0.00177154 0.000127536 -0.00183428 -0.000440287 -0.00106105 0.0006 
-0.000973413 0.0016404 0.000747483 -0.00251227 0.000193705 0.00304975 0.00229695 -0.0003 
-0.00335508 0.00181544 0.0033407 -0.000127066 0.00237338 0.00281464 0.00480044 0.0024 
0.00207611 0.00115258 0.00106864 -0.000511415 3.93924e-005 0.00237229 0.000846117 0.002325 
-0.000934507 0.00399322 0.00554738 0.00488034 0.00583503 0.00597326 0.00461892 -0.00045 
0.0035982 0.00287051 0.0124223 0.00145845 0.0063943 0.0101552 0.00506123 0.00345 
0.0026909 0.00615723 0.0112106 0.010344 0.0126188 0.0156167 0.00866324 -0.0021 
0.0036604 0.00744486 0.0208818 0.0104965 0.0196651 0.0189275 0.0108612 -0.001575 
0.00449732 0.0133644 0.0266239 0.0123595 0.0165379 0.020021 0.0115569 0.000825 
0.000697524 0.0107574 0.0260878 0.011158 0.0217515 0.0265832 0.0166448 -0.001125 
0.00417612 0.0137462 0.0312092 0.0164969 0.0233369 0.0275148 0.0197699 0 
0.00713612 0.0187208 0.0314385 0.0147758 0.02755 0.0292709 0.0177065 0.001725 
0.00308612 0.0151208 0.0350385 0.0157508 0.024925 0.0271709 0.0203315 0.0012 
0.00537612 0.0177212 0.0330842 0.0156719 0.0294119 0.0304398 0.0181949 -0.00045 
0.00714752 0.0100074 0.0266878 0.016633 0.0201015 0.0287582 0.0149948 0.000675 
0.00682232 0.0105144 0.0259489 0.0153595 0.0234379 0.019196 0.0165819 0.00315 
0.0021604 0.00841986 0.0208818 0.00892146 0.0186901 0.0171275 0.0149862 -0.000825 
0.000365904 0.00788223 0.0180356 0.00366898 0.0153938 0.0107417 0.0115132 0.000225 
0.000448198 0.00474551 0.00754729 0.00520845 0.0081943 0.0129302 0.00468623 -0.00195 
0.00409049 0.00301822 0.00974738 0.00660534 0.00388503 0.00679826 0.00416892 0.0003 
-0.00279889 -0.00124742 0.00751864 0.00121358 0.00656439 0.00597229 0.00174612 -0.003 
-0.00320508 0.00429044 0.0035657 0.00317293 -0.000401617 0.00558964 0.00285044 -0.000375 
0.000451587 -0.000834604 0.000522483 -0.00146227 -0.0022063 0.00432475 0.000871946 -7.5e-005 
0.00327298 0.00190185 0.00122846 0.00387754 0.000565724 0.00263471 0.00373895 0.0027 
0.00245362 0.000179781 0.00161923 -0.00168255 -0.00343609 -0.00250911 0.00359876 -0.002775 
-0.00207057 -0.00294983 0.00104547 0.000809156 0.00121141 -0.00308604 0.00396082 0.0018 
-0.00235759 -0.00302983 0.00303533 0.00544222 -0.0012735 -0.00177667 -0.00174701 -0.0021 
-0.00206465 0.00434948 0.000728076 0.00443011 0.00421339 -0.00139285 0.00409955 0.00135 
0.0039279 0.00170395 0.00369982 0.00762824 0.00668709 0.00494033 -0.00106754 -0.0024 
0.000637319 0.00131646 0.00553639 0.0102451 0.00864864 0.00630759 0.00644877 0.002775 
-0.000527785 0.00224089 0.00816806 0.0104849 0.00977346 0.0109387 0.00770941 -0.003375 
0.00335052 0.00850353 0.0107244 0.0165326 0.0133202 0.00761367 0.00778488 0.0006 
0.00144403 0.00815981 0.0130995 0.0252042 0.0173236 0.0178282 0.00858247 0.003075 
0.00435234 0.0102657 0.0199945 0.0244867 0.0140637 0.0189869 0.00951682 -0.0036 
0.000608238 0.0108459 0.0207031 0.0308629 0.020772 0.0199623 0.0107575 -0.001875 
0.00513965 0.0141586 0.0215874 0.0317456 0.0242764 0.0209712 0.0135786 0.002025 
0.00776043 0.0156489 0.0293048 0.0403734 0.021819 0.0286 0.018625 -0.0027 
0.00296043 0.0122739 0.0230048 0.0357984 0.023019 0.028375 0.01975 -0.0027 
0.00716465 0.00980863 0.0238374 0.0367706 0.0257764 0.0271963 0.0171036 -0.00195 
-6.67619e-005 0.0111459 0.0227281 0.0301129 0.019347 0.0248373 0.0116575 -0.0012 
2.33536e-006 0.00899071 0.0215695 0.0301117 0.0193137 0.0168119 0.0125918 0.0018 
0.000244027 0.00605981 0.0152745 0.0213792 0.0167236 0.0124282 0.0124075 0.00165 
0.000500519 0.00392853 0.0138744 0.0187826 0.0109202 0.0118137 0.00763488 0.000675 
0.00299721 0.00329089 0.00779306 0.00845992 0.00804846 0.00673868 0.00245941 -0.001275 
0.00191232 0.00199146 0.00246139 0.00574515 0.00812364 0.00413259 0.000448769 0.0015 
-0.000122098 -0.000546052 0.000474823 0.00207824 0.000612089 0.00494033 0.00095746 0.002775 
-0.00258965 0.00352448 0.00275308 0.00060511 0.00481339 0.00243215 0.00102455 0.003525 
0.000417409 -0.000929828 -0.000939665 -0.00100778 0.0015765 -0.000951669 -0.00197201 -0.0024 
0.00145443 -0.000324834 0.00352048 -0.00174084 -0.00231359 0.00358896 0.000885823 0.002025 
23.5
0 0 0 
0 0 0 
-0.565497 2.71823 1.17803 
-0.0108953 2.1863 0.867916 
-0.0726058 -0.323667 0.493909 
0.163148 0.698945 0.261456 
0.0347581 0.308161 0.352136 
0.153696 0.568251 0.250217 
0.11417 0.471527 0.216452 
0.117754 0.232523 0.226771 
0.0981529 0.661128 0.31764 
0.121078 0.487679 0.273282 
0.100791 0.33372 0.170595 
0.111373 0.464724 0.278659 
0.104549 0.401743 0.194861 
0.133781 0.438005 0.266905 
0.130319 0.374432 0.17777 
0.0978367 0.588908 0.260179 
0.0542738 0.540212 0.246276 
0.119023 0.679396 0.298667 
0.172402 0.0504519 0.253717 
0.0639782 1.42973 0.670523 
0.200028 1.05896 0.713763 
-0.876876 5.30765 4.98232 
0.225174 0.12781 0.108104 
-7.52376 -31.2911 39.75 
0 0 0 
0 0 0 
0.308437 0.73057 1.07162 
0.277191 -0.200812 0.407673 
0.261754 0.779985 0.355511 
0.214909 0.895977 0.380022 
0.243737 0.208155 0.116762 
0.275029 0.490784 0.229492 
0.240853 0.265623 0.194915 
0.269517 0.425716 0.168844 
0.24149 0.316688 0.136475 
0.249016 0.31462 0.193061 
0.246577 0.568838 0.226646 
0.249026 0.450577 0.198199 
0.25144 0.494101 0.24045 
0.275265 0.467632 0.207204 
0.252958 0.5996 0.236415 
0.278447 0.507289 0.266456 
0.212627 0.139178 0.106591 
0.231516 0.223808 0.373436 
0.247563 1.70924 0.798495 
0.0481656 0.853153 0.538627 
0 0 0 
-0.343333 0.0567409 2.03464 
0.071432 0.59172 0.381266 
0.112497 0.43136 0.246959 
0.11023 0.585876 0.310577 
0.260273 0.452897 0.393714 
0.249703 0.405166 0.194084 
0.249974 0.591549 0.318435 
