0
003
0
0
0
0
0
0
0
0
1
0
0
0.00015 0 0 0 0 
-0.015936 0 0 0 0 
-0.005759 0 0 0 0 
-0.003461 0 0 0 0 
-0.005431 0 0 0 0 
0.006715 0 0 0 0 
-1.28995 0 0 0 0 
-1.38482 0 0 0 0 
0 0 0 0 0 
0 0 0 0 0 
0 0 0 0 0 
0 0 0 0 0 
0 0 0 0 0 
0 0 0 0 0 
0 0 0 0 0 
0 0 0 0 0 
-0.000664943 -0.000183333 -0.00124996 -0.000410287 -0.00300649 -0.0035234 0.00198752 -0.002175 
0.00129459 -0.000368844 -0.00257623 0.00299111 -0.00241657 -0.0010508 -0.00150192 0.0006 
-0.00116391 0.00104953 -0.000735136 0.0027638 -0.000879151 0.00192489 0.00148465 -0.0003 
-0.0036871 0.000785615 0.000756625 0.00906865 0.000503493 0.000854107 0.00338469 0.0024 
0.00152871 -0.000545319 -0.00319177 0.0146498 -0.00304353 -0.000860086 -0.00148806 0.002325 
-0.00178825 0.00134514 -0.00109726 0.0285261 0.00102682 0.000931969 0.000978475 -0.00045 
0.00233863 -0.00103631 0.00261918 0.0363439 -0.00069944 0.00271757 -0.000309669 0.00345 
0.000933039 0.000704822 -0.00247075 0.0590306 0.00271865 0.00523663 0.00116756 -0.0021 
0.00133968 0.000246631 0.00281977 0.0747722 0.00659506 0.00522384 0.000965415 -0.001575 
0.00159909 0.00437494 0.0040672 0.0926302 0.000215374 0.00290719 -0.00080137 0.000825 
-0.00272633 0.000137526 -0.000559848 0.105987 0.00246873 0.00636568 0.00204517 -0.001125 
0.000349902 0.00187836 0.00142996 0.12247 0.00178802 0.0049213 0.00345459 0 
0.00309131 0.00617494 -4.19228e-005 0.126802 0.00477011 0.00538672 0.000459093 0.001725 
-0.000958686 0.00257494 0.00355808 0.127777 0.00214511 0.00328672 0.00308409 0.0012 
0.0015499 0.00585336 0.00330496 0.121645 0.00786301 0.0078463 0.00187959 -0.00045 
0.00372367 -0.000612474 4.01525e-005 0.111462 0.00081873 0.00854068 0.00039517 0.000675 
0.00392409 0.00152494 0.0033922 0.0956302 0.00711537 0.00208219 0.00422363 0.00315 
-0.000160325 0.00122163 0.00281977 0.0731972 0.00562006 0.00342384 0.00509041 -0.000825 
-0.00139196 0.00242982 0.00435425 0.0523556 0.00549365 0.000361628 0.00401756 0.000225 
-0.000811367 0.000838686 -0.00225582 0.0400939 0.00110056 0.00549257 -0.000684669 -0.00195 
0.00323675 0.000370141 0.00310274 0.0302511 -0.00092318 0.00175697 0.000528475 0.0003 
-0.00334629 -0.00294532 0.00325823 0.0163748 0.00348147 0.00273991 -0.000588064 -0.003 
-0.0035371 0.00326061 0.000981624 0.0123686 -0.00227151 0.00362911 0.00143469 -0.000375 
0.000261091 -0.00142547 -0.000960136 0.0038138 -0.00327915 0.00319989 5.96534e-005 -7.5e-005 
0.00316959 0.00158116 0.000423773 0.00674111 -1.65659e-005 0.0020242 0.00329808 0.0027 
0.00240395 1.86436e-005 0.00127945 -0.000328601 -0.00371599 -0.00281907 0.0033858 -0.002775 
-0.00216731 -0.00326369 0.000383661 0.00344629 0.000666236 -0.00368977 0.00354604 0.0018 
-0.00253583 -0.00360809 0.00181596 0.0103011 -0.00227796 -0.00288902 -0.00251124 -0.0021 
-0.0023753 0.00334161 -0.00139719 0.0128987 0.0024627 -0.00333157 0.00276756 0.00135 
0.00341572 4.2258e-005 0.000195857 0.0215905 0.00380069 0.00174391 -0.00326361 -0.0024 
-0.000161499 -0.00127515 7.15193e-005 0.0320211 0.00414694 0.00132238 0.00302373 0.002775 
-0.00170631 -0.00158262 0.000105515 0.0426118 0.00313192 0.0035838 0.0026563 -0.003375 
0.00170575 0.00316739 -0.000527741 0.0613694 0.00405115 -0.0026509 0.000732701 0.0006 
-0.000727386 0.00111508 -0.00175559 0.0843973 0.00508674 0.00427701 -0.000727765 0.003075 
0.00164057 0.00146791 0.00144279 0.09841 -0.00121829 0.00206346 -0.00211025 -0.0036 
-0.00259534 0.000452516 -0.00121318 0.118193 0.00271844 -3.03229e-005 -0.00297829 -0.001875 
0.00155959 0.00254383 -0.00290447 0.129339 0.00410121 -0.00137091 -0.00177142 0.002025 
0.00397585 0.0033706 0.00341384 0.143542 0.000491246 0.00498143 0.00239806 -0.0027 
-0.000824149 -4.39495e-006 -0.00288616 0.138967 0.00169125 0.00475643 0.00352306 -0.0027 
0.00358459 -0.00180617 -0.000654473 0.134364 0.00560121 0.00485409 0.00175358 -0.00195 
-0.00327034 0.000752516 0.000811821 0.117443 0.00129344 0.00484468 -0.00207829 -0.0012 
-0.00270943 0.000192908 0.00301779 0.104035 0.00403171 -0.000111542 0.00096475 0.0018 
-0.00192739 -0.000984923 0.00041941 0.0805723 0.00448674 -0.00112299 0.00309723 0.00165 
-0.00114425 -0.00140761 0.00262226 0.0636194 0.00165115 0.0015491 0.000582701 0.000675 
0.00181869 -0.000532619 -0.000269485 0.0405868 0.00140692 -0.000616199 -0.0025937 -0.001275 
0.0011135 -0.00060015 -0.00300348 0.0275211 0.00362194 -0.000852623 -0.00297627 0.0015 
-0.000634284 -0.00220774 -0.00302914 0.0160405 -0.00227431 0.00174391 -0.00123861 0.002775 
-0.0029003 0.00251661 0.000627814 0.00907368 0.0030627 0.000493428 -0.000307439 0.003525 
0.000239169 -0.00150809 -0.00215904 0.00385109 0.000572039 -0.00206402 -0.00273624 -0.0024 
0.00135769 -0.000638687 0.00285866 0.000896295 -0.00285876 0.00298523 0.000471039 0.002025 
23.5
0 0 0 
0 0 0 
0.621823 2.14918 0.825244 
0.777352 1.8086 0.633753 
2.07807 -1.35206 0.493607 
0.953317 0.320754 0.177255 
0.86587 -0.0894782 0.231592 
0.876859 0.22217 0.147885 
0.813072 0.137088 0.0992443 
0.882254 -0.133235 0.0735293 
0.932016 0.262047 0.12336 
0.898584 0.115619 0.0477334 
0.864703 -0.0317851 0.0561397 
0.903227 0.0858071 0.0435967 
0.811279 0.0635779 0.045889 
0.896228 0.0731652 0.106621 
0.811164 0.048657 0.0388487 
0.80249 0.251686 0.11241 
0.774256 0.195674 0.127433 
0.915932 0.297991 0.185886 
0.789372 -0.244686 0.21191 
0.862979 1.0471 0.45675 
0.779566 0.781492 0.541622 
2.28416 3.7896 4.27977 
0.391439 0.048267 0.0587569 
-1.46584 -34.4616 39.3226 
0 0 0 
0 0 0 
0.897831 0.41361 1.09115 
0.784387 -0.473376 0.435446 
0.817929 0.480885 0.251812 
0.873185 0.541944 0.257281 
0.904516 -0.147047 0.167585 
0.920711 0.143621 0.109143 
0.967686 -0.125102 0.0689057 
1.03183 0.0158631 0.0418818 
0.98359 -0.0822595 0.108379 
0.885116 -0.0273431 0.0376833 
0.956921 0.18689 0.0942376 
0.909728 0.0953521 0.0998463 
0.980351 0.10219 0.0481301 
0.950776 0.104436 0.0456269 
0.953063 0.223148 0.109179 
0.94289 0.150033 0.0838082 
1.01976 -0.294667 0.155083 
1.10865 -0.247698 0.441817 
1.90951 0.814864 0.632212 
0.722054 0.490759 0.561091 
0 0 0 
0.176733 -0.222724 2.01677 
1.03526 0.130547 0.265266 
0.884042 0.062171 0.0709814 
0.83606 0.238512 0.177123 
0.880892 0.119219 0.340188 
0.959318 0.0236558 0.0712948 
1.12357 0.121758 0.216551 
