0
003
0
0
0
0
0
0
0
0
-1
0
0
-0.011668 0 0 0 0 
-0.025784 0 0 0 0 
-0.012981 0 0 0 0 
-0.010027 0 0 0 0 
-0.012653 0 0 0 0 
-0.005759 0 0 0 0 
-1.22265 0 0 0 0 
-1.17046 0 0 0 0 
0 0 0 0 0 
0 0 0 0 0 
0 0 0 0 0 
0 0 0 0 0 
0 0 0 0 0 
0 0 0 0 0 
0 0 0 0 0 
0 0 0 0 0 
-0.000609928 -1.36897e-005 -0.000815207 -0.00193704 -0.00269668 -0.00320089 0.00222194 -0.002175 
0.00140174 -3.84237e-005 -0.00172944 1.73985e-005 -0.00181314 -0.000422641 -0.00104532 0.0006 
-0.00096648 0.00165832 0.00082504 -0.0027152 0.000232656 0.00308227 0.00232592 -0.0003 
-0.003343 0.00184668 0.00347587 -0.000480747 0.00244127 0.00287131 0.00485093 0.0024 
0.00209604 0.00120409 0.00129151 -0.00109454 0.00015132 0.00246572 0.000929368 0.002325 
-0.000903434 0.00407355 0.00589497 0.00397089 0.00600959 0.00611897 0.00474876 -0.00045 
0.00364404 0.00298903 0.0129351 0.000116705 0.00665184 0.0103702 0.00525278 0.00345 
0.00275488 0.00632264 0.0119263 0.00847142 0.0129782 0.0159167 0.00893058 -0.0021 
0.00374486 0.00766323 0.0218266 0.00802432 0.0201396 0.0193236 0.0112141 -0.001575 
0.0046028 0.0136372 0.0278039 0.0092722 0.0171305 0.0205156 0.0119977 0.000825 
0.00082214 0.0110795 0.0274817 0.0075108 0.0224516 0.0271676 0.0171655 -0.001125 
0.00431538 0.0141063 0.0327669 0.012421 0.0241192 0.0281678 0.0203518 0 
0.00728334 0.0191014 0.0330853 0.010467 0.0283771 0.0299613 0.0183216 0.001725 
0.00323333 0.0155014 0.0366853 0.011442 0.0257521 0.0278613 0.0209466 0.0012 
0.00551538 0.0180813 0.0346419 0.011596 0.0301942 0.0310928 0.0187768 -0.00045 
0.00727214 0.0103295 0.0280817 0.0129858 0.0208016 0.0293426 0.0155155 0.000675 
0.0069278 0.0107872 0.0271289 0.0122722 0.0240305 0.0196906 0.0170227 0.00315 
0.00224486 0.00863823 0.0218266 0.00644932 0.0191646 0.0175236 0.0153391 -0.000825 
0.000429884 0.00804764 0.0187513 0.00179642 0.0157532 0.0110417 0.0117806 0.000225 
0.000494041 0.00486403 0.0080601 0.00386671 0.00845184 0.0131452 0.00487778 -0.00195 
0.00412157 0.00309855 0.010095 0.00569589 0.00405959 0.00694397 0.00429876 0.0003 
-0.00277896 -0.00119591 0.00774151 0.000630463 0.00667632 0.00606572 0.00182937 -0.003 
-0.00319299 0.00432168 0.00370087 0.00281925 -0.00033373 0.00564631 0.00290094 -0.000375 
0.00045852 -0.00081668 0.00060004 -0.0016652 -0.00216734 0.00435727 0.000900917 -7.5e-005 
0.00327674 0.00191158 0.00127056 0.0037674 0.000586864 0.00265236 0.00375468 0.0027 
0.00245644 0.000187863 0.00164555 -0.00176266 -0.00342023 -0.00249402 0.00361067 -0.002775 
-0.00206508 -0.00293409 0.00109673 0.000653128 0.0012423 -0.00305665 0.00398402 0.0018 
-0.00234747 -0.00300082 0.00312977 0.00515475 -0.00121658 -0.00172253 -0.00170426 -0.0021 
-0.00204701 0.00440003 0.000892676 0.00392906 0.0043126 -0.00129848 0.00417405 0.00135 
0.00395697 0.00178729 0.0039712 0.00680215 0.00685065 0.00509591 -0.0009447 -0.0024 
0.000682662 0.00144644 0.00595964 0.00895676 0.00890373 0.00655024 0.00664035 0.002775 
-0.00046089 0.00243266 0.00879249 0.0085841 0.0101498 0.0112967 0.00799206 -0.003375 
0.00344388 0.00877116 0.0115959 0.0138798 0.0138454 0.00811328 0.00817935 0.0006 
0.00156728 0.00851313 0.01425 0.021702 0.018017 0.0184878 0.00910325 0.003075 
0.00450626 0.010707 0.0214313 0.020113 0.0149297 0.0198106 0.0101672 -0.0036 
0.000790079 0.0113672 0.0224005 0.0256959 0.021795 0.0209354 0.0115258 -0.001875 
0.00534286 0.0147412 0.0234842 0.0259715 0.0254197 0.0220587 0.0144372 0.002025 
0.00797524 0.0162647 0.0313101 0.0342694 0.0230276 0.0297495 0.0195326 -0.0027 
0.00317524 0.0128897 0.0250101 0.0296944 0.0242276 0.0295245 0.0206576 -0.0027 
0.00736786 0.0103912 0.0257342 0.0309965 0.0269197 0.0282837 0.0179622 -0.00195 
0.000115079 0.0116672 0.0244255 0.0249459 0.02037 0.0258104 0.0124258 -0.0012 
0.00015626 0.00943196 0.0230063 0.025738 0.0201797 0.0176356 0.0132422 0.0018 
0.00036728 0.00641313 0.016425 0.017877 0.017417 0.0130878 0.0129282 0.00165 
0.000593879 0.00419616 0.0147459 0.0161298 0.0114454 0.0123133 0.00802935 0.000675 
0.00306411 0.00348266 0.00841749 0.0065591 0.00842481 0.00709667 0.00274206 -0.001275 
0.00195766 0.00212144 0.00288464 0.00445676 0.00837873 0.00437524 0.000640353 0.0015 
-9.30251e-005 -0.00046271 0.000746202 0.00125215 0.000775648 0.00509591 0.0010803 0.002775 
-0.00257201 0.00357503 0.00291768 0.000104061 0.0049126 0.00252652 0.00109905 0.003525 
0.000427527 -0.000900825 -0.000845225 -0.00129525 0.00163342 -0.000897527 -0.00192926 -0.0024 
0.00145992 -0.000309093 0.00357173 -0.00189687 -0.0022827 0.00361835 0.000909024 0.002025 
23.5
0 0 0 
0 0 0 
-0.611185 2.73104 1.19498 
-0.0412223 2.1948 0.879169 
-0.155397 -0.300551 0.506636 
0.132747 0.707446 0.261162 
0.00278137 0.317096 0.363996 
0.125874 0.576029 0.249948 
0.0872813 0.479043 0.226424 
0.0883404 0.240742 0.237679 
0.0660703 0.670098 0.329538 
0.0911644 0.49604 0.284375 
0.0714001 0.341934 0.181493 
0.080907 0.473239 0.289957 
0.0773591 0.409342 0.204943 
0.104447 0.446204 0.277784 
0.104125 0.381752 0.187483 
0.0707268 0.596487 0.270233 
0.026574 0.547955 0.256548 
0.0883623 0.687968 0.298371 
0.148666 0.0570828 0.262519 
0.0332374 1.43834 0.681928 
0.177733 1.06519 0.722035 
-0.998609 5.34188 5.02766 
0.218778 0.129597 0.110476 
-7.88306 -31.1575 39.8116 
0 0 0 
0 0 0 
0.273556 0.744006 1.06799 
0.247176 -0.18926 0.402978 
0.22884 0.792665 0.357834 
0.175951 0.910986 0.382772 
0.20463 0.223211 0.112678 
0.236817 0.5055 0.232187 
0.197836 0.282186 0.209179 
0.224399 0.44309 0.182599 
0.197569 0.3336 0.139571 
0.211371 0.329116 0.205544 
0.204536 0.58503 0.24039 
0.209925 0.465635 0.200957 
0.2083 0.510715 0.254755 
0.235286 0.483028 0.220461 
0.211523 0.61556 0.239337 
0.239124 0.522434 0.279496 
0.164856 0.157569 0.0991124 
0.179601 0.243796 0.365314 
0.149164 1.74718 0.805457 
0.00828322 0.868517 0.534469 
0 0 0 
-0.37411 0.0685857 2.03788 
0.0343436 0.602086 0.389288 
0.0828126 0.439657 0.257967 
0.0823056 0.593683 0.319267 
0.223544 0.467042 0.395089 
0.207705 0.421339 0.204714 
0.198265 0.611469 0.323419 
