0
003
0
0
0
0
0
0
0
0
-1
0
0
-0.004774 0 0 0 0 
-0.019547 0 0 0 0 
-0.008057 0 0 0 0 
-0.005431 0 0 0 0 
-0.008714 0 0 0 0 
-0.001164 0 0 0 0 
-1.24432 0 0 0 0 
-1.28306 0 0 0 0 
0 0 0 0 0 
0 0 0 0 0 
0 0 0 0 0 
0 0 0 0 0 
0 0 0 0 0 
0 0 0 0 0 
0 0 0 0 0 
0 0 0 0 0 
-0.000656908 -0.000176562 -0.00106741 -0.000688501 -0.00296167 -0.00351871 0.00201878 -0.002175 
0.00131024 -0.000355655 -0.00222067 0.00244922 -0.00232927 -0.00104167 -0.00144104 0.0006 
-0.00113507 0.00107383 -8.00385e-005 0.00176538 -0.000718308 0.00194172 0.00159683 -0.0003 
-0.00363684 0.000827966 0.0018984 0.0073285 0.000783827 0.000883433 0.0035802 0.0024 
0.00161157 -0.000475494 -0.0013093 0.0117807 -0.00258134 -0.000811736 -0.00116572 0.002325 
-0.00165902 0.00145404 0.00183869 0.0240515 0.00174767 0.00100738 0.0014812 -0.00045 
0.0025293 -0.000875648 0.0069507 0.0297424 0.000364055 0.00282882 0.000432028 0.00345 
0.00119914 0.00092905 0.00357437 0.0498174 0.00420288 0.00539189 0.00220268 -0.0021 
0.00169097 0.000542655 0.0108005 0.062609 0.00855452 0.00542882 0.00233197 -0.001575 
0.00203781 0.00474463 0.0140339 0.0774402 0.00266245 0.00316318 0.000905256 0.000825 
-0.00220804 0.000574263 0.0112144 0.0880418 0.00535961 0.00666809 0.00406131 -0.001125 
0.000929096 0.00236642 0.014588 0.102416 0.00501863 0.00525925 0.00570766 0 
0.0037036 0.00669088 0.0138678 0.105603 0.00818528 0.00574398 0.00284088 0.001725 
-0.000346404 0.00309088 0.0174678 0.106578 0.00556028 0.00364398 0.00546588 0.0012 
0.0021291 0.00634142 0.016463 0.101591 0.0110936 0.00818425 0.00413266 -0.00045 
0.00424196 -0.000175737 0.0118144 0.0935168 0.00370961 0.00884309 0.00241131 0.000675 
0.00436281 0.00189463 0.0133589 0.0804402 0.00956245 0.00233818 0.00593026 0.00315 
0.000190974 0.00151766 0.0108005 0.061034 0.00757952 0.00362882 0.00645697 -0.000825 
-0.00112586 0.00265405 0.0103994 0.0431424 0.00697788 0.000516892 0.00505268 0.000225 
-0.000620701 0.000999352 0.0020757 0.0334924 0.00216406 0.00560382 5.70275e-005 -0.00195 
0.00336598 0.000479042 0.00603869 0.0257765 -0.000202333 0.00183238 0.0010312 0.0003 
-0.00326343 -0.00287549 0.0051407 0.0135057 0.00394366 0.00278826 -0.000265724 -0.003 
-0.00348684 0.00330297 0.0021234 0.0106285 -0.00199117 0.00365843 0.0016302 -0.000375 
0.000289927 -0.00140117 -0.000305038 0.00281538 -0.00311831 0.00321672 0.000171827 -7.5e-005 
0.00318524 0.00159434 0.000779326 0.00619922 7.07311e-005 0.00203333 0.00335897 0.0027 
0.00242993 8.35205e-005 0.00158543 -0.00109626 -0.00357006 -0.00270265 0.00349398 -0.002775 
-0.00211671 -0.00313732 0.000979632 0.0019511 0.000950475 -0.00346301 0.00375673 0.0018 
-0.0024426 -0.00337527 0.00291402 0.00754623 -0.00175426 -0.00247122 -0.00212304 -0.0021 
-0.0022128 0.0037474 0.000516636 0.0080972 0.00337547 -0.00260338 0.00344416 0.00135 
0.00368363 0.000711285 0.00335122 0.0136742 0.00530559 0.00294449 -0.00214809 -0.0024 
0.000256351 -0.00023172 0.00499269 0.0196746 0.00649402 0.00319483 0.00476352 0.002775 
-0.00108984 -4.32038e-005 0.00736592 0.0243966 0.00659466 0.00634631 0.00522309 -0.003375 
0.0025661 0.00531582 0.00960497 0.035948 0.00888379 0.00120449 0.00431493 0.0006 
0.000408448 0.00395141 0.0116215 0.0508362 0.0114668 0.00936687 0.00400147 0.003075 
0.00305905 0.00501007 0.0181488 0.0564972 0.00674938 0.00841992 0.00379585 -0.0036 
-0.000919593 0.00463708 0.0185227 0.0686788 0.0121311 0.00747895 0.00399895 -0.001875 
0.00343227 0.00722017 0.0191507 0.0740057 0.0146201 0.00702085 0.00602578 0.002025 
0.00595551 0.00831408 0.026729 0.0850477 0.011611 0.0138526 0.0106407 -0.0027 
0.00115551 0.00493908 0.020429 0.0804727 0.012811 0.0136276 0.0117657 -0.0027 
0.00545727 0.00287017 0.0214007 0.0790307 0.0161201 0.0132458 0.00955078 -0.00195 
-0.00159459 0.00493708 0.0205477 0.0679289 0.0107061 0.012354 0.00489894 -0.0012 
-0.00129095 0.00373507 0.0197238 0.0621222 0.0119994 0.00624492 0.00687085 0.0018 
-0.000791552 0.00185141 0.0137965 0.0470112 0.0108668 0.00396687 0.00782647 0.00165 
-0.000283896 0.000740819 0.012755 0.038198 0.00648379 0.00540449 0.00416493 0.000675 
0.00243516 0.0010068 0.00699092 0.0223716 0.00486966 0.00214631 -2.69135e-005 -0.001275 
0.00153135 0.00044328 0.00191769 0.0151746 0.00596902 0.00101983 -0.00123648 0.0015 
-0.000366367 -0.00153871 0.000126217 0.00812425 -0.000769414 0.00294449 -0.000123092 0.002775 
-0.0027378 0.0029224 0.00254164 0.0042722 0.00397547 0.00122162 0.000369158 0.003525 
0.000332404 -0.00127527 -0.00106098 0.00109623 0.00109574 -0.00164622 -0.00234804 -0.0024 
0.00140829 -0.000512324 0.00345463 -0.000598901 -0.00257453 0.00321199 0.000681733 0.002025 
23.5
0 0 0 
0 0 0 
0.397221 2.09102 0.953586 
0.628221 1.76996 0.718965 
1.67133 -1.45791 0.622181 
0.803821 0.281949 0.122919 
0.708631 -0.130314 0.295161 
0.740038 0.18665 0.0905397 
0.68084 0.102757 0.0845287 
0.737614 -0.170802 0.134163 
0.774256 0.221094 0.160213 
0.751484 0.0774262 0.126505 
0.720174 -0.0693175 0.0510932 
0.753413 0.0469077 0.129173 
0.677567 0.0288594 0.0614648 
0.751976 0.0357095 0.152413 
0.682348 0.0152092 0.0492627 
0.669171 0.217078 0.127161 
0.638037 0.160311 0.173582 
0.765162 0.258854 0.122695 
0.672639 -0.275008 0.259101 
0.711813 1.0079 0.519587 
0.669913 0.753048 0.604272 
1.68653 3.63511 4.52232 
0.359977 0.0400989 0.0767256 
-4.89662 -33.6594 40.2254 
0 0 0 
0 0 0 
0.563688 0.496229 1.03494 
0.496841 -0.402378 0.364042 
0.502618 0.558853 0.241032 
0.499997 0.634234 0.276137 
0.529908 -0.0545025 0.0970154 
0.554661 0.234092 0.0999782 
0.555636 -0.0233016 0.152892 
0.599669 0.122659 0.123567 
0.562886 0.0216868 0.055702 
0.524498 0.0617614 0.156285 
0.554217 0.286429 0.185376 
0.535164 0.187921 0.133738 
0.567123 0.204318 0.1983 
0.567817 0.199083 0.168146 
0.556163 0.321258 0.161643 
0.566206 0.243135 0.228031 
0.562192 -0.181649 0.143813 
0.611404 -0.124866 0.297982 
0.967476 1.04802 0.669509 
0.340017 0.585225 0.496756 
0 0 0 
-0.118105 -0.149914 2.0667 
0.852928 0.0831841 0.295494 
0.738069 0.0242682 0.116432 
0.698735 0.202865 0.200543 
0.52905 0.206175 0.32372 
0.557028 0.123068 0.143694 
0.62834 0.244186 0.266775 
