0
003
0
0
0
0
0
0
0
0
-1
0
0
-0.002805 0 0 0 0 
-0.018234 0 0 0 0 
-0.006744 0 0 0 0 
-0.00379 0 0 0 0 
-0.007072 0 0 0 0 
-0.001492 0 0 0 0 
-1.28404 0 0 0 0 
-1.25023 0 0 0 0 
0 0 0 0 0 
0 0 0 0 0 
0 0 0 0 0 
0 0 0 0 0 
0 0 0 0 0 
0 0 0 0 0 
0 0 0 0 0 
0 0 0 0 0 
-0.000671096 -0.000213991 -0.00122129 -0.00027541 -0.00304142 -0.003587 0.00195938 -0.002175 
0.0012826 -0.000428558 -0.00252038 0.00325382 -0.00248459 -0.00117469 -0.00155674 0.0006 
-0.00118599 0.000939506 -0.000632249 0.00324783 -0.00100448 0.00169664 0.00138365 -0.0003 
-0.00372558 0.000593856 0.000935947 0.00991227 0.00028506 0.000456284 0.00320864 0.0024 
0.00146526 -0.000861476 -0.00289612 0.0160406 -0.00340367 -0.00151599 -0.00177832 0.002325 
-0.00188721 0.000852054 -0.00063615 0.0306953 0.000465146 -9.09882e-005 0.00052579 -0.00045 
0.00219263 -0.00176378 0.00329947 0.0395443 -0.0015281 0.00120836 -0.000977534 0.00345 
0.000729282 -0.000310444 -0.00152133 0.0634971 0.00156216 0.00313036 0.000235476 -0.0021 
0.00107068 -0.00109372 0.00407319 0.0806689 0.00506827 0.00244315 -0.000265111 -0.001575 
0.00126315 0.00270105 0.00563253 0.0999943 -0.00169135 -0.000565463 -0.00233811 0.000825 
-0.00312319 -0.00183994 0.00128938 0.114686 0.000216197 0.00226322 0.000229725 -0.001125 
-9.36008e-005 -0.000331497 0.00349651 0.132192 -0.000729234 0.000336726 0.00142579 0 
0.00262247 0.00383883 0.00214268 0.13708 0.00210906 0.000540239 -0.0016856 0.001725 
-0.00142753 0.000238834 0.00574268 0.138055 -0.000515941 -0.00155976 0.000939399 0.0012 
0.0011064 0.0036435 0.00537151 0.131367 0.00534577 0.00326173 -0.000149208 -0.00045 
0.00332681 -0.00258994 0.00188938 0.120161 -0.0014338 0.00443822 -0.00142027 0.000675 
0.00358815 -0.000148949 0.00495753 0.102994 0.00520865 -0.00139046 0.00268689 0.00315 
-0.000429323 -0.000118716 0.00407319 0.0790939 0.00409327 0.000643153 0.00385989 -0.000825 
-0.00159572 0.00141456 0.00530367 0.0568221 0.00433716 -0.00174464 0.00308548 0.000225 
-0.000957365 0.000111216 -0.00157553 0.0432943 0.000271899 0.00398336 -0.00135253 -0.00195 
0.00313779 -0.000122946 0.00356385 0.0324203 -0.00148485 0.000734012 7.57896e-005 0.0003 
-0.00340974 -0.00326148 0.00355388 0.0177656 0.00312133 0.00208401 -0.000878317 -0.003 
-0.00357558 0.00306886 0.00116095 0.0132123 -0.00248994 0.00323128 0.00125864 -0.000375 
0.00023901 -0.00153549 -0.000857249 0.00429783 -0.00340448 0.00297164 -4.13543e-005 -7.5e-005 
0.0031576 0.00152144 0.000479615 0.00700382 -8.45865e-005 0.00190031 0.00324326 0.0027 
0.00240997 2.57966e-005 0.00140243 -0.000530616 -0.00368237 -0.00281066 0.00340956 -0.002775 
-0.00215559 -0.00324976 0.0006232 0.00305282 0.000731723 -0.00367338 0.00359231 0.0018 
-0.00251423 -0.00358242 0.0022573 0.00957613 -0.0021573 -0.00285883 -0.00242598 -0.0021 
-0.00233766 0.00338635 -0.000627961 0.0116351 0.002673 -0.00327896 0.00291615 0.00135 
0.00347778 0.000116021 0.00146409 0.0195073 0.0041474 0.00183065 -0.00301862 -0.0024 
-6.47092e-005 -0.00116011 0.00204949 0.028772 0.00468769 0.00145767 0.00340582 0.002775 
-0.00156352 -0.00141289 0.0030237 0.0378184 0.00392971 0.0037834 0.00322002 -0.003375 
0.00190504 0.00340427 0.00354491 0.0546795 0.00516456 -0.00237233 0.00151943 0.0006 
-0.000464284 0.0014278 0.0036211 0.0755655 0.00655665 0.00464477 0.000310865 0.003075 
0.00196914 0.00185845 0.00815746 0.0873803 0.000617403 0.00252273 -0.000813157 -0.0036 
-0.00220717 0.000913882 0.00671927 0.105163 0.00488706 0.000512245 -0.00144596 -0.001875 
0.00199337 0.00305942 0.00596019 0.114777 0.00652468 -0.00076458 -5.9004e-005 0.002025 
0.00443441 0.00391564 0.0127849 0.128149 0.00305316 0.0056224 0.0042083 -0.0027 
-0.000365587 0.000540645 0.00648492 0.123574 0.00425316 0.0053974 0.0053333 -0.0027 
0.00401837 -0.00129058 0.00821019 0.119802 0.00802468 0.00546042 0.003466 -0.00195 
-0.00288217 0.00121388 0.00874427 0.104413 0.00346206 0.00538725 -0.000545959 -0.0012 
-0.00238086 0.000583446 0.00973246 0.0930053 0.0058674 0.000347732 0.00226184 0.0018 
-0.00166428 -0.000672205 0.0057961 0.0717405 0.00595665 -0.000755231 0.00413587 0.00165 
-0.000944961 -0.00117073 0.00669491 0.0569295 0.00276456 0.00182767 0.00136943 0.000675 
0.00196148 -0.000362892 0.0026487 0.0357934 0.00220471 -0.0004166 -0.00202998 -0.001275 
0.00121029 -0.000485107 -0.00102551 0.024272 0.00416269 -0.000717332 -0.00259418 0.0015 
-0.000572225 -0.00213398 -0.00176091 0.0139573 -0.0019276 0.00183065 -0.000993621 0.002775 
-0.00286266 0.00256135 0.00139704 0.00781013 0.003273 0.000546042 -0.000158845 0.003525 
0.000260766 -0.00148242 -0.0017177 0.00312613 0.000692696 -0.00203383 -0.00265098 -0.0024 
0.00136941 -0.000624755 0.0030982 0.000502823 -0.00279328 0.00300162 0.000517311 0.002025 
23.5
0 0 0 
0 0 0 
0.730686 1.99126 0.832189 
0.849637 1.70374 0.661955 
2.27516 -1.63784 0.624883 
1.02578 0.215687 0.148956 
0.942084 -0.199969 0.261341 
0.943177 0.126015 0.104246 
0.877166 0.0441629 0.0638038 
0.952362 -0.234873 0.135164 
1.00848 0.151175 0.0750012 
0.969884 0.0122445 0.0470545 
0.934757 -0.133347 0.0520997 
0.975842 -0.019474 0.0736831 
0.876091 -0.030385 0.0110915 
0.966147 -0.0282066 0.121398 
0.873602 -0.0418648 0.0203051 
0.867112 0.157994 0.0555955 
0.840283 0.0999469 0.130236 
0.989011 0.192031 0.139684 
0.845954 -0.326709 0.233996 
0.936249 0.940837 0.437909 
0.832716 0.704419 0.54502 
2.5737 3.36903 4.39231 
0.406691 0.0261598 0.0597353 
-2.36774 -34.6223 39.8071 
0 0 0 
0 0 0 
0.809905 0.398982 1.05945 
0.708722 -0.485987 0.395803 
0.734958 0.467083 0.222911 
0.774986 0.525611 0.223076 
0.805943 -0.163466 0.1147 
0.824389 0.127587 0.0755781 
0.859262 -0.143161 0.108038 
0.918115 -0.00307179 0.0261481 
0.872888 -0.100696 0.0489832 
0.790224 -0.0431442 0.0719295 
0.850956 0.169253 0.088057 
0.811167 0.078944 0.0507063 
0.871617 0.0840885 0.0984353 
0.850005 0.0876608 0.0799094 
0.848624 0.205766 0.0714917 
0.84377 0.133534 0.136996 
0.899358 -0.314728 0.112796 
0.977809 -0.269496 0.371629 
1.66166 0.77365 0.542013 
0.621526 0.474039 0.524834 
0 0 0 
0.0991501 -0.235645 2.04482 
1.12362 0.00241836 0.285764 
0.954795 -0.0404094 0.0736416 
0.902623 0.142004 0.162732 
0.788309 0.103807 0.314222 
0.853461 0.00603031 0.0703282 
0.993263 0.100068 0.201896 
