0
003
0
0
0
0
0
0
0
0
1
0
0
-0.006744 0 0 0 0 
-0.021188 0 0 0 0 
-0.010355 0 0 0 0 
-0.007401 0 0 0 0 
-0.00937 0 0 0 0 
-0.00182 0 0 0 0 
-1.24432 0 0 0 0 
-1.25482 0 0 0 0 
0 0 0 0 0 
0 0 0 0 0 
0 0 0 0 0 
0 0 0 0 0 
0 0 0 0 0 
0 0 0 0 0 
0 0 0 0 0 
0 0 0 0 0 
-0.000622028 -4.7086e-005 -0.000936652 -0.0015893 -0.00276472 -0.00326261 0.00217103 -0.002175 
0.00137817 -0.000103471 -0.00196599 0.000694702 -0.00194565 -0.000542847 -0.00114449 0.0006 
-0.0010099 0.00153847 0.000389216 -0.00146728 -1.15076e-005 0.00286079 0.00214321 -0.0003 
-0.00341868 0.0016378 0.00271627 0.00169426 0.00201572 0.00248529 0.0045325 0.0024 
0.00197126 0.000859695 3.91354e-005 0.00249144 -0.0005503 0.00182929 0.000404349 0.002325 
-0.00109804 0.00353643 0.00394174 0.00956367 0.00491533 0.00512638 0.00392993 -0.00045 
0.00335692 0.00219659 0.0100534 0.00836795 0.00503743 0.00890576 0.00404473 0.00345 
0.00235418 0.0052167 0.00790456 0.019987 0.0107251 0.0138729 0.00724461 -0.0021 
0.00321585 0.00620318 0.0165172 0.0232271 0.0171651 0.0166254 0.00898829 -0.001575 
0.00394215 0.0118138 0.0211732 0.0282581 0.0134158 0.0171461 0.00921799 0.000825 
4.16749e-005 0.00892547 0.0196485 0.02994 0.0180632 0.0231869 0.0138816 -0.001125 
0.0034432 0.0116991 0.0240132 0.0374861 0.0192151 0.0237193 0.0166821 0 
0.00636132 0.0165567 0.0238314 0.036964 0.0231928 0.0252587 0.0144422 0.001725 
0.00231132 0.0129567 0.0274314 0.037939 0.0205678 0.0231587 0.0170672 0.0012 
0.0046432 0.0156741 0.0258882 0.0366611 0.0252901 0.0266443 0.0151071 -0.00045 
0.00649168 0.00817547 0.0202485 0.035415 0.0164132 0.0253619 0.0122316 0.000675 
0.00626715 0.00896378 0.0204982 0.0312581 0.0203158 0.0163211 0.014243 0.00315 
0.00171585 0.00717818 0.0165172 0.0216521 0.0161901 0.0148254 0.0131133 -0.000825 
2.91794e-005 0.0069417 0.0147296 0.013312 0.0135001 0.00899793 0.0100946 0.000225 
0.000206924 0.00407159 0.00517842 0.012118 0.00683743 0.0116808 0.00366973 -0.00195 
0.00392696 0.00256143 0.00814174 0.0112887 0.00296533 0.00595138 0.00347993 0.0003 
-0.00290374 -0.0015403 0.00648914 0.00421644 0.0059747 0.00542929 0.00130435 -0.003 
-0.00326868 0.0041128 0.00294127 0.00499426 -0.000759284 0.00526029 0.0025825 -0.000375 
0.000415097 -0.000936528 0.000164216 -0.000417283 -0.00241151 0.00413579 0.000718211 -7.5e-005 
0.00325317 0.00184653 0.00103401 0.0044447 0.000454345 0.00253215 0.00365551 0.0027 
0.00244092 0.000141935 0.00151024 -0.00132617 -0.00350757 -0.00258047 0.00354487 -0.002775 
-0.0020953 -0.00302355 0.000833195 0.0015033 0.0010722 -0.00322502 0.00385586 0.0018 
-0.00240316 -0.00316564 0.00264421 0.00672117 -0.00152999 -0.00203274 -0.0019404 -0.0021 
-0.00214407 0.00411276 4.63866e-005 0.0066592 0.00376635 -0.00183915 0.00376248 0.00135 
0.00379696 0.00131367 0.00257591 0.0113034 0.00595004 0.0042045 -0.00162326 -0.0024 
0.000433103 0.000707776 0.0037835 0.015977 0.00749913 0.00515998 0.00558205 0.002775 
-0.000829074 0.00134287 0.00558195 0.0189413 0.00807754 0.00924557 0.00643071 -0.003375 
0.00293004 0.00725024 0.00711524 0.0283345 0.0109533 0.00525074 0.0060003 0.0006 
0.000888909 0.00650523 0.00833462 0.040785 0.0141989 0.0147087 0.00622649 0.003075 
0.00365908 0.00819939 0.0140439 0.0439447 0.0101615 0.0150911 0.00657456 -0.0036 
-0.000210749 0.00840483 0.0136733 0.0538498 0.016162 0.01536 0.0072816 -0.001875 
0.00422441 0.0114307 0.0137315 0.057434 0.0191247 0.015828 0.0096942 0.002025 
0.00679291 0.0127651 0.0210002 0.0675293 0.016373 0.0231629 0.0145187 -0.0027 
0.00199291 0.00939015 0.0147002 0.0629543 0.017573 0.0229379 0.0156437 -0.0027 
0.00624941 0.00708069 0.0159815 0.062459 0.0206247 0.022053 0.0132192 -0.00195 
-0.000885749 0.00870483 0.0156983 0.0530998 0.014737 0.020235 0.0081816 -0.0012 
-0.000690922 0.00692439 0.0156189 0.0495697 0.0154115 0.0129161 0.00964956 0.0018 
-0.000311091 0.00440523 0.0105096 0.03696 0.0135989 0.0093087 0.0100515 0.00165 
8.00365e-005 0.00267524 0.0102652 0.0305845 0.00855331 0.00945074 0.0058503 0.000675 
0.00269593 0.00239287 0.00520695 0.0169163 0.00635254 0.00504557 0.00118071 -0.001275 
0.0017081 0.00138278 0.000708501 0.011477 0.00697413 0.00298498 -0.000417949 0.0015 
-0.000253037 -0.000936329 -0.000649094 0.00575339 -0.000124957 0.0042045 0.000401738 0.002775 
-0.00266907 0.00328776 0.00207139 0.0028342 0.00436635 0.00198585 0.000687483 0.003525 
0.000371843 -0.00106564 -0.00133079 0.00027117 0.00132001 -0.00120774 -0.0021654 -0.0024 
0.0014297 -0.000398548 0.00330819 -0.0010467 -0.0024528 0.00344998 0.000780861 0.002025 
23.5
0 0 0 
0 0 0 
-0.330247 2.63409 1.09749 
0.145266 2.13047 0.814464 
0.353654 -0.475662 0.443718 
0.31969 0.643059 0.253766 
0.199414 0.249406 0.295809 
0.296961 0.517113 0.243179 
0.252627 0.422111 0.183187 
0.269209 0.178481 0.174965 
0.263354 0.602155 0.261126 
0.275111 0.432702 0.220591 
0.25213 0.279714 0.118832 
0.268249 0.408734 0.224995 
0.244557 0.351776 0.146972 
0.28483 0.384096 0.215235 
0.265198 0.326297 0.131636 
0.237433 0.539079 0.212428 
0.196908 0.489302 0.197487 
0.276901 0.623035 0.290909 
0.294625 0.00684814 0.235242 
0.222271 1.37318 0.616352 
0.314834 1.01795 0.67447 
-0.250171 5.0829 4.7669 
0.258106 0.11606 0.0968402 
-5.9265 -31.956 39.5236 
0 0 0 
0 0 0 
0.463604 0.663869 1.08455 
0.410715 -0.25816 0.424589 
0.408175 0.717043 0.340213 
0.388214 0.821471 0.361913 
0.417701 0.133411 0.131318 
0.445018 0.417729 0.211738 
0.432211 0.183402 0.134642 
0.470219 0.339467 0.147887 
0.436868 0.232736 0.116077 
0.416482 0.242662 0.140314 
0.433593 0.488461 0.207114 
0.42297 0.375826 0.180035 
0.443345 0.411628 0.18 
0.453109 0.391203 0.151186 
0.437278 0.52038 0.217164 
0.453376 0.43211 0.211352 
0.425131 0.0478835 0.133536 
0.462455 0.124584 0.402694 
0.685236 1.52094 0.75269 
0.225581 0.776888 0.553442 
0 0 0 
-0.206422 -0.00206149 2.02307 
0.262403 0.523568 0.344155 
0.265349 0.376808 0.194674 
0.254024 0.534548 0.271327 
0.423663 0.382681 0.384137 
0.436527 0.324883 0.15801 
0.47999 0.492675 0.29266 
