0
003
0
0
0
0
0
0
0
0
1
0
0
0.001463 0 0 0 0 
-0.015936 0 0 0 0 
-0.006088 0 0 0 0 
-0.004118 0 0 0 0 
-0.006416 0 0 0 0 
0.00573 0 0 0 0 
-1.44128 0 0 0 0 
-1.52368 0 0 0 0 
0 0 0 0 0 
0 0 0 0 0 
0 0 0 0 0 
0 0 0 0 0 
0 0 0 0 0 
0 0 0 0 0 
0 0 0 0 0 
0 0 0 0 0 
-0.000670143 -0.000202636 -0.00126945 -0.000275988 -0.00303586 -0.00356158 0.00196482 -0.002175 
0.00128446 -0.000406442 -0.0026142 0.00325269 -0.00247376 -0.00112518 -0.00154613 0.0006 
-0.00118257 0.000980255 -0.000805093 0.00324575 -0.000984526 0.00178786 0.0014032 -0.0003 
-0.00371962 0.000664878 0.000634696 0.00990865 0.000319833 0.000615278 0.00324272 0.0024 
0.00147508 -0.00074438 -0.0033928 0.0160347 -0.00334634 -0.00125385 -0.00172213 0.002325 
-0.00187189 0.00103468 -0.00141078 0.030686 0.000554559 0.000317848 0.000613415 -0.00045 
0.00221524 -0.00149435 0.00215662 0.0395306 -0.00139619 0.00181154 -0.000848257 0.00345 
0.000760829 6.55825e-005 -0.0031163 0.063478 0.00174626 0.00397215 0.000415897 -0.0021 
0.00111233 -0.000597288 0.00196751 0.0806436 0.00531132 0.00355449 -2.69219e-005 -0.001575 
0.00131516 0.00332101 0.00300286 0.0999627 -0.00138782 0.000822423 -0.00204065 0.000825 
-0.00306175 -0.00110754 -0.00181721 0.114649 0.000574776 0.00390281 0.000581136 -0.001125 
-2.49337e-005 0.000486974 2.48395e-005 0.13215 -0.000328514 0.002169 0.0018185 0 
0.00269506 0.00470406 -0.00152732 0.137036 0.00253267 0.00247719 -0.00127046 0.001725 
-0.00135494 0.00110406 0.00207268 0.138011 -9.23291e-005 0.00037719 0.00135454 0.0012 
0.00117507 0.00446197 0.00189984 0.131325 0.00574649 0.005094 0.0002435 -0.00045 
0.00338825 -0.00185754 -0.00121721 0.120124 -0.00107522 0.00607781 -0.00106886 0.000675 
0.00364016 0.000471014 0.00232786 0.102963 0.00551218 -2.57668e-006 0.00298435 0.00315 
-0.000387674 0.000377712 0.00196751 0.0790686 0.00433632 0.00175449 0.00409808 -0.000825 
-0.00156417 0.00179058 0.0037087 0.056803 0.00452126 -0.000902848 0.0032659 0.000225 
-0.000934761 0.000380651 -0.00271838 0.0432806 0.000403813 0.00458654 -0.00122326 -0.00195 
0.00315311 5.968e-005 0.00278922 0.032411 -0.00139544 0.00114285 0.000163415 0.0003 
-0.00339992 -0.00314438 0.0030572 0.0177597 0.00317866 0.00234615 -0.000822133 -0.003 
-0.00356962 0.00313988 0.000859696 0.0132086 -0.00245517 0.00339028 0.00129272 -0.000375 
0.000242429 -0.00149474 -0.00103009 0.00429575 -0.00338453 0.00306286 -2.18025e-005 -7.5e-005 
0.00315946 0.00154356 0.000385804 0.00700269 -7.37584e-005 0.00194982 0.00325387 0.0027 
0.00240231 9.93599e-006 0.00129065 -0.000294324 -0.00372531 -0.00283729 0.00337821 -0.002775 
-0.0021705 -0.00328065 0.000405492 0.00351306 0.00064809 -0.00372525 0.00353126 0.0018 
-0.00254171 -0.00363934 0.00185618 0.0104241 -0.0023114 -0.00295439 -0.00253847 -0.0021 
-0.00238556 0.00328715 -0.00132708 0.0131131 0.00240443 -0.00344551 0.0027201 0.00135 
0.00339881 -4.75375e-005 0.000311438 0.021944 0.00370461 0.00155605 -0.00334186 -0.0024 
-0.000187864 -0.0014152 0.000251782 0.0325724 0.0039971 0.00102939 0.00290168 0.002775 
-0.00174521 -0.00178924 0.000371465 0.0434252 0.00291086 0.00315155 0.00247625 -0.003375 
0.00165146 0.00287903 -0.000156579 0.0625044 0.00374263 -0.00325416 0.000481411 0.0006 
-0.000799055 0.000734389 -0.00126558 0.0858959 0.00467943 0.00348059 -0.00105952 0.003075 
0.00155107 0.000992487 0.00205473 0.100281 -0.00172695 0.00106885 -0.00252456 -0.0036 
-0.00270107 -0.000109128 -0.000490254 0.120404 0.00211753 -0.00120532 -0.00346774 -0.001875 
0.00144143 0.00191619 -0.00209659 0.131809 0.00342968 -0.00268399 -0.00231838 0.002025 
0.00385094 0.0027071 0.00426787 0.146154 -0.000218651 0.00359334 0.00181985 -0.0027 
-0.000949061 -0.000667899 -0.00203213 0.141579 0.000981349 0.00336834 0.00294485 -0.0027 
0.00346643 -0.00243381 0.00015341 0.136834 0.00492968 0.00354101 0.00120662 -0.00195 
-0.00337607 0.000190872 0.00153475 0.119654 0.000692527 0.00366968 -0.00256774 -0.0012 
-0.00279893 -0.000282513 0.00362973 0.105906 0.00352305 -0.00110615 0.000550442 0.0018 
-0.00199905 -0.00136561 0.000909416 0.0820709 0.00407943 -0.00191941 0.00276548 0.00165 
-0.00119854 -0.00169597 0.00299342 0.0647544 0.00134263 0.00094584 0.000331411 0.000675 
0.00177979 -0.000739236 -3.5352e-006 0.0414002 0.00118586 -0.00104845 -0.00277375 -0.001275 
0.00108714 -0.000740197 -0.00282322 0.0280724 0.0034721 -0.00114561 -0.00309832 0.0015 
-0.000651189 -0.00229754 -0.00291356 0.016394 -0.00237039 0.00155605 -0.00131686 0.002775 
-0.00291056 0.00246215 0.000697917 0.00928807 0.00300443 0.000379486 -0.000354902 0.003525 
0.000233286 -0.00153934 -0.00211882 0.0039741 0.000538605 -0.00212939 -0.00276347 -0.0024 
0.0013545 -0.000655647 0.00288049 0.000963057 -0.00287691 0.00294975 0.000456259 0.002025 
23.5
0 0 0 
0 0 0 
0.730223 2.06824 0.803804 
0.84933 1.75486 0.628025 
2.27434 -1.4984 0.53234 
1.02547 0.266931 0.172688 
0.941761 -0.146075 0.236382 
0.942895 0.172913 0.135379 
0.876894 0.0894863 0.0938925 
0.952065 -0.185296 0.0975763 
1.00816 0.205251 0.0971255 
0.969582 0.0626652 0.0284588 
0.93446 -0.0838089 0.069912 
0.975534 0.0318768 0.0395934 
0.875816 0.0154456 0.0360813 
0.96585 0.0212376 0.100783 
0.873337 0.00228759 0.0365893 
0.866837 0.20369 0.090241 
0.840002 0.146636 0.123274 
0.988701 0.24371 0.173993 
0.845714 -0.286699 0.215467 
0.935938 0.992654 0.431603 
0.83249 0.742005 0.53116 
2.5725 3.57398 4.2975 
0.406626 0.0369427 0.0557584 
-1.31284 -34.7151 39.4271 
0 0 0 
0 0 0 
0.912747 0.388621 1.08375 
0.797224 -0.494874 0.42642 
0.832005 0.457304 0.237027 
0.889845 0.514035 0.239783 
0.921239 -0.175057 0.16511 
0.937051 0.116248 0.0976552 
0.98608 -0.155912 0.0780128 
1.05112 -0.0164525 0.0390286 
1.00237 -0.113717 0.105601 
0.901214 -0.0543078 0.0456538 
0.974898 0.156776 0.0753569 
0.926449 0.0673435 0.0880915 
0.998798 0.0712901 0.0428168 
0.967871 0.0757998 0.0391119 
0.97078 0.193468 0.100405 
0.959706 0.121866 0.0862941 
1.04018 -0.328879 0.152061 
1.13084 -0.284877 0.43853 
1.95155 0.744397 0.602633 
0.739108 0.462191 0.552642 
0 0 0 
0.189896 -0.244763 2.02328 
1.12325 0.0649169 0.270898 
0.954495 0.00962439 0.0670757 
0.90234 0.189074 0.167421 
0.896599 0.0929093 0.332537 
0.977276 -0.00642566 0.0677945 
1.14568 0.0847234 0.208836 
