0
003
0
0
0
0
0
0
0
0
-1
0
0
0.00015 0 0 0 0 
-0.015936 0 0 0 0 
-0.004774 0 0 0 0 
-0.002477 0 0 0 0 
-0.003461 0 0 0 0 
0.006058 0 0 0 0 
-1.26763 0 0 0 0 
-1.33952 0 0 0 0 
0 0 0 0 0 
0 0 0 0 0 
0 0 0 0 0 
0 0 0 0 0 
0 0 0 0 0 
0 0 0 0 0 
0 0 0 0 0 
0 0 0 0 0 
-0.000613641 -4.0042e-005 -0.000746284 -0.00187942 -0.00271798 -0.00325774 0.00220365 -0.002175 
0.00139451 -8.9751e-005 -0.0015952 0.000129638 -0.00185463 -0.000533364 -0.00108096 0.0006 
-0.000979805 0.00156375 0.00107238 -0.0025084 0.000156207 0.00287826 0.00226025 -0.0003 
-0.00336622 0.00168186 0.00390696 -0.000120317 0.00230803 0.00251575 0.00473649 0.0024 
0.00205775 0.000932335 0.00200225 -0.000500288 -6.83615e-005 0.0018795 0.000740672 0.002325 
-0.000963153 0.00364972 0.00700346 0.00489769 0.00566697 0.00520469 0.00445446 -0.00045 
0.00355594 0.00236373 0.0145705 0.00148406 0.00614636 0.00902129 0.0048186 0.00345 
0.00263192 0.00544997 0.0142087 0.0103797 0.0122727 0.0140342 0.00832463 -0.0021 
0.00358253 0.00651114 0.0248398 0.0105436 0.0192083 0.0168383 0.0104141 -0.001575 
0.00440007 0.0121984 0.0315669 0.0124184 0.0159674 0.0174119 0.0109986 0.000825 
0.000582644 0.00937981 0.0319272 0.0112276 0.0210775 0.023501 0.0159852 -0.001125 
0.00404774 0.0122068 0.0377349 0.0165747 0.0225837 0.0240703 0.0190329 0 
0.0070004 0.0170934 0.038337 0.014858 0.0267538 0.0256297 0.0169273 0.001725 
0.0029504 0.0134934 0.041937 0.015833 0.0241288 0.0235297 0.0195523 0.0012 
0.00524774 0.0161818 0.0396099 0.0157497 0.0286587 0.0269953 0.0174579 -0.00045 
0.00703264 0.00862981 0.0325272 0.0167026 0.0194275 0.025676 0.0143352 0.000675 
0.00672507 0.00934837 0.0308919 0.0154184 0.0228674 0.0165869 0.0160236 0.00315 
0.00208253 0.00748614 0.0248398 0.00896863 0.0182333 0.0150383 0.0145391 -0.000825 
0.000306922 0.00717497 0.0210337 0.00370472 0.0150477 0.00915917 0.0111746 0.000225 
0.000405936 0.00423873 0.0096955 0.00523406 0.00794636 0.0117963 0.0044436 -0.00195 
0.00406185 0.00267472 0.0112035 0.00662269 0.00371697 0.00602969 0.00400446 0.0003 
-0.00281725 -0.00146767 0.00845225 0.00122471 0.00645664 0.0054795 0.00164067 -0.003 
-0.00321622 0.00415686 0.00413196 0.00317968 -0.000466973 0.00529075 0.00278649 -0.000375 
0.000445195 -0.000911249 0.000847379 -0.0014584 -0.00224379 0.00415326 0.000835251 -7.5e-005 
0.00326951 0.00186025 0.0014048 0.00387964 0.000545372 0.00254164 0.00371904 0.0027 
0.00246802 0.000209571 0.00182932 -0.00212665 -0.0033554 -0.00245909 0.00365769 -0.002775 
-0.00204252 -0.00289181 0.00145468 -5.58192e-005 0.00136858 -0.00298861 0.00407561 0.0018 
-0.00230591 -0.00292292 0.00378928 0.00384853 -0.0009839 -0.00159717 -0.00153551 -0.0021 
-0.00197458 0.00453581 0.00204213 0.00165244 0.00471813 -0.00107999 0.00446816 0.00135 
0.0040764 0.00201116 0.00586633 0.00304864 0.00751926 0.00545615 -0.000459797 -0.0024 
0.000868913 0.00179559 0.00891532 0.00310269 0.00994652 0.00711207 0.00739662 0.002775 
-0.000186105 0.00294777 0.0131531 -5.26428e-005 0.0116883 0.0121256 0.00910781 -0.003375 
0.00382737 0.00949005 0.0176817 0.00182627 0.0159925 0.0092701 0.00973651 0.0006 
0.00207357 0.00946221 0.0222844 0.00578898 0.0208516 0.020015 0.011159 0.003075 
0.00513853 0.0118922 0.031465 0.000240041 0.0184697 0.0217179 0.0127345 -0.0036 
0.00153702 0.0127674 0.0342539 0.00221884 0.025977 0.0231886 0.0145587 -0.001875 
0.00617758 0.0163059 0.0367307 -0.000264637 0.0300931 0.0245767 0.0178265 0.002025 
0.00885765 0.0179189 0.0453133 0.00653447 0.027968 0.0324114 0.0231156 -0.0027 
0.00405765 0.0145439 0.0390133 0.00195947 0.029168 0.0321864 0.0242406 -0.0027 
0.00820258 0.0119559 0.0389807 0.00476036 0.0315931 0.0308017 0.0213515 -0.00195 
0.000862021 0.0130674 0.0362789 0.00146884 0.024552 0.0280636 0.0154587 -0.0012 
0.000788533 0.0106172 0.0330401 0.00586504 0.0237197 0.0195429 0.0158095 0.0018 
0.000873565 0.00736221 0.0244594 0.00196398 0.0202516 0.014615 0.014984 0.00165 
0.000977372 0.00491505 0.0208317 0.00407627 0.0135925 0.0134701 0.00958651 0.000675 
0.0033389 0.00399777 0.0127781 -0.00207764 0.00996328 0.00792557 0.00385781 -0.001275 
0.00214391 0.00247059 0.00584032 -0.00139731 0.00942152 0.00493707 0.00139662 0.0015 
2.63959e-005 -0.000238845 0.00264133 -0.00250136 0.00144426 0.00545615 0.0015652 0.002775 
-0.00249958 0.00371081 0.00406713 -0.00217256 0.00531813 0.00274501 0.00139316 0.003525 
0.000469085 -0.00082292 -0.000185723 -0.00260147 0.0018661 -0.000772165 -0.00176051 -0.0024 
0.00148248 -0.00026681 0.00392968 -0.00260582 -0.00215642 0.00368639 0.00100061 0.002025 
23.5
0 0 0 
0 0 0 
-0.564619 2.57347 1.23142 
-0.0103166 2.09019 0.903365 
-0.0710247 -0.585974 0.615409 
0.163727 0.602607 0.277767 
0.035368 0.206837 0.389518 
0.154226 0.480085 0.240897 
0.114682 0.386322 0.247888 
0.118314 0.13932 0.261158 
0.0987644 0.559464 0.355146 
0.121648 0.392888 0.308253 
0.101351 0.240588 0.204955 
0.111953 0.368183 0.314276 
0.105067 0.315584 0.226648 
0.13434 0.34505 0.301199 
0.130818 0.291429 0.208393 
0.0983534 0.503001 0.291873 
0.054802 0.452438 0.278659 
0.119607 0.582237 0.304941 
0.172854 -0.0247617 0.284462 
0.0645644 1.33231 0.706458 
0.200452 0.988301 0.739827 
-0.874529 4.92193 5.12444 
0.225295 0.107544 0.115581 
-9.51643 -31.1137 40.4664 
0 0 0 
0 0 0 
0.115056 0.750074 1.02593 
0.110787 -0.184084 0.350101 
0.0792762 0.798393 0.328976 
-0.0010791 0.917774 0.408672 
0.0269263 0.229981 0.115272 
0.0631745 0.512133 0.229945 
0.00236126 0.289637 0.299209 
0.0193783 0.450917 0.277025 
-0.00201327 0.341211 0.20204 
0.0403066 0.335639 0.284332 
0.0134979 0.592333 0.32838 
0.0322417 0.47242 0.266735 
0.0122657 0.518204 0.345046 
0.0536194 0.489966 0.304133 
0.0232397 0.622759 0.30258 
0.0604343 0.52926 0.361802 
-0.0522233 0.165834 0.182526 
-0.0563143 0.252785 0.27385 
-0.298025 1.76446 1.0045 
-0.172946 0.875462 0.486347 
0 0 0 
-0.513958 0.0739045 2.07514 
0.0721394 0.474199 0.419429 
0.113063 0.337297 0.281662 
0.110763 0.497387 0.339427 
0.056643 0.473415 0.394015 
0.0168626 0.428623 0.28611 
-0.0367147 0.620467 0.396348 
