0
003
0
0
0
0
0
0
0
0
-1
0
0
-0.010683 0 0 0 0 
-0.024142 0 0 0 0 
-0.011012 0 0 0 0 
-0.008385 0 0 0 0 
-0.012325 0 0 0 0 
-0.007401 0 0 0 0 
-1.3323 0 0 0 0 
-1.14879 0 0 0 0 
0 0 0 0 0 
0 0 0 0 0 
0 0 0 0 0 
0 0 0 0 0 
0 0 0 0 0 
0 0 0 0 0 
0 0 0 0 0 
0 0 0 0 0 
-0.000614059 -2.45842e-005 -0.000860006 -0.00181678 -0.0027199 -0.00322077 0.00220465 -0.002175 
0.0013937 -5.96432e-005 -0.0018167 0.00025163 -0.00185835 -0.000461356 -0.00107901 0.0006 
-0.000981305 0.00161922 0.000664272 -0.00228363 0.000149348 0.00301093 0.00226384 -0.0003 
-0.00336883 0.00177854 0.00319567 0.000271434 0.00229607 0.00274699 0.00474274 0.0024 
0.00205344 0.00109174 0.000829529 0.000145601 -8.80699e-005 0.00226074 0.000750991 0.002325 
-0.000969876 0.00389834 0.00517445 0.00590504 0.00563623 0.00579929 0.00447056 -0.00045 
0.00354602 0.00273052 0.0118721 0.00297023 0.00610101 0.00989852 0.00484234 0.00345 
0.00261808 0.00596186 0.0104427 0.0124538 0.0122094 0.0152585 0.00835777 -0.0021 
0.00356425 0.00718694 0.019868 0.0132819 0.0191247 0.0184546 0.0104579 -0.001575 
0.00437725 0.0130423 0.0253579 0.0158381 0.0158631 0.0194304 0.0110533 0.000825 
0.000555681 0.0103768 0.0245922 0.0152675 0.0209543 0.0258855 0.0160498 -0.001125 
0.00401761 0.013321 0.0295378 0.0210893 0.022446 0.0267351 0.019105 0 
0.00696855 0.0182713 0.0296717 0.0196305 0.0266082 0.0284467 0.0170036 0.001725 
0.00291855 0.0146713 0.0332717 0.0206055 0.0239832 0.0263467 0.0196286 0.0012 
0.00521761 0.017296 0.0314128 0.0202643 0.028521 0.0296601 0.01753 -0.00045 
0.00700568 0.00962684 0.0251922 0.0207425 0.0193043 0.0280605 0.0143998 0.000675 
0.00670225 0.0101923 0.0246829 0.0188381 0.0227631 0.0186054 0.0160783 0.00315 
0.00206425 0.00816194 0.019868 0.0117069 0.0181497 0.0166546 0.0145829 -0.000825 
0.000293079 0.00768686 0.0172677 0.00577884 0.0149844 0.0103835 0.0112078 0.000225 
0.000396017 0.00460552 0.00699709 0.00672023 0.00790101 0.0126735 0.00446734 -0.00195 
0.00405512 0.00292334 0.00937445 0.00763004 0.00368623 0.00662429 0.00402056 0.0003 
-0.00282156 -0.00130826 0.00727953 0.0018706 0.00643693 0.00586074 0.00165099 -0.003 
-0.00321883 0.00425354 0.00342067 0.00357143 -0.000478927 0.00552199 0.00279274 -0.000375 
0.000443695 -0.000855776 0.000439272 -0.00123363 -0.00225065 0.00428593 0.000838842 -7.5e-005 
0.0032687 0.00189036 0.0011833 0.00400163 0.000541649 0.00261364 0.00372099 0.0027 
0.00245062 0.000171058 0.00159228 -0.00159799 -0.00345293 -0.00252547 0.00358609 -0.002775 
-0.0020764 -0.00296682 0.000992968 0.000973858 0.00117862 -0.0031179 0.00393615 0.0018 
-0.00236833 -0.00306113 0.00293859 0.00574568 -0.00133391 -0.00183536 -0.00179246 -0.0021 
-0.00208336 0.00429492 0.000559462 0.00495901 0.0041081 -0.00149514 0.00402033 0.00135 
0.00389705 0.00161399 0.00342182 0.00850025 0.00651348 0.00477167 -0.00119815 -0.0024 
0.000589203 0.00117617 0.00510281 0.0116052 0.00837788 0.00604454 0.00624507 0.002775 
-0.000598773 0.00203391 0.00752839 0.0124914 0.009374 0.0105506 0.00740889 -0.003375 
0.00325145 0.00821466 0.00983171 0.0193329 0.0127627 0.00707205 0.00736547 0.0006 
0.00131323 0.00777845 0.0119209 0.0289011 0.0165876 0.0171132 0.00802877 0.003075 
0.00418899 0.00978945 0.0185226 0.0291036 0.0131446 0.0180939 0.00882534 -0.0036 
0.000415273 0.0102833 0.0189643 0.0363171 0.0196862 0.0189074 0.00994058 -0.001875 
0.004924 0.0135299 0.0196442 0.0378408 0.023063 0.0197923 0.0126657 0.002025 
0.00753246 0.0149843 0.0272507 0.0468168 0.0205363 0.0273537 0.0176599 -0.0027 
0.00273246 0.0116092 0.0209507 0.0422418 0.0217363 0.0271287 0.0187849 -0.0027 
0.006949 0.00917987 0.0218942 0.0428658 0.024563 0.0260173 0.0161907 -0.00195 
-0.000259727 0.0105833 0.0209893 0.0355671 0.0182612 0.0237824 0.0108406 -0.0012 
-0.000161006 0.00851445 0.0200976 0.0347286 0.0183946 0.0159189 0.0119003 0.0018 
0.000113233 0.00567845 0.0140959 0.0250761 0.0159876 0.0117132 0.0118538 0.00165 
0.000401447 0.00363966 0.0129817 0.0215829 0.0103627 0.011272 0.00721547 0.000675 
0.00292623 0.00308391 0.00715339 0.0104664 0.007649 0.0063506 0.00215889 -0.001275 
0.0018642 0.00185117 0.00202781 0.00710516 0.00785288 0.00386954 0.000245074 0.0015 
-0.000152949 -0.000636006 0.000196824 0.00295025 0.000438485 0.00477167 0.000826855 0.002775 
-0.00260836 0.00346992 0.00258446 0.00113401 0.0047081 0.00232986 0.000945329 0.003525 
0.000406673 -0.000961132 -0.00103641 -0.000704317 0.00151609 -0.00101036 -0.00201746 -0.0024 
0.0014486 -0.000341825 0.00346797 -0.00157614 -0.00234638 0.0035571 0.000861155 0.002025 
23.5
0 0 0 
0 0 0 
-0.514021 2.70196 1.15961 
0.0232739 2.1755 0.855693 
0.0206703 -0.353058 0.481127 
0.1974 0.688138 0.260853 
0.070786 0.296799 0.339255 
0.185044 0.558362 0.249665 
0.144465 0.461971 0.205622 
0.150893 0.222073 0.214924 
0.1343 0.649724 0.304716 
0.154782 0.477048 0.261232 
0.133905 0.323277 0.158758 
0.145699 0.453897 0.266387 
0.135184 0.392081 0.18391 
0.166832 0.42758 0.255089 
0.159831 0.365124 0.16722 
0.128381 0.579272 0.24926 
0.085483 0.530367 0.235119 
0.153568 0.668497 0.298058 
0.199145 0.0420206 0.245961 
0.0986137 1.41879 0.658136 
0.225148 1.05103 0.704778 
-0.739729 5.26416 4.93306 
0.232379 0.125538 0.105528 
-7.1446 -31.4393 39.6899 
0 0 0 
0 0 0 
0.345255 0.715683 1.07513 
0.308874 -0.21361 0.412227 
0.296497 0.765937 0.352555 
0.256032 0.879348 0.376523 
0.285016 0.191473 0.120706 
0.315365 0.474479 0.226062 
0.28626 0.247273 0.180182 
0.317141 0.406466 0.164795 
0.28785 0.297952 0.132534 
0.288753 0.29856 0.180168 
0.290953 0.550899 0.222872 
0.290301 0.433894 0.19469 
0.296976 0.475695 0.225673 
0.317465 0.450574 0.193511 
0.296694 0.58192 0.232696 
0.319955 0.49051 0.252987 
0.263051 0.118803 0.113843 
0.286315 0.201663 0.381312 
0.351425 1.66721 0.789641 
0.0902638 0.836132 0.542642 
0 0 0 
-0.310847 0.0436175 2.03151 
0.113219 0.578541 0.372449 
0.145942 0.420811 0.235002 
0.141693 0.575951 0.301263 
0.299043 0.437226 0.391912 
0.294033 0.387248 0.185845 
0.304555 0.569482 0.312809 
