0
003
0
0
0
0
0
0
0
0
1
0
0
0.000806 0 0 0 0 
-0.014951 0 0 0 0 
-0.00379 0 0 0 0 
-0.00182 0 0 0 0 
-0.004446 0 0 0 0 
0.002447 0 0 0 0 
-1.28765 0 0 0 0 
-1.19935 0 0 0 0 
0 0 0 0 0 
0 0 0 0 0 
0 0 0 0 0 
0 0 0 0 0 
0 0 0 0 0 
0 0 0 0 0 
0 0 0 0 0 
0 0 0 0 0 
-0.00064158 -0.000106296 -0.00109832 -0.00104337 -0.0028748 -0.00337468 0.0020879 -0.002175 
0.00134009 -0.000218796 -0.00228087 0.00175802 -0.00216006 -0.000761133 -0.00130641 0.0006 
-0.00108007 0.00132599 -0.000190946 0.000491864 -0.000406551 0.0024586 0.00184487 -0.0003 
-0.00354097 0.00126746 0.0017051 0.00510887 0.00132719 0.00178432 0.00401251 0.0024 
0.00176963 0.000249105 -0.001628 0.00812119 -0.00168549 0.000673577 -0.000452965 0.002325 
-0.0014125 0.00258414 0.00134163 0.018344 0.00314486 0.00332391 0.00259284 -0.00045 
0.00289299 0.000791637 0.00621738 0.0213219 0.0024254 0.0062465 0.00207207 0.00345 
0.00170671 0.00325593 0.00255093 0.0380656 0.00707971 0.0101616 0.00449154 -0.0021 
0.00236106 0.00361459 0.00944936 0.0470944 0.0123525 0.0117258 0.00535371 -0.001575 
0.00287465 0.00858101 0.0123466 0.0580648 0.00740555 0.0110272 0.00467895 0.000825 
-0.00121943 0.00510641 0.00922106 0.0651524 0.0109629 0.0159583 0.0085194 -0.001125 
0.00203389 0.00743119 0.0123603 0.0768366 0.0112804 0.0156412 0.0106897 0 
0.0048715 0.012045 0.0115129 0.0785626 0.0148048 0.016719 0.00810749 0.001725 
0.000821503 0.00844498 0.0151129 0.0795376 0.0121798 0.014619 0.0107325 0.0012 
0.00323389 0.0114062 0.0142353 0.0760116 0.0173554 0.0185662 0.00911466 -0.00045 
0.00523057 0.00435641 0.00982106 0.0706274 0.00931292 0.0181333 0.0068694 0.000675 
0.00519965 0.00573101 0.0116716 0.0610648 0.0143055 0.0102022 0.00970395 0.00315 
0.000861065 0.00458959 0.00944936 0.0455194 0.0113775 0.0099258 0.00947871 -0.000825 
-0.000618295 0.00498093 0.00937593 0.0313906 0.00985471 0.00528663 0.00734154 0.000225 
-0.000257011 0.00266664 0.00134238 0.0250719 0.0042254 0.0090215 0.00169707 -0.00195 
0.0036125 0.00160914 0.00554163 0.020069 0.00119486 0.00414891 0.00214284 0.0003 
-0.00310537 -0.00215089 0.004822 0.00984619 0.00483951 0.00427358 0.000447035 -0.003 
-0.00339097 0.00374246 0.0019301 0.00840887 -0.00144781 0.00455932 0.00206251 -0.000375 
0.000344931 -0.00114901 -0.000415946 0.00154186 -0.00280655 0.0037336 0.000419867 -7.5e-005 
0.00321509 0.0017312 0.000719131 0.00550802 0.000239936 0.00231387 0.00349359 0.0027 
0.00242116 7.93798e-005 0.00136496 -0.000782954 -0.00361885 -0.00270013 0.00346042 -0.002775 
-0.00213378 -0.00314539 0.000550212 0.00256133 0.000855437 -0.0034581 0.00369138 0.0018 
-0.00247405 -0.00339013 0.00212283 0.00867057 -0.00192936 -0.00246218 -0.00224344 -0.0021 
-0.00226762 0.0037215 -0.000862345 0.0100568 0.00307028 -0.00258762 0.0032343 0.00135 
0.00359326 0.000668585 0.00107766 0.0169051 0.00480241 0.00297048 -0.00249408 -0.0024 
0.000115397 -0.000298315 0.0014468 0.0247136 0.00570925 0.00323536 0.0042239 0.002775 
-0.0012978 -0.000141455 0.00213452 0.0318308 0.00543686 0.00640611 0.00442698 -0.003375 
0.00227588 0.0051787 0.00230397 0.0463232 0.00726795 0.00128795 0.00320387 0.0006 
2.52959e-005 0.00377039 0.00198281 0.0645335 0.00933354 0.00947705 0.00253466 0.003075 
0.00258055 0.00478399 0.00611149 0.0736031 0.00408532 0.00855751 0.00196402 -0.0036 
-0.00148487 0.00437001 0.00430224 0.0888871 0.00898392 0.0076415 0.00183489 -0.001875 
0.00280055 0.0069217 0.00325911 0.0965888 0.011103 0.0072025 0.00360741 0.002025 
0.00528771 0.00799857 0.00992954 0.108921 0.00789303 0.0140446 0.00808417 -0.0027 
0.000487707 0.00462357 0.00362954 0.104346 0.00909303 0.0138196 0.00920917 -0.0027 
0.00482555 0.0025717 0.00550911 0.101614 0.012603 0.0134275 0.00713241 -0.00195 
-0.00215987 0.00467001 0.00632724 0.0881371 0.00755892 0.0125165 0.00273489 -0.0012 
-0.00176945 0.00350899 0.00768649 0.0792281 0.00933532 0.00638251 0.00503902 0.0018 
-0.0011747 0.00167039 0.00415781 0.0607085 0.00873354 0.00407705 0.00635966 0.00165 
-0.000574121 0.000603699 0.00545397 0.0485732 0.00486795 0.00548795 0.00305387 0.000675 
0.0022272 0.000908545 0.00175952 0.0298058 0.00371186 0.00220611 -0.000823025 -0.001275 
0.0013904 0.000376685 -0.0016282 0.0202136 0.00518425 0.00106036 -0.0017761 0.0015 
-0.000456744 -0.00158141 -0.00214734 0.0113551 -0.00127259 0.00297048 -0.00046908 0.002775 
-0.00279262 0.0028965 0.00116265 0.00623183 0.00367028 0.00123738 0.000159305 0.003525 
0.000300953 -0.00129013 -0.00185217 0.00222057 0.000920637 -0.00163718 -0.00246844 -0.0024 
0.00139122 -0.000520389 0.00302521 1.13346e-005 -0.00266956 0.0032169 0.000616384 0.002025 
23.5
0 0 0 
0 0 0 
0.110687 2.43587 0.961609 
0.437986 1.99891 0.724271 
1.15242 -0.833871 0.383785 
0.613124 0.511343 0.21887 
0.508053 0.110918 0.239892 
0.565509 0.396581 0.211245 
0.512166 0.305634 0.15233 
0.55311 0.0510978 0.0875554 
0.573015 0.463163 0.196415 
0.563842 0.303122 0.131689 
0.535812 0.152418 0.0763999 
0.562309 0.276766 0.134453 
0.507003 0.234003 0.107795 
0.567968 0.257031 0.128056 
0.518031 0.212839 0.0984863 
0.499108 0.421633 0.174142 
0.464275 0.369308 0.129331 
0.572838 0.4902 0.255712 
0.523736 -0.0959375 0.21807 
0.518984 1.23991 0.526795 
0.530044 0.921319 0.608167 
0.923961 4.55395 4.40337 
0.319846 0.0883591 0.0778332 
-3.49556 -33.1497 39.2998 
0 0 0 
0 0 0 
0.700077 0.544378 1.09595 
0.614209 -0.36091 0.440133 
0.631319 0.604284 0.304109 
0.652324 0.688002 0.319179 
0.682815 -0.000494418 0.1442 
0.704074 0.286852 0.169836 
0.723827 0.036104 0.0630984 
0.776071 0.184957 0.0984237 
0.73461 0.0823379 0.0679292 
0.671694 0.113747 0.0670887 
0.718593 0.34447 0.161017 
0.688053 0.24191 0.137162 
0.735795 0.263881 0.11665 
0.724133 0.254282 0.103562 
0.71817 0.37846 0.17173 
0.71996 0.297428 0.134856 
0.748965 -0.11567 0.15831 
0.814375 -0.0531677 0.429581 
1.35205 1.18373 0.647617 
0.495955 0.640267 0.566533 
0 0 0 
0.00223514 -0.107414 2.01276 
0.620339 0.362945 0.288278 
0.551866 0.248229 0.123195 
0.523563 0.413569 0.218656 
0.672664 0.256888 0.362358 
0.721235 0.181058 0.101624 
0.830493 0.315564 0.251758 
