0
003
0
0
0
0
0
0
0
0
-1
0
0
-0.003133 0 0 0 0 
-0.017905 0 0 0 0 
-0.006416 0 0 0 0 
-0.004118 0 0 0 0 
-0.008385 0 0 0 0 
-0.004118 0 0 0 0 
-1.32836 0 0 0 0 
-1.2174 0 0 0 0 
0 0 0 0 0 
0 0 0 0 0 
0 0 0 0 0 
0 0 0 0 0 
0 0 0 0 0 
0 0 0 0 0 
0 0 0 0 0 
0 0 0 0 0 
-0.000630888 -9.73002e-005 -0.00085552 -0.0014134 -0.00281519 -0.00336845 0.00212948 -0.002175 
0.00136092 -0.000201275 -0.00180796 0.00103731 -0.00204396 -0.000749003 -0.00122542 0.0006 
-0.0010417 0.00135827 0.000680369 -0.00083604 -0.000192639 0.00248095 0.00199409 -0.0003 
-0.0034741 0.00132372 0.00322372 0.00279446 0.00170002 0.00182327 0.00427259 0.0024 
0.00187989 0.000341873 0.000875784 0.00430537 -0.00107079 0.0007378 -2.41684e-005 0.002325 
-0.00124054 0.00272883 0.00524659 0.0123927 0.00410355 0.00342407 0.0032616 -0.00045 
0.00314669 0.00100509 0.0119785 0.0125417 0.00383979 0.00639427 0.00305872 0.00345 
0.00206077 0.00355384 0.0105913 0.025812 0.00905366 0.0103679 0.00586852 -0.0021 
0.0028285 0.00400788 0.0200641 0.0309172 0.0149585 0.0119981 0.00717159 -0.001575 
0.00345841 0.00907217 0.0256028 0.0378619 0.01066 0.0113672 0.00694921 0.000825 
-0.0005298 0.00568665 0.0248815 0.0412856 0.0148076 0.01636 0.0112014 -0.001125 
0.00280457 0.00807961 0.0298611 0.050165 0.015577 0.0160901 0.0136868 0 
0.00568621 0.0127304 0.0300135 0.0503672 0.0193468 0.0171936 0.0112759 0.001725 
0.00163621 0.00913045 0.0336135 0.0513422 0.0167218 0.0150936 0.0139009 0.0012 
0.00400457 0.0120546 0.0317361 0.04934 0.021652 0.0190151 0.0121118 -0.00045 
0.0059202 0.00493665 0.0254815 0.0467606 0.0131576 0.018535 0.0095514 0.000675 
0.00578341 0.00622217 0.0249278 0.0408619 0.01756 0.0105422 0.0119742 0.00315 
0.0013285 0.00498288 0.0200641 0.0293422 0.0139835 0.0101981 0.0112966 -0.000825 
-0.000264226 0.00527884 0.0174163 0.019137 0.0118287 0.00549287 0.00871852 0.000225 
-3.30938e-006 0.00288009 0.00710352 0.0162917 0.00563979 0.00916927 0.00268372 -0.00195 
0.00378446 0.00175383 0.00944659 0.0141177 0.00215355 0.00424907 0.0028116 0.0003 
-0.00299511 -0.00205813 0.00732578 0.00603036 0.00545421 0.0043378 0.000875832 -0.003 
-0.0033241 0.00379872 0.00344872 0.00609446 -0.00107498 0.00459827 0.00232259 -0.000375 
0.000383301 -0.00111673 0.000455369 0.00021396 -0.00259264 0.00375595 0.000569088 -7.5e-005 
0.00323592 0.00174873 0.00119204 0.00478731 0.000356037 0.002326 0.00357458 0.0027 
0.00245572 0.000165656 0.00177192 -0.00180394 -0.00342477 -0.00254531 0.00360431 -0.002775 
-0.00206647 -0.00297735 0.00134287 0.000572725 0.00123347 -0.00315654 0.00397164 0.0018 
-0.00235003 -0.00308052 0.00358329 0.0050066 -0.00123284 -0.00190656 -0.00172708 -0.0021 
-0.00205147 0.00426113 0.00168311 0.00367087 0.00428425 -0.00161924 0.00413427 0.00135 
0.00394963 0.00155829 0.0052744 0.00637646 0.00680391 0.00456707 -0.00101029 -0.0024 
0.000671199 0.00108929 0.00799214 0.00829284 0.00883083 0.00572545 0.00653806 0.002775 
-0.000477801 0.00190573 0.0117911 0.00760459 0.0100423 0.0100798 0.00784114 -0.003375 
0.00342028 0.00803578 0.0157808 0.0125128 0.0136953 0.00641504 0.00796872 0.0006 
0.00153612 0.00754228 0.0197749 0.0198973 0.0178189 0.0162458 0.00882518 0.003075 
0.00446735 0.00949452 0.0283311 0.0178592 0.0146822 0.0170107 0.00981993 -0.0036 
0.000744109 0.00993484 0.0305516 0.0230334 0.0215027 0.0176277 0.0111156 -0.001875 
0.00529149 0.0131405 0.0325933 0.022996 0.025093 0.0183623 0.0139787 0.002025 
0.00792094 0.0145726 0.0409395 0.0311239 0.0226822 0.0258419 0.019048 -0.0027 
0.00312094 0.0111976 0.0346395 0.0265489 0.0238822 0.0256169 0.020173 -0.0027 
0.00731649 0.00879051 0.0348433 0.028021 0.026593 0.0245873 0.0175037 -0.00195 
6.9109e-005 0.0102348 0.0325766 0.0222834 0.0200777 0.0225027 0.0120155 -0.0012 
0.000117348 0.00821952 0.0299061 0.0234842 0.0199322 0.0148357 0.0128949 0.0018 
0.000336121 0.00544228 0.0219499 0.0160723 0.0172189 0.0108458 0.0126502 0.00165 
0.000570277 0.00346078 0.0189308 0.0147628 0.0112953 0.010615 0.00781872 0.000675 
0.0030472 0.00295573 0.0114161 0.00557959 0.00831726 0.00587983 0.00259114 -0.001275 
0.0019462 0.00176429 0.00491714 0.00379284 0.00830583 0.00355045 0.000538056 0.0015 
-0.000100375 -0.000691711 0.0020494 0.00082646 0.000728906 0.00456707 0.00101471 0.002775 
-0.00257647 0.00343613 0.00370811 -0.000154134 0.00488425 0.00220576 0.00105927 0.003525 
0.000424969 -0.000980517 -0.000391712 -0.0014434 0.00161716 -0.00108156 -0.00195208 -0.0024 
0.00145853 -0.000352346 0.00381787 -0.00197727 -0.00229153 0.00351846 0.000896636 0.002025 
23.5
0 0 0 
0 0 0 
-0.188157 2.35854 1.13237 
0.239586 1.94754 0.837636 
0.611058 -0.974616 0.602713 
0.414239 0.459737 0.211935 
0.298863 0.0566118 0.324459 
0.383491 0.349345 0.180653 
0.336254 0.259979 0.189665 
0.360687 0.0011397 0.197468 
0.363132 0.408701 0.285668 
0.368145 0.252331 0.243475 
0.343537 0.102505 0.14132 
0.363 0.225035 0.248302 
0.329121 0.187832 0.167776 
0.376061 0.207221 0.237676 
0.346664 0.168358 0.151678 
0.321749 0.375609 0.233168 
0.283058 0.322281 0.218678 
0.372257 0.438153 0.238546 
0.368447 -0.136262 0.280846 
0.317877 1.18778 0.639851 
0.384177 0.883492 0.691512 
0.12825 4.34856 4.85912 
0.277999 0.0774958 0.101735 
-8.06772 -32.079 40.502 
0 0 0 
0 0 0 
0.25558 0.654298 1.02119 
0.231707 -0.266454 0.345145 
0.211877 0.708015 0.289774 
0.155874 0.810795 0.37391 
0.184476 0.122637 0.1217 
0.217123 0.407224 0.195859 
0.175667 0.171555 0.260833 
0.201147 0.327056 0.236777 
0.174934 0.220645 0.162864 
0.19197 0.232299 0.250749 
0.18287 0.47691 0.290873 
0.189773 0.365073 0.231853 
0.186067 0.399768 0.306557 
0.214683 0.38021 0.268467 
0.19017 0.508998 0.265615 
0.218858 0.421301 0.326716 
0.140237 0.0347136 0.162843 
0.152846 0.11028 0.265285 
0.098453 1.49412 0.9166 
-0.012269 0.765955 0.480959 
0 0 0 
-0.389968 -0.0105478 2.07917 
0.37774 0.299962 0.363504 
0.357669 0.197824 0.217384 
0.340873 0.366163 0.285778 
0.204615 0.372581 0.37263 
0.186061 0.313329 0.248644 
0.171616 0.478484 0.358869 
