0
003
0
0
0
0
0
0
0
0
-1
0
0
-0.012653 0 0 0 0 
-0.025784 0 0 0 0 
-0.012981 0 0 0 0 
-0.00937 0 0 0 0 
-0.012653 0 0 0 0 
-0.007072 0 0 0 0 
-1.30571 0 0 0 0 
-1.23808 0 0 0 0 
0 0 0 0 0 
0 0 0 0 0 
0 0 0 0 0 
0 0 0 0 0 
0 0 0 0 0 
0 0 0 0 0 
0 0 0 0 0 
0 0 0 0 0 
-0.000647645 -0.00014926 -0.000985919 -0.000949381 -0.00290955 -0.00346738 0.00205804 -0.002175 
0.00132828 -0.000302479 -0.00206195 0.0019411 -0.00222774 -0.000941683 -0.00136457 0.0006 
-0.00110183 0.0011718 0.000212413 0.000829175 -0.000531245 0.00212594 0.00173771 -0.0003 
-0.0035789 0.00099873 0.00240812 0.00569678 0.00110986 0.00120453 0.00382574 0.0024 
0.00170709 -0.000193951 -0.00046892 0.00909048 -0.0020438 -0.000282341 -0.000760898 0.002325 
-0.00151004 0.00189314 0.00314936 0.0198557 0.00258603 0.00183303 0.00211258 -0.00045 
0.00274909 -0.000227825 0.00888439 0.0235522 0.00160092 0.00404695 0.00136352 0.00345 
0.00150588 0.00183316 0.00627305 0.0411783 0.00592906 0.00709192 0.00350268 -0.0021 
0.00209594 0.00173625 0.0143633 0.0512037 0.0108334 0.00767319 0.00404823 -0.001575 
0.00254355 0.00623526 0.0184833 0.0631967 0.00550844 0.00596606 0.0030486 0.000825 
-0.00161058 0.00233523 0.0164708 0.071215 0.00872175 0.0099793 0.00659338 -0.001125 
0.00159677 0.00433434 0.020462 0.0836117 0.00877589 0.00895959 0.00853729 0 
0.00440941 0.00877122 0.0200774 0.0857247 0.0121572 0.00965571 0.00583216 0.001725 
0.000359412 0.00517122 0.0236774 0.0866997 0.00953219 0.00755571 0.00845716 0.0012 
0.00279677 0.00830934 0.022337 0.0827867 0.0148509 0.0118846 0.00696229 -0.00045 
0.00483942 0.00158523 0.0170708 0.07669 0.00707175 0.0121543 0.00494338 0.000675 
0.00486855 0.00338526 0.0178083 0.0661967 0.0124084 0.00514106 0.0080736 0.00315 
0.000595939 0.00271125 0.0143633 0.0496287 0.00985842 0.00587319 0.00817323 -0.000825 
-0.000819118 0.00355816 0.0130981 0.0345033 0.00870406 0.00221692 0.00635268 0.000225 
-0.000400907 0.00164718 0.00400939 0.0273022 0.00340092 0.00682195 0.000988522 -0.00195 
0.00351496 0.000918142 0.00734936 0.0215807 0.000636025 0.00265803 0.00166258 0.0003 
-0.00316791 -0.00259395 0.00598108 0.0108155 0.0044812 0.00331766 0.000139102 -0.003 
-0.0034289 0.00347373 0.00263312 0.00899678 -0.00166514 0.00397953 0.00187574 -0.000375 
0.000323169 -0.0013032 -1.2587e-005 0.00187918 -0.00293124 0.00340094 0.000312706 -7.5e-005 
0.00320328 0.00164752 0.000938053 0.0056911 0.000172259 0.00213332 0.00343543 0.0027 
0.00244004 0.000114805 0.00166467 -0.00137661 -0.00351311 -0.00264313 0.00353709 -0.002775 
-0.00209701 -0.00307639 0.00113398 0.00140505 0.00106141 -0.00334706 0.0038407 0.0018 
-0.0024063 -0.003263 0.00319841 0.00654014 -0.00154987 -0.0022576 -0.00196832 -0.0021 
-0.00214954 0.00394307 0.0010123 0.00634369 0.00373171 -0.00223106 0.00371381 0.00135 
0.00378794 0.0010339 0.00416842 0.0107832 0.00589292 0.00355834 -0.00170351 -0.0024 
0.000419031 0.000271443 0.00626722 0.0151657 0.00741003 0.00415221 0.00545689 0.002775 
-0.000849835 0.000699133 0.00924629 0.0177444 0.0079461 0.00775877 0.00624606 -0.003375 
0.00290106 0.00635183 0.0122292 0.026664 0.0107699 0.00317574 0.0057426 0.0006 
0.000850657 0.00531915 0.0150861 0.0385796 0.0139567 0.0119693 0.00588627 0.003075 
0.00361131 0.00671816 0.0224755 0.0411906 0.00985901 0.01167 0.00614968 -0.0036 
-0.000267184 0.00665496 0.023634 0.0505962 0.0158047 0.0113184 0.00677966 -0.001875 
0.00416135 0.00947518 0.0248627 0.053798 0.0187254 0.0113115 0.00913328 0.002025 
0.00672624 0.0106979 0.0327673 0.0636855 0.0159509 0.0183884 0.0139257 -0.0027 
0.00192624 0.00732293 0.0264673 0.0591105 0.0171509 0.0181634 0.0150507 -0.0027 
0.00618635 0.00512518 0.0271127 0.058823 0.0202254 0.0175365 0.0126583 -0.00195 
-0.000942184 0.00695496 0.025659 0.0498462 0.0143797 0.0161934 0.00767966 -0.0012 
-0.000738694 0.00544316 0.0240505 0.0468156 0.015109 0.00949496 0.00922468 0.0018 
-0.000349343 0.00321915 0.0172611 0.0347546 0.0133567 0.0065693 0.00971127 0.00165 
5.10618e-005 0.00177683 0.0153792 0.028914 0.00836987 0.00737574 0.0055926 0.000675 
0.00267516 0.00174913 0.00887129 0.0157194 0.0062211 0.00355877 0.000996056 -0.001275 
0.00169403 0.000946443 0.00319222 0.0106657 0.00688503 0.00197721 -0.000543107 0.0015 
-0.00026206 -0.0012161 0.000943421 0.0052332 -0.000182081 0.00355834 0.000321489 0.002775 
-0.00267454 0.00311807 0.0030373 0.00251869 0.00433171 0.00159394 0.000638809 0.003525 
0.000368703 -0.001163 -0.000776593 9.01442e-005 0.00130013 -0.0014326 -0.00219332 -0.0024 
0.00142799 -0.00045139 0.00360898 -0.00114495 -0.00246359 0.00332794 0.000765703 0.002025 
23.5
0 0 0 
0 0 0 
0.186584 2.17896 1.02101 
0.488371 1.82834 0.763721 
1.28986 -1.2991 0.586189 
0.66363 0.340387 0.141915 
0.561177 -0.0688751 0.308412 
0.611734 0.240127 0.112897 
0.55684 0.154435 0.124183 
0.601977 -0.114287 0.130967 
0.626315 0.282758 0.207529 
0.61354 0.134916 0.170622 
0.584642 -0.0128416 0.069751 
0.612923 0.105456 0.174104 
0.552178 0.0811123 0.101562 
0.616703 0.0920833 0.166234 
0.561551 0.065548 0.0878906 
0.54415 0.269187 0.167143 
0.510297 0.213549 0.190893 
0.623776 0.317789 0.163875 
0.563173 -0.229404 0.268937 
0.570056 1.06703 0.564945 
0.567089 0.795927 0.637175 
1.12595 3.8696 4.57364 
0.330475 0.0523917 0.0861588 
-6.15193 -33.0811 40.3665 
0 0 0 
0 0 0 
0.441639 0.554247 1.02736 
0.391814 -0.352491 0.353923 
0.387448 0.613602 0.257046 
0.363682 0.699039 0.316775 
0.393075 0.0105119 0.110224 
0.420955 0.297637 0.13983 
0.405123 0.0482151 0.197756 
0.441808 0.197677 0.170621 
0.409211 0.0947088 0.0984703 
0.392776 0.124353 0.195547 
0.40712 0.356341 0.229223 
0.398348 0.252941 0.174518 
0.41618 0.276054 0.243295 
0.427933 0.265562 0.209843 
0.411186 0.390164 0.204857 
0.428614 0.308527 0.269048 
0.39505 -0.102241 0.15428 
0.429764 -0.0385642 0.280476 
0.623281 1.21174 0.772193 
0.200469 0.65156 0.488054 
0 0 0 
-0.225798 -0.0987628 2.07353 
0.681941 0.154431 0.309755 
0.601182 0.0813139 0.145824 
0.569958 0.25654 0.229988 
0.400534 0.267252 0.343273 
0.410081 0.192899 0.187061 
0.44743 0.330177 0.304856 
