0
003
0
0
0
0
0
0
0
0
-1
0
0
-0.008385 0 0 0 0 
-0.022173 0 0 0 0 
-0.010027 0 0 0 0 
-0.006744 0 0 0 0 
-0.007729 0 0 0 0 
0.00015 0 0 0 0 
-1.29684 0 0 0 0 
-1.35692 0 0 0 0 
0 0 0 0 0 
0 0 0 0 0 
0 0 0 0 0 
0 0 0 0 0 
0 0 0 0 0 
0 0 0 0 0 
0 0 0 0 0 
0 0 0 0 0 
-0.000616044 -4.83685e-005 -0.00075918 -0.00181558 -0.00273153 -0.00327398 0.00219326 -0.002175 
0.00138983 -0.000105969 -0.00162032 0.000253972 -0.00188102 -0.000565009 -0.0011012 0.0006 
-0.000988426 0.00153387 0.0010261 -0.00227932 0.000107585 0.00281996 0.00222297 -0.0003 
-0.00338125 0.00162978 0.0038263 0.000278953 0.00222328 0.00241413 0.0046715 0.0024 
0.00203297 0.00084647 0.00186927 0.000157997 -0.00020808 0.00171195 0.00063353 0.002325 
-0.00100179 0.00351581 0.00679606 0.00592437 0.00544906 0.00494338 0.00428736 -0.00045 
0.00349893 0.00216616 0.0142645 0.00299876 0.00582487 0.00863577 0.00457207 0.00345 
0.00255237 0.00517423 0.0137816 0.0124936 0.0118241 0.0134961 0.00798057 -0.0021 
0.0034775 0.00614712 0.024276 0.0133344 0.018616 0.016128 0.0099599 -0.001575 
0.00426891 0.0117438 0.0308628 0.0159037 0.0152277 0.0165248 0.0104314 0.000825 
0.00042769 0.00884275 0.0310955 0.015345 0.0202036 0.022453 0.0153151 -0.001125 
0.00387458 0.0116066 0.0368054 0.0211759 0.0216071 0.0228992 0.018284 0 
0.00681735 0.0164589 0.0373544 0.0197221 0.0257214 0.0243917 0.0161357 0.001725 
0.00276735 0.0128589 0.0409544 0.0206971 0.0230964 0.0222917 0.0187607 0.0012 
0.00507458 0.0155816 0.0386804 0.0203509 0.0276821 0.0258242 0.016709 -0.00045 
0.00687769 0.00809275 0.0316955 0.02082 0.0185536 0.024628 0.0136651 0.000675 
0.00659391 0.00889376 0.0301878 0.0189037 0.0221277 0.0156998 0.0154564 0.00315 
0.0019775 0.00712212 0.024276 0.0117594 0.017641 0.014328 0.0140849 -0.000825 
0.000227366 0.00689923 0.0206066 0.00581865 0.0145991 0.00862114 0.0108306 0.000225 
0.000348931 0.00404116 0.00938951 0.00674876 0.00762487 0.0114108 0.00419707 -0.00195 
0.00402321 0.00254081 0.0109961 0.00764937 0.00349906 0.00576838 0.00383736 0.0003 
-0.00284203 -0.00155353 0.00831927 0.001883 0.00631692 0.00531195 0.00153353 -0.003 
-0.00323125 0.00410478 0.0040513 0.00357895 -0.000551717 0.00518913 0.0027215 -0.000375 
0.000436574 -0.00094113 0.000801101 -0.00122932 -0.00229242 0.00409496 0.000797966 -7.5e-005 
0.00326483 0.00184403 0.00137968 0.00400397 0.000518982 0.00250999 0.0036988 0.0027 
0.00246666 0.000204236 0.00182625 -0.00209257 -0.00336306 -0.00246976 0.00365173 -0.002775 
-0.00204516 -0.0029022 0.00144869 1.05427e-005 0.00135366 -0.00300939 0.00406399 0.0018 
-0.00231078 -0.00294207 0.00377825 0.0039708 -0.00101139 -0.00163545 -0.00155692 -0.0021 
-0.00198306 0.00450244 0.0020229 0.00186555 0.00467022 -0.00114671 0.00443084 0.00135 
0.00406242 0.00195614 0.00583463 0.00339999 0.00744027 0.00534615 -0.00052132 -0.0024 
0.000847121 0.00170978 0.00886589 0.00365067 0.00982332 0.00694051 0.00730067 0.002775 
-0.000218256 0.00282117 0.0130802 0.000755811 0.0115065 0.0118725 0.00896625 -0.003375 
0.0037825 0.00931338 0.0175799 0.00295455 0.0157388 0.00891686 0.00953894 0.0006 
0.00201433 0.00922896 0.02215 0.00727854 0.0205167 0.0195487 0.0108982 0.003075 
0.00506455 0.0116009 0.0312972 0.00210027 0.0180514 0.0211355 0.0124088 -0.0036 
0.00144963 0.0124233 0.0340557 0.00441644 0.0254829 0.0225006 0.0141739 -0.001875 
0.00607991 0.0159214 0.0365092 0.00219123 0.029541 0.0238078 0.0173965 0.002025 
0.00875441 0.0175124 0.0450791 0.00913064 0.0273843 0.0315986 0.022661 -0.0027 
0.00395441 0.0141374 0.0387791 0.00455564 0.0285843 0.0313736 0.023786 -0.0027 
0.00810491 0.0115714 0.0387591 0.00721623 0.031041 0.0300328 0.0209215 -0.00195 
0.000774625 0.0127233 0.0360807 0.00366644 0.0240579 0.0273756 0.0150739 -0.0012 
0.000714554 0.0103259 0.0328722 0.00772527 0.0233014 0.0189605 0.0154838 0.0018 
0.000814327 0.00712896 0.024325 0.00345354 0.0199167 0.0141487 0.0147232 0.00165 
0.000932501 0.00473838 0.0207299 0.00520455 0.0133388 0.0131169 0.00938894 0.000675 
0.00330674 0.00387117 0.0127052 -0.00126919 0.00978152 0.00767246 0.00371625 -0.001275 
0.00212212 0.00238478 0.00579089 -0.000849333 0.00929832 0.00476551 0.00130067 0.0015 
1.2423e-005 -0.000293862 0.00260963 -0.00215001 0.00136527 0.00534615 0.00150368 0.002775 
-0.00250806 0.00367744 0.0040479 -0.00195945 0.00527022 0.00267829 0.00135584 0.003525 
0.000464223 -0.000842066 -0.000196753 -0.0024792 0.00183861 -0.000810445 -0.00178192 -0.0024 
0.00147984 -0.000277202 0.00392369 -0.00253946 -0.00217134 0.00366561 0.000988991 0.002025 
23.5
0 0 0 
0 0 0 
-0.513045 2.54074 1.21907 
0.0239184 2.06847 0.895172 
0.0224297 -0.645179 0.616441 
0.198045 0.580847 0.269561 
0.0714652 0.183956 0.380886 
0.185634 0.460173 0.233389 
0.145036 0.367079 0.240631 
0.151517 0.118274 0.25322 
0.134981 0.536502 0.346486 
0.155416 0.37148 0.300179 
0.134528 0.219557 0.197024 
0.146345 0.346381 0.306053 
0.135761 0.296126 0.21931 
0.167454 0.324058 0.293282 
0.160387 0.272684 0.201324 
0.128957 0.483599 0.284556 
0.0860713 0.432614 0.271183 
0.154218 0.560292 0.296665 
0.199648 -0.0417441 0.284761 
0.0992665 1.3103 0.698155 
0.225621 0.972339 0.733804 
-0.737121 4.83461 5.09134 
0.232515 0.102967 0.113856 
-9.36338 -31.2419 40.4876 
0 0 0 
0 0 0 
0.129893 0.737404 1.02424 
0.123554 -0.194982 0.34811 
0.0932769 0.786437 0.323004 
0.015493 0.903621 0.406064 
0.0435615 0.215779 0.117862 
0.0794293 0.498254 0.227388 
0.0206601 0.274015 0.29633 
0.0385707 0.43453 0.274006 
0.0166701 0.32526 0.199101 
0.0563201 0.321967 0.281812 
0.0313813 0.577063 0.325566 
0.0488749 0.458218 0.264118 
0.0306169 0.502535 0.342159 
0.0706255 0.475445 0.301458 
0.0408652 0.607709 0.299807 
0.0771617 0.514978 0.35917 
-0.0319019 0.148486 0.17933 
-0.0342294 0.233931 0.270408 
-0.256158 1.7287 0.997897 
-0.15598 0.860975 0.484419 
0 0 0 
-0.500866 0.0627315 2.07661 
0.114006 0.44766 0.412757 
0.146572 0.316054 0.273651 
0.142286 0.477401 0.332847 
0.0722668 0.460075 0.391857 
0.0347277 0.41337 0.283299 
-0.0147172 0.601683 0.39289 
