0
003
0
0
0
0
0
0
0
0
-1
0
0
-0.005103 0 0 0 0 
-0.020203 0 0 0 0 
-0.008714 0 0 0 0 
-0.005759 0 0 0 0 
-0.008057 0 0 0 0 
-0.001492 0 0 0 0 
-1.22036 0 0 0 0 
-1.22659 0 0 0 0 
0 0 0 0 0 
0 0 0 0 0 
0 0 0 0 0 
0 0 0 0 0 
0 0 0 0 0 
0 0 0 0 0 
0 0 0 0 0 
0 0 0 0 0 
-0.00063759 -0.000118447 -0.000905263 -0.00122893 -0.00285294 -0.00340888 0.00210084 -0.002175 
0.00134786 -0.000242463 -0.00190485 0.00139661 -0.00211748 -0.00082774 -0.0012812 0.0006 
-0.00106575 0.00128238 0.000501858 -0.000174029 -0.0003281 0.00233588 0.00189132 -0.0003 
-0.00351601 0.00119146 0.00291259 0.00394828 0.00146392 0.00157043 0.00409348 0.0024 
0.00181078 0.000123802 0.000362821 0.0062077 -0.00146005 0.000320927 -0.000319466 0.002325 
-0.00134833 0.00238872 0.00444656 0.0153596 0.00349646 0.0027739 0.00280105 -0.00045 
0.00298767 0.000503317 0.0107982 0.016919 0.00294412 0.00543506 0.00237925 0.00345 
0.00183884 0.00285355 0.008944 0.0319209 0.00780364 0.00902918 0.00492024 -0.0021 
0.0025355 0.00308337 0.0178894 0.0389821 0.0133082 0.0102307 0.00591968 -0.001575 
0.0030925 0.0079176 0.0228869 0.0479338 0.00859911 0.00916006 0.00538576 0.000825 
-0.000962073 0.00432268 0.0216731 0.0531841 0.0123729 0.0137526 0.0093544 -0.001125 
0.00232149 0.00655535 0.0262757 0.0634618 0.0128562 0.0131763 0.0116228 0 
0.00517554 0.0111191 0.0262231 0.0644237 0.0164706 0.0141133 0.00909393 0.001725 
0.00112554 0.00751911 0.0298231 0.0653987 0.0138456 0.0120133 0.0117189 0.0012 
0.00352149 0.0105303 0.0281507 0.0626368 0.0189312 0.0161013 0.0100478 -0.00045 
0.00548793 0.00357268 0.0222731 0.0586591 0.0107229 0.0159276 0.0077044 0.000675 
0.0054175 0.0050676 0.0222119 0.0509338 0.0154991 0.00833506 0.0104108 0.00315 
0.0010355 0.00405837 0.0178894 0.0374071 0.0123332 0.00843074 0.0100447 -0.000825 
-0.000486162 0.00457855 0.015769 0.0252459 0.0105786 0.00415418 0.00777024 0.000225 
-0.000162334 0.00237832 0.00592321 0.020669 0.00474412 0.00821006 0.00200425 -0.00195 
0.00367667 0.00141372 0.00864656 0.0170846 0.00154646 0.0035989 0.00235105 0.0003 
-0.00306422 -0.0022762 0.00681282 0.0079327 0.00506495 0.00392093 0.000580534 -0.003 
-0.00336601 0.00366646 0.00313759 0.00724828 -0.00131108 0.00434543 0.00214348 -0.000375 
0.00035925 -0.00119262 0.000276858 0.000875971 -0.0027281 0.00361088 0.000466324 -7.5e-005 
0.00322286 0.00170754 0.00109515 0.00514661 0.000282515 0.00224726 0.0035188 0.0027 
0.00244982 0.000146131 0.00173414 -0.00164433 -0.00345802 -0.00258303 0.00357895 -0.002775 
-0.00207796 -0.00301537 0.00126929 0.000883597 0.00116871 -0.00323002 0.00392224 0.0018 
-0.0023712 -0.00315058 0.00344771 0.00557938 -0.00135217 -0.00204195 -0.0018181 -0.0021 
-0.00208837 0.00413901 0.00144681 0.00466916 0.00407627 -0.0018552 0.00397564 0.00135 
0.00388878 0.00135694 0.00488481 0.00802237 0.00646101 0.00417803 -0.00127182 -0.0024 
0.000576308 0.000775265 0.00738452 0.0108598 0.00829604 0.00511869 0.00613016 0.002775 
-0.000617798 0.00144244 0.0108947 0.0113918 0.00925325 0.00918465 0.00723936 -0.003375 
0.0032249 0.00738921 0.0145297 0.0177983 0.0125942 0.00516571 0.00712887 0.0006 
0.00127818 0.00668868 0.0181232 0.0268751 0.0163651 0.0145964 0.00771641 0.003075 
0.00414522 0.0084285 0.0262684 0.0265734 0.0128667 0.0149509 0.00843525 -0.0036 
0.000363558 0.00867548 0.0281148 0.033328 0.0193579 0.0151944 0.00947974 -0.001875 
0.00486621 0.0117332 0.0298701 0.0345005 0.0226962 0.015643 0.0121507 0.002025 
0.00747137 0.0130849 0.0380608 0.0432856 0.0201485 0.0229673 0.0171155 -0.0027 
0.00267137 0.00970989 0.0317608 0.0387106 0.0213485 0.0227423 0.0182405 -0.0027 
0.00689121 0.00738316 0.0321201 0.0395255 0.0241962 0.021868 0.0156757 -0.00195 
-0.000311442 0.00897548 0.0301398 0.032578 0.0179329 0.0200694 0.0103797 -0.0012 
-0.000204782 0.0071535 0.0278434 0.0321984 0.0181167 0.0127759 0.0115102 0.0018 
7.81804e-005 0.00458868 0.0202982 0.0230501 0.0157651 0.00919645 0.0115414 0.00165 
0.000374896 0.0028142 0.0176797 0.0200483 0.0101942 0.00936571 0.00697887 0.000675 
0.0029072 0.00249244 0.0105197 0.00936679 0.00752825 0.00498465 0.00198936 -0.001275 
0.00185131 0.00145027 0.00430952 0.00635984 0.00777104 0.00294369 0.000130164 0.0015 
-0.000161217 -0.000893056 0.00165981 0.00247237 0.000386006 0.00417803 0.000753177 0.002775 
-0.00261337 0.00331401 0.00347181 0.00084416 0.00467627 0.0019698 0.000900641 0.003525 
0.000403796 -0.00105058 -0.000527292 -0.000870621 0.00149783 -0.00121695 -0.0020431 -0.0024 
0.00144704 -0.000390375 0.00374429 -0.0016664 -0.00235629 0.00344498 0.000847239 0.002025 
23.5
0 0 0 
0 0 0 
-0.0391644 2.28381 1.08933 
0.338497 1.89793 0.809072 
0.880961 -1.10968 0.588978 
0.513391 0.410068 0.183324 
0.403153 0.00438746 0.319165 
0.474234 0.303893 0.154469 
0.423953 0.216055 0.16436 
0.456618 -0.0468978 0.169787 
0.467768 0.356288 0.255471 
0.465708 0.203466 0.215321 
0.439394 0.0545014 0.113663 
0.462364 0.17527 0.219628 
0.417803 0.143419 0.142188 
0.471735 0.159304 0.210068 
0.432097 0.125572 0.127028 
0.41017 0.33132 0.207653 
0.373403 0.27703 0.205163 
0.472255 0.388062 0.20969 
0.445864 -0.175025 0.276917 
0.418137 1.13753 0.610903 
0.456897 0.847051 0.670514 
0.524984 4.14923 4.74391 
0.298861 0.0670487 0.0957157 
-7.35184 -32.4735 40.4647 
0 0 0 
0 0 0 
0.325076 0.614976 1.02258 
0.291509 -0.30027 0.347306 
0.277456 0.670909 0.276152 
0.233494 0.766872 0.353379 
0.262392 0.0785682 0.11887 
0.293258 0.364153 0.175726 
0.261373 0.123078 0.238167 
0.291039 0.276206 0.213004 
0.262441 0.171148 0.139725 
0.266975 0.189873 0.230913 
0.266632 0.429523 0.26872 
0.267679 0.321002 0.211251 
0.272019 0.351144 0.283824 
0.294336 0.33515 0.247401 
0.272724 0.462293 0.243782 
0.297206 0.376978 0.305994 
0.235415 -0.0191147 0.160888 
0.256282 0.0517786 0.269025 
0.294501 1.38313 0.864703 
0.0671925 0.720996 0.482571 
0 0 0 
-0.328648 -0.0452189 2.07786 
0.498687 0.239394 0.341308 
0.454484 0.149336 0.189447 
0.431952 0.320542 0.263918 
0.277794 0.331184 0.36174 
0.269737 0.265996 0.226515 
0.27464 0.420194 0.339374 
