0
003
0
0
0
0
0
0
0
0
-1
0
0
-0.01134 0 0 0 0 
-0.024142 0 0 0 0 
-0.012653 0 0 0 0 
-0.010683 0 0 0 0 
-0.014623 0 0 0 0 
-0.011012 0 0 0 0 
-2.05219 0 0 0 0 
-1.97275 0 0 0 0 
0 0 0 0 0 
0 0 0 0 0 
0 0 0 0 0 
0 0 0 0 0 
0 0 0 0 0 
0 0 0 0 0 
0 0 0 0 0 
0 0 0 0 0 
-0.000672693 -0.000215338 -0.00125757 -0.000220108 -0.00305032 -0.00358794 0.00195316 -0.002175 
0.00127949 -0.000431182 -0.00259106 0.00336153 -0.00250194 -0.0011765 -0.00156884 0.0006 
-0.00119172 0.000934672 -0.000762465 0.00344629 -0.00103645 0.00169329 0.00136135 -0.0003 
-0.00373557 0.000585431 0.000708992 0.0102582 0.000229336 0.000450456 0.00316978 0.0024 
0.00144879 -0.000875367 -0.0032703 0.0166109 -0.00349554 -0.00152559 -0.00184239 0.002325 
-0.00191289 0.00083039 -0.00121974 0.0315848 0.000321857 -0.000105974 0.000425856 -0.00045 
0.00215475 -0.00179575 0.00243848 0.0408566 -0.0017395 0.00118625 -0.00112497 0.00345 
0.00067641 -0.000355051 -0.00272294 0.0653285 0.00126713 0.0030995 2.97134e-005 -0.0021 
0.00100088 -0.00115261 0.00248683 0.0830866 0.00467877 0.00240242 -0.000536758 -0.001575 
0.00117598 0.00262751 0.00365141 0.103014 -0.00217778 -0.000616336 -0.00267736 0.000825 
-0.00322617 -0.00192682 -0.00105105 0.118253 -0.00035845 0.00220312 -0.000171046 -0.001125 
-0.000208684 -0.00042859 0.00088104 0.136178 -0.00137141 0.000269563 0.000977922 0 
0.00250082 0.00373619 -0.000622205 0.141294 0.00143019 0.000469239 -0.00215906 0.001725 
-0.00154918 0.000136194 0.00297779 0.142269 -0.00119481 -0.00163076 0.000465943 0.0012 
0.000991316 0.00354641 0.00275604 0.135353 0.00470359 0.00319456 -0.000597078 -0.00045 
0.00322383 -0.00267683 -0.000451046 0.123728 -0.00200845 0.00437812 -0.00182105 0.000675 
0.00350098 -0.000222494 0.00297641 0.106014 0.00472222 -0.00144134 0.00234764 0.00315 
-0.000499124 -0.000177606 0.00248683 0.0815116 0.00370377 0.000602417 0.00358824 -0.000825 
-0.00164859 0.00136995 0.00410206 0.0586535 0.00404213 -0.0017755 0.00287971 0.000225 
-0.00099525 7.92533e-005 -0.00243652 0.0446066 6.04986e-005 0.00396125 -0.00149997 -0.00195 
0.00311211 -0.00014461 0.00298026 0.0333098 -0.00162814 0.000719026 -2.41436e-005 0.0003 
-0.00342621 -0.00327537 0.0031797 0.0183359 0.00302946 0.00207441 -0.000942392 -0.003 
-0.00358557 0.00306043 0.000933992 0.0135582 -0.00254566 0.00322546 0.00121978 -0.000375 
0.00023328 -0.00154033 -0.000987465 0.00449629 -0.00343645 0.00296829 -6.36524e-005 -7.5e-005 
0.00315449 0.00151882 0.00040894 0.00711153 -0.000101939 0.0018985 0.00323116 0.0027 
0.0024048 1.29001e-005 0.00134161 -0.00037802 -0.00371138 -0.00283381 0.00338806 -0.002775 
-0.00216565 -0.00327487 0.000504735 0.00335004 0.000675221 -0.00371846 0.00355043 0.0018 
-0.00253277 -0.00362871 0.00203903 0.0101237 -0.00226141 -0.00294189 -0.00250314 -0.0021 
-0.00236997 0.00330569 -0.00100839 0.0125896 0.00249156 -0.00342372 0.00278167 0.00135 
0.00342452 -1.69712e-005 0.000836878 0.0210809 0.00384826 0.00159199 -0.00324036 -0.0024 
-0.00014777 -0.00136753 0.00107127 0.0312263 0.00422113 0.00108544 0.00305999 0.002775 
-0.00168606 -0.0017189 0.00158049 0.0414392 0.00324138 0.00323423 0.00270981 -0.003375 
0.00173402 0.00297719 0.00153075 0.0597328 0.00420392 -0.00313876 0.000807375 0.0006 
-0.000690067 0.000863975 0.000962017 0.0822368 0.00528842 0.00363294 -0.000629181 0.003075 
0.00168717 0.00115432 0.00483667 0.0957118 -0.000966422 0.00125911 -0.00198713 -0.0036 
-0.00254028 8.20551e-005 0.00279622 0.115005 0.00301599 -0.000980552 -0.00283285 -0.001875 
0.00162112 0.00212984 0.0015761 0.125776 0.00443373 -0.00243281 -0.00160888 0.002025 
0.00404089 0.00293296 0.00815038 0.139776 0.000842758 0.00385887 0.00256988 -0.0027 
-0.000759106 -0.000442043 0.00185038 0.135201 0.00204276 0.00363387 0.00369489 -0.0027 
0.00364612 -0.00222016 0.0038261 0.130801 0.00593373 0.00379219 0.00191612 -0.00195 
-0.00321528 0.000382055 0.00482122 0.114255 0.00159099 0.00389445 -0.00193285 -0.0012 
-0.00266283 -0.000120681 0.00641167 0.101337 0.00428358 -0.000915894 0.00108787 0.0018 
-0.00189007 -0.00123603 0.00313702 0.0784118 0.00468842 -0.00176706 0.00319582 0.00165 
-0.00111598 -0.00159781 0.00468075 0.0619828 0.00180392 0.00106124 0.000657375 0.000675 
0.00183894 -0.000668904 0.00120549 0.0394142 0.00151638 -0.000965769 -0.00254019 -0.001275 
0.00112723 -0.000692525 -0.00200373 0.0267263 0.00369613 -0.00108956 -0.00294001 0.0015 
-0.000625482 -0.00226697 -0.00238812 0.0155309 -0.00222674 0.00159199 -0.00121536 0.002775 
-0.00289497 0.00248069 0.00101661 0.00876457 0.00309156 0.000401282 -0.000293335 0.003525 
0.000242232 -0.00152871 -0.00193597 0.00367374 0.000588594 -0.00211689 -0.00272814 -0.0024 
0.00135935 -0.000649874 0.00297973 0.00080004 -0.00284978 0.00295654 0.000475431 0.002025 
23.5
0 0 0 
0 0 0 
0.775324 2.00282 0.806682 
0.879277 1.71142 0.644574 
2.35598 -1.61679 0.59097 
1.05549 0.223401 0.160963 
0.973335 -0.191852 0.248707 
0.97037 0.133076 0.120186 
0.903448 0.0509871 0.0792096 
0.98111 -0.227405 0.123112 
1.03984 0.159316 0.0692708 
0.999121 0.0198365 0.0303542 
0.963483 -0.125887 0.0680484 
1.00562 -0.0117416 0.0562272 
0.902667 -0.0234837 0.0259276 
0.994817 -0.0207612 0.109809 
0.899205 -0.0352161 0.0349287 
0.89361 0.164873 0.0667024 
0.867357 0.106976 0.114364 
1.01898 0.19981 0.15725 
0.869156 -0.320682 0.224617 
0.966294 0.948629 0.420743 
0.85451 0.710073 0.532567 
2.69244 3.39975 4.34412 
0.412945 0.0277835 0.0561637 
-1.68639 -34.7817 39.6278 
0 0 0 
0 0 0 
0.87632 0.382561 1.07062 
0.765876 -0.500099 0.409995 
0.79763 0.451587 0.225054 
0.849161 0.507268 0.225612 
0.880401 -0.181859 0.1432 
0.897146 0.109606 0.0780697 
0.94116 -0.163394 0.0942243 
1.00401 -0.0242973 0.0137495 
0.956507 -0.121355 0.0809934 
0.861901 -0.0608541 0.0598411 
0.930997 0.149469 0.0600618 
0.885615 0.0605457 0.0666911 
0.95375 0.0637905 0.0669893 
0.926122 0.0688496 0.060994 
0.927512 0.186267 0.0847922 
0.918641 0.11503 0.108329 
0.990303 -0.33719 0.125298 
1.07664 -0.293909 0.409451 
1.84887 0.727321 0.548819 
0.69746 0.455263 0.537622 
0 0 0 
0.157754 -0.250116 2.03489 
1.15986 0.0118333 0.281103 
0.983808 -0.0328751 0.0689641 
0.929917 0.14909 0.161202 
0.858242 0.0865242 0.320968 
0.93342 -0.0137279 0.0632215 
1.09169 0.075737 0.200668 
