0
003
0
0
0
0
0
0
0
0
-1
0
0
-0.01134 0 0 0 0 
-0.025455 0 0 0 0 
-0.012325 0 0 0 0 
-0.009699 0 0 0 0 
-0.013638 0 0 0 0 
-0.009699 0 0 0 0 
-1.37267 0 0 0 0 
-1.20985 0 0 0 0 
0 0 0 0 0 
0 0 0 0 0 
0 0 0 0 0 
0 0 0 0 0 
0 0 0 0 0 
0 0 0 0 0 
0 0 0 0 0 
0 0 0 0 0 
-0.000666963 -0.000190593 -0.0012591 -0.000357401 -0.00301789 -0.00353767 0.00197875 -0.002175 
0.00129065 -0.000382983 -0.00259403 0.00309412 -0.00243877 -0.0010786 -0.00151901 0.0006 
-0.00117116 0.00102348 -0.000767939 0.00295359 -0.000920056 0.00187368 0.00145316 -0.0003 
-0.00369973 0.000740208 0.000699452 0.00939944 0.000432199 0.000764851 0.0033298 0.0024 
0.00150788 -0.000620182 -0.00328603 0.0151951 -0.00316108 -0.00100725 -0.00157857 0.002325 
-0.00182073 0.00122838 -0.00124427 0.0293766 0.000843496 0.000702456 0.000837326 -0.00045 
0.00229071 -0.00120857 0.00240229 0.0375988 -0.000969906 0.00237896 -0.000517912 0.00345 
0.000866158 0.000464418 -0.00277345 0.060782 0.00234119 0.00476406 0.000876931 -0.0021 
0.00125138 -7.07486e-005 0.00242015 0.0770843 0.00609673 0.00459996 0.000581732 -0.001575 
0.00148882 0.00397858 0.00356813 0.0955177 -0.00040696 0.00212806 -0.00128053 0.000825 
-0.0028566 -0.000330717 -0.00114942 0.109398 0.00173353 0.00544524 0.00147911 -0.001125 
0.000204327 0.00135509 0.000771105 0.126282 0.000966414 0.00389269 0.002822 0 
0.00293742 0.00562177 -0.000738421 0.130832 0.00390157 0.00429935 -0.00020963 0.001725 
-0.00111258 0.00202177 0.00286158 0.131807 0.00127658 0.00219935 0.00241537 0.0012 
0.00140433 0.00533009 0.0026461 0.125457 0.00704141 0.00681769 0.001247 -0.00045 
0.0035934 -0.00108072 -0.00054942 0.114873 8.35287e-005 0.00762024 -0.000170892 0.000675 
0.00381382 0.00112858 0.00289313 0.0985177 0.00649304 0.00130306 0.00374447 0.00315 
-0.000248621 0.000904251 0.00242015 0.0755093 0.00512173 0.00279996 0.00470673 -0.000825 
-0.00145884 0.00218942 0.00405155 0.054107 0.00511619 -0.00011094 0.00372693 0.000225 
-0.00085929 0.000666429 -0.00247271 0.0413488 0.000830095 0.00515396 -0.000892912 -0.00195 
0.00320427 0.000253383 0.00295573 0.0311016 -0.0011065 0.00152746 0.000387326 0.0003 
-0.00336712 -0.00302018 0.00316397 0.0169201 0.00336392 0.00259275 -0.000678566 -0.003 
-0.00354973 0.00321521 0.000924452 0.0126994 -0.0023428 0.00353985 0.0013798 -0.000375 
0.000253843 -0.00145152 -0.000992939 0.00400359 -0.00332006 0.00314868 2.81589e-005 -7.5e-005 
0.00316565 0.00156702 0.00040597 0.00684412 -3.87671e-005 0.0019964 0.00328099 0.0027 
0.00240307 1.47321e-005 0.00128047 -0.000307929 -0.00372097 -0.00282706 0.00338186 -0.002775 
-0.00216902 -0.00327131 0.000385655 0.00348656 0.00065655 -0.00370532 0.00353836 0.0018 
-0.00253898 -0.00362213 0.00181963 0.0103753 -0.00229581 -0.00291767 -0.00252538 -0.0021 
-0.0023808 0.00331714 -0.00139078 0.013028 0.0024316 -0.00338151 0.00274292 0.00135 
0.00340666 1.92124e-006 0.000206415 0.0218037 0.0037494 0.00166157 -0.00330424 -0.0024 
-0.000175621 -0.00133806 8.79865e-005 0.0323536 0.00406696 0.00119397 0.00296035 0.002775 
-0.00172715 -0.00167543 0.00012981 0.0431024 0.00301392 0.00339435 0.00256281 -0.003375 
0.00167667 0.00303786 -0.000493835 0.0620539 0.00388647 -0.0029153 0.000602221 0.0006 
-0.000765773 0.00094407 -0.00171083 0.0853011 0.00486932 0.00392795 -0.000900025 0.003075 
0.00159263 0.00125435 0.00149869 0.0995386 -0.00148981 0.00162754 -0.00232538 -0.0036 
-0.00265197 0.000200222 -0.00114714 0.119526 0.00239769 -0.000545302 -0.00323243 -0.001875 
0.0014963 0.00226189 -0.00283067 0.130829 0.00374276 -0.00194641 -0.00205542 0.002025 
0.00390895 0.00307255 0.00349186 0.145117 0.000112318 0.00437306 0.00209783 -0.0027 
-0.000891055 -0.000302445 -0.00280814 0.140542 0.00131232 0.00414806 0.00322283 -0.0027 
0.0035213 -0.00208811 -0.000580672 0.135854 0.00524276 0.00427859 0.00146958 -0.00195 
-0.00332697 0.000500222 0.00087786 0.118776 0.000972686 0.0043297 -0.00233243 -0.0012 
-0.00275737 -2.06545e-005 0.00307369 0.105164 0.00376019 -0.000547463 0.000749624 0.0018 
-0.00196577 -0.00115593 0.000464172 0.0814761 0.00426932 -0.00147205 0.00292498 0.00165 
-0.00117333 -0.00153714 0.00265616 0.0643039 0.00148647 0.0012847 0.000452221 0.000675 
0.00179785 -0.000625433 -0.00024519 0.0410774 0.00128892 -0.000805649 -0.00268719 -0.001275 
0.00109938 -0.00066306 -0.00298701 0.0278536 0.00354196 -0.000981034 -0.00303965 0.0015 
-0.000643339 -0.00224808 -0.00301858 0.0162537 -0.0023256 0.00166157 -0.00127924 0.002775 
-0.0029058 0.00249214 0.000634218 0.00920297 0.0030316 0.000443489 -0.000332084 0.003525 
0.000236018 -0.00152213 -0.00215537 0.00392528 0.000554193 -0.00209267 -0.00275038 -0.0024 
0.00135598 -0.000646306 0.00286066 0.000936559 -0.00286845 0.00296968 0.000463364 0.002025 
23.5
0 0 0 
0 0 0 
0.664512 2.11963 0.815936 
0.805697 1.78898 0.627575 
2.15536 -1.40548 0.510427 
0.981731 0.301106 0.176176 
0.895756 -0.110138 0.232722 
0.902864 0.204189 0.140001 
0.838205 0.119711 0.0980491 
0.909746 -0.152239 0.0818617 
0.962002 0.241314 0.11427 
0.926543 0.0962889 0.0392579 
0.892174 -0.0507759 0.0621195 
0.931702 0.0661203 0.037397 
0.836694 0.0460076 0.0402835 
0.923645 0.0542094 0.105317 
0.835648 0.0317303 0.0326034 
0.82783 0.234165 0.104728 
0.800147 0.177773 0.126451 
0.944589 0.278176 0.178734 
0.81156 -0.260022 0.212749 
0.891711 1.02722 0.448036 
0.800408 0.767077 0.53708 
2.39772 3.71087 4.28387 
0.39742 0.0441333 0.0574551 
-1.37357 -34.5643 39.3523 
0 0 0 
0 0 0 
0.906827 0.403452 1.08897 
0.792129 -0.482114 0.432819 
0.826418 0.471299 0.246416 
0.883233 0.530598 0.250895 
0.914602 -0.158433 0.168139 
0.930566 0.132494 0.1058 
0.97878 -0.137626 0.0715824 
1.04347 0.00272712 0.0425223 
0.994917 -0.0950466 0.109002 
0.894825 -0.0383039 0.040026 
0.967763 0.174649 0.0873471 
0.919813 0.0839668 0.0964261 
0.991477 0.0896296 0.0410597 
0.961086 0.0927958 0.0431387 
0.963749 0.211083 0.1066 
0.953032 0.138583 0.0832494 
1.03208 -0.308574 0.15576 
1.12204 -0.262811 0.442552 
1.93486 0.786217 0.623602 
0.732339 0.479146 0.558606 
0 0 0 
0.184671 -0.231683 2.01868 
1.06991 0.106589 0.266687 
0.911787 0.0429893 0.0686438 
0.862161 0.220465 0.17266 
0.890365 0.108524 0.337803 
0.970149 0.011428 0.0697094 
1.1369 0.106704 0.213709 
