0
003
0
0
0
0
0
0
0
0
1
0
0
0.004745 0 0 0 0 
-0.012325 0 0 0 0 
-0.002477 0 0 0 0 
-0.000179 0 0 0 0 
-0.001492 0 0 0 0 
0.006387 0 0 0 0 
-1.30078 0 0 0 0 
-1.39565 0 0 0 0 
0 0 0 0 0 
0 0 0 0 0 
0 0 0 0 0 
0 0 0 0 0 
0 0 0 0 0 
0 0 0 0 0 
0 0 0 0 0 
0 0 0 0 0 
-0.000611488 -3.2408e-005 -0.000735864 -0.0019361 -0.00270584 -0.00324277 0.00221299 -0.002175 
0.0013987 -7.48819e-005 -0.00157491 1.92398e-005 -0.00183097 -0.000504216 -0.00106277 0.0006 
-0.000972079 0.00159115 0.00110977 -0.00271181 0.000199795 0.00293197 0.00229377 -0.0003 
-0.00335275 0.00172961 0.00397213 -0.000474835 0.002384 0.00260935 0.0047949 0.0024 
0.00207995 0.00101106 0.00210971 -0.00108479 5.6894e-005 0.00203382 0.000836983 0.002325 
-0.000928528 0.0037725 0.00717105 0.00398609 0.00586232 0.00544538 0.00460467 -0.00045 
0.00360702 0.00254487 0.0148177 0.000139137 0.00643457 0.00937639 0.00504021 0.00345 
0.00270321 0.00570277 0.0145537 0.00850273 0.012675 0.0145298 0.00863391 -0.0021 
0.00367665 0.00684489 0.0252954 0.00806565 0.0197393 0.0174926 0.0108224 -0.001575 
0.00451761 0.0126152 0.0321358 0.00932381 0.0166306 0.018229 0.0115086 0.000825 
0.000721503 0.0098722 0.0325993 0.00757177 0.021861 0.0244662 0.0165876 -0.001125 
0.00420292 0.0127571 0.0384859 0.0124892 0.0234592 0.025149 0.0197061 0 
0.00716445 0.0176751 0.039131 0.0105391 0.0276794 0.02677 0.017639 0.001725 
0.00311445 0.0140751 0.042731 0.0115141 0.0250544 0.02467 0.020264 0.0012 
0.00540292 0.0167321 0.0403609 0.0116642 0.0295342 0.028074 0.0181311 -0.00045 
0.0071715 0.0091222 0.0331993 0.0130468 0.020211 0.0266412 0.0149376 0.000675 
0.00684261 0.00976517 0.0314608 0.0123238 0.0235306 0.017404 0.0165336 0.00315 
0.00217665 0.00781989 0.0252954 0.00649065 0.0187643 0.0156926 0.0149474 -0.000825 
0.000378215 0.00742777 0.0213787 0.00182773 0.01545 0.00965475 0.0114839 0.000225 
0.000457019 0.00441987 0.00994275 0.00388914 0.00823457 0.0121514 0.00466521 -0.00195 
0.00409647 0.0027975 0.011371 0.00571109 0.00391232 0.00627038 0.00415467 0.0003 
-0.00279505 -0.00138894 0.00855971 0.000640212 0.00658189 0.00563382 0.00173698 -0.003 
-0.00320275 0.00420461 0.00419713 0.00282517 -0.000391002 0.00538435 0.0028449 -0.000375 
0.000452921 -0.000883853 0.000884772 -0.00166181 -0.0022002 0.00420697 0.000868767 -7.5e-005 
0.0032737 0.00187512 0.00142509 0.00376924 0.000569029 0.00257078 0.00373723 0.0027 
0.00246906 0.00021397 0.00182967 -0.00215185 -0.00334951 -0.00245019 0.00366232 -0.002775 
-0.0020405 -0.00288324 0.00145534 -0.000104911 0.00138005 -0.00297128 0.00408462 0.0018 
-0.00230219 -0.00290714 0.00379051 0.00375808 -0.000962784 -0.00156522 -0.00151891 -0.0021 
-0.00196808 0.00456332 0.00204428 0.00149479 0.00475494 -0.00102431 0.0044971 0.00135 
0.00408711 0.00205651 0.00586987 0.00278872 0.00757994 0.00554794 -0.000412083 -0.0024 
0.000885629 0.00186632 0.00892085 0.00269732 0.0100412 0.00725524 0.00747103 0.002775 
-0.000161444 0.00305213 0.0131613 -0.000650705 0.0118279 0.0123368 0.0092176 -0.003375 
0.00386179 0.0096357 0.0176931 0.000991603 0.0161874 0.00956489 0.00988973 0.0006 
0.002119 0.00965449 0.0222994 0.00468706 0.0211089 0.0204042 0.0113613 0.003075 
0.00519528 0.0121323 0.0314838 -0.00113609 0.0187909 0.0222039 0.0129871 -0.0036 
0.00160406 0.0130511 0.0342761 0.000593139 0.0263566 0.0237628 0.0148572 -0.001875 
0.00625249 0.0166229 0.0367555 -0.00208139 0.0305173 0.0252183 0.01816 0.002025 
0.00893685 0.018254 0.0453395 0.00461394 0.0284164 0.0330897 0.0234682 -0.0027 
0.00413685 0.014879 0.0390395 3.89354e-005 0.0296164 0.0328647 0.0245932 -0.0027 
0.00827749 0.0122729 0.0390055 0.00294361 0.0320173 0.0314433 0.021685 -0.00195 
0.000929056 0.0133511 0.0363011 -0.000156861 0.0249316 0.0286378 0.0157572 -0.0012 
0.000845277 0.0108573 0.0330588 0.00448891 0.0240409 0.0200289 0.0160621 0.0018 
0.000919002 0.00755449 0.0244744 0.000862064 0.0205089 0.0150042 0.0151863 0.00165 
0.00101179 0.0050607 0.0208431 0.0032416 0.0137874 0.0137649 0.00973973 0.000675 
0.00336356 0.00410213 0.0127863 -0.0026757 0.0101029 0.0081368 0.0039676 -0.001275 
0.00216063 0.00254133 0.00584585 -0.00180268 0.00951616 0.00508024 0.00147103 0.0015 
3.71134e-005 -0.00019349 0.00264487 -0.00276128 0.00150494 0.00554794 0.00161292 0.002775 
-0.00249308 0.00373832 0.00406928 -0.00233021 0.00535494 0.00280069 0.0014221 0.003525 
0.000472815 -0.000807137 -0.00018449 -0.00269192 0.00188722 -0.000740219 -0.00174391 -0.0024 
0.0014845 -0.000258244 0.00393034 -0.00265491 -0.00214495 0.00370372 0.00100962 0.002025 
23.5
0 0 0 
0 0 0 
-0.610415 2.60417 1.24177 
-0.040715 2.11057 0.910236 
-0.15401 -0.530434 0.613113 
0.133254 0.623017 0.284647 
0.00331595 0.228299 0.396756 
0.126339 0.498763 0.247194 
0.0877303 0.404372 0.253973 
0.0888316 0.159062 0.267815 
0.0666062 0.581002 0.362409 
0.091664 0.412968 0.315024 
0.071891 0.260316 0.211606 
0.0814159 0.388634 0.321172 
0.0778132 0.333835 0.232802 
0.104937 0.364741 0.307839 
0.104563 0.309011 0.214321 
0.0711797 0.521201 0.298009 
0.027037 0.471032 0.284928 
0.0888744 0.602821 0.311881 
0.149062 -0.00883189 0.286839 
0.0337511 1.35296 0.713421 
0.178105 1.00327 0.744877 
-0.99655 5.00383 5.15222 
0.218885 0.111836 0.117028 
-9.6297 -31.002 40.4395 
0 0 0 
0 0 0 
0.104079 0.761101 1.02795 
0.101342 -0.1746 0.352522 
0.0689189 0.808798 0.33458 
-0.0133386 0.93009 0.409915 
0.0146202 0.24234 0.11212 
0.0511497 0.524212 0.231163 
-0.0111756 0.303232 0.300581 
0.00518022 0.465178 0.278464 
-0.0158347 0.355093 0.20344 
0.0284603 0.347537 0.285532 
0.000268208 0.605622 0.329721 
0.0199371 0.484779 0.267981 
-0.00130989 0.531839 0.346422 
0.0410388 0.502602 0.305408 
0.0102008 0.635856 0.303901 
0.04806 0.54169 0.363056 
-0.0672565 0.180931 0.184049 
-0.072652 0.269193 0.278037 
-0.328997 1.79558 1.00764 
-0.185496 0.888069 0.488652 
0 0 0 
-0.523643 0.0836283 2.07337 
0.0349637 0.499093 0.424819 
0.0833084 0.357223 0.288381 
0.082772 0.516134 0.34532 
0.0450851 0.485025 0.395547 
0.00364651 0.441897 0.287449 
-0.052988 0.636813 0.39836 
