0
003
0
0
0
0
0
0
0
0
1
0
0
-0.008057 0 0 0 0 
-0.023486 0 0 0 0 
-0.011012 0 0 0 0 
-0.008714 0 0 0 0 
-0.013309 0 0 0 0 
-0.00937 0 0 0 0 
-1.14157 0 0 0 0 
-1.01584 0 0 0 0 
0 0 0 0 0 
0 0 0 0 0 
0 0 0 0 0 
0 0 0 0 0 
0 0 0 0 0 
0 0 0 0 0 
0 0 0 0 0 
0 0 0 0 0 
-0.000648228 -0.000127401 -0.00114685 -0.000860745 -0.00291225 -0.00341508 0.00205947 -0.002175 
0.00132715 -0.000259903 -0.00237539 0.00211374 -0.00223301 -0.000839815 -0.00136178 0.0006 
-0.00110392 0.00125025 -0.000365107 0.00114726 -0.00054095 0.00231363 0.00174286 -0.0003 
-0.00358255 0.00113545 0.00140155 0.00625117 0.00109295 0.00153165 0.00383471 0.0024 
0.00170108 3.14648e-005 -0.00212847 0.0100045 -0.00207169 0.000256994 -0.000746097 0.002325 
-0.00151941 0.00224471 0.000561097 0.0212812 0.00254253 0.00267419 0.00213566 -0.00045 
0.00273526 0.000290851 0.00506582 0.0256554 0.00153675 0.00528795 0.00139758 0.00345 
0.00148658 0.00255703 0.000943806 0.0441135 0.00583951 0.00882387 0.00355021 -0.0021 
0.00207045 0.0026919 0.00732764 0.0550787 0.0107152 0.00995969 0.00411098 -0.001575 
0.00251172 0.00742872 0.00969685 0.068036 0.0053608 0.00882156 0.00312696 0.000825 
-0.00164818 0.00374514 0.00609081 0.076932 0.00854733 0.0133527 0.00668595 -0.001125 
0.00155475 0.00590994 0.0088622 0.0900006 0.00858097 0.0127294 0.00864075 0 
0.004365 0.0104368 0.0078149 0.0924786 0.0119511 0.0136409 0.00594153 0.001725 
0.000314996 0.00683683 0.0114149 0.0934535 0.00932613 0.0115409 0.00856653 0.0012 
0.00275475 0.00988493 0.0107372 0.0891756 0.014656 0.0156544 0.00706575 -0.00045 
0.00480182 0.00299514 0.00669081 0.082407 0.00689733 0.0155277 0.00503595 0.000675 
0.00483672 0.00457872 0.00902185 0.071036 0.0122608 0.00799656 0.00815197 0.00315 
0.000570455 0.0036669 0.00732764 0.0535037 0.00974019 0.00815969 0.00823598 -0.000825 
-0.000838421 0.00428203 0.00776881 0.0374385 0.00861451 0.00394887 0.00640021 0.000225 
-0.000414739 0.00216585 0.00019082 0.0294054 0.00333675 0.00806295 0.00102258 -0.00195 
0.00350559 0.00126971 0.0047611 0.0230062 0.000592532 0.00349919 0.00168566 0.0003 
-0.00317392 -0.00236854 0.00432153 0.0117295 0.00445331 0.00385699 0.000153903 -0.003 
-0.00343255 0.00361045 0.00162655 0.00955117 -0.00168205 0.00430665 0.00188471 -0.000375 
0.000321077 -0.00122475 -0.000590107 0.00219726 -0.00294095 0.00358863 0.000317857 -7.5e-005 
0.00320215 0.0016901 0.000624606 0.00586374 0.000166992 0.00223518 0.00343822 0.0027 
0.00241544 6.0282e-005 0.00132921 -0.000628431 -0.00365114 -0.00273709 0.00343579 -0.002775 
-0.00214493 -0.00318259 0.00048058 0.0028623 0.000792554 -0.00353009 0.00364339 0.0018 
-0.0024946 -0.00345867 0.00199453 0.0092251 -0.00204522 -0.00259481 -0.00233186 -0.0021 
-0.00230344 0.00360205 -0.00108595 0.0110233 0.00286834 -0.0028188 0.00308019 0.00135 
0.0035342 0.000471644 0.000708991 0.0184986 0.00446947 0.00258933 -0.00274817 -0.0024 
2.32937e-005 -0.00060547 0.000871816 0.0271988 0.00519 0.00264092 0.00382762 0.002775 
-0.00143368 -0.000594613 0.00128623 0.0354974 0.00467078 0.0055291 0.00384232 -0.003375 
0.00208624 0.00454627 0.00112007 0.0514403 0.00619881 6.39851e-005 0.00238793 0.0006 
-0.000225068 0.00293546 0.000419841 0.0712891 0.00792206 0.00786118 0.00145745 0.003075 
0.00226789 0.00374129 0.00415957 0.0820398 0.00232259 0.00653954 0.000618753 -0.0036 
-0.00185424 0.00313819 0.00199632 0.0988538 0.0069015 0.00525755 0.000245644 -0.001875 
0.00238778 0.00554513 0.000682208 0.107727 0.00877586 0.00453839 0.00183139 0.002025 
0.00485135 0.00654336 0.00720542 0.120695 0.00543295 0.0112283 0.00620669 -0.0027 
5.13456e-005 0.00316836 0.000905417 0.11612 0.00663295 0.0110033 0.00733169 -0.0027 
0.00441278 0.00119513 0.00293221 0.112752 0.0102759 0.0107634 0.00535639 -0.00195 
-0.00252924 0.00343819 0.00402132 0.0981038 0.0054765 0.0101325 0.00114564 -0.0012 
-0.00208211 0.00246629 0.00573457 0.0876648 0.00757259 0.00436454 0.00369375 0.0018 
-0.00142507 0.000835455 0.00259484 0.0674641 0.00732206 0.00246118 0.00528245 0.00165 
-0.000763762 -2.87345e-005 0.00427007 0.0536903 0.00379881 0.00426398 0.00223793 0.000675 
0.00209132 0.000455387 0.000911225 0.0334724 0.00294578 0.0013291 -0.00140768 -0.001275 
0.00129829 6.95298e-005 -0.00220318 0.0226988 0.004665 0.00046592 -0.00217238 0.0015 
-0.000515799 -0.00177836 -0.00251601 0.0129486 -0.00160553 0.00258933 -0.000723168 0.002775 
-0.00282844 0.00277705 0.000939045 0.00719832 0.00346834 0.0010062 5.19255e-006 0.003525 
0.000280402 -0.00135867 -0.00198047 0.0027751 0.000804776 -0.00176981 -0.00255686 -0.0024 
0.00138007 -0.000557587 0.00295558 0.000312304 -0.00273245 0.00314491 0.000568393 0.002025 
23.5
0 0 0 
0 0 0 
0.258158 2.36076 0.91944 
0.535894 1.94905 0.69628 
1.41952 -0.969622 0.387282 
0.711271 0.461418 0.202741 
0.611285 0.0584251 0.235024 
0.655334 0.350895 0.196483 
0.598977 0.261485 0.138067 
0.648069 0.00281342 0.0604304 
0.676589 0.41048 0.179395 
0.660416 0.254007 0.104101 
0.630698 0.104167 0.0608122 
0.660665 0.226745 0.106355 
0.594787 0.189361 0.0933727 
0.662672 0.208868 0.104323 
0.602599 0.169833 0.0845929 
0.586634 0.377116 0.15976 
0.553705 0.323825 0.124492 
0.671822 0.439851 0.239444 
0.600371 -0.1349 0.214456 
0.618228 1.1894 0.510474 
0.60203 0.884692 0.587589 
1.3165 4.35362 4.29441 
0.3405 0.0778581 0.0719342 
-2.80489 -33.5376 39.2686 
0 0 0 
0 0 0 
0.767336 0.505614 1.09697 
0.672088 -0.394246 0.441814 
0.694787 0.567705 0.290415 
0.727442 0.644705 0.302972 
0.758219 -0.0439358 0.145374 
0.777756 0.244395 0.153943 
0.806768 -0.0116813 0.0617997 
0.86306 0.134833 0.0796623 
0.819293 0.0335471 0.0734425 
0.744282 0.0719243 0.0481784 
0.799653 0.297758 0.143533 
0.763448 0.198466 0.120901 
0.818973 0.215951 0.0987106 
0.801218 0.209864 0.0869368 
0.798061 0.332421 0.154498 
0.795782 0.253736 0.115101 
0.841067 -0.168729 0.160997 
0.914464 -0.110831 0.432489 
1.54167 1.07437 0.653111 
0.572854 0.595948 0.567717 
0 0 0 
0.0615836 -0.141593 2.01178 
0.74005 0.302067 0.273758 
0.647699 0.199492 0.101256 
0.613719 0.367714 0.205363 
0.743485 0.216079 0.356184 
0.802211 0.1344 0.089461 
0.930176 0.258112 0.24312 
