0
003
0
0
0
0
0
0
0
0
-1
0
0
-0.010355 0 0 0 0 
-0.024142 0 0 0 0 
-0.011668 0 0 0 0 
-0.008714 0 0 0 0 
-0.012653 0 0 0 0 
-0.008385 0 0 0 0 
-1.39368 0 0 0 0 
-1.22561 0 0 0 0 
0 0 0 0 0 
0 0 0 0 0 
0 0 0 0 0 
0 0 0 0 0 
0 0 0 0 0 
0 0 0 0 0 
0 0 0 0 0 
0 0 0 0 0 
-0.000628216 -6.53261e-005 -0.000991093 -0.00141502 -0.00279954 -0.0032969 0.00214481 -0.002175 
0.00136612 -0.000138998 -0.00207202 0.00103415 -0.00201348 -0.000609645 -0.00119557 0.0006 
-0.00103211 0.00147301 0.000193844 -0.000841851 -0.000136475 0.00273772 0.00204909 -0.0003 
-0.00345738 0.00152371 0.00237575 0.00278433 0.00179791 0.00227079 0.00436846 0.0024 
0.00190745 0.000671599 -0.000522278 0.00428867 -0.000909403 0.00147563 0.000133894 0.002325 
-0.00119756 0.00324307 0.00306614 0.0123667 0.00435526 0.0045748 0.00350812 -0.00045 
0.00321011 0.00176378 0.00876162 0.0125033 0.00421115 0.008092 0.00342242 0.00345 
0.00214928 0.00461267 0.00610171 0.0257583 0.00957193 0.0127372 0.0063761 -0.0021 
0.00294535 0.00540575 0.0141371 0.0308464 0.0156427 0.0151261 0.0078417 -0.001575 
0.00360433 0.0108179 0.0182008 0.0377735 0.0115145 0.0152736 0.00778607 0.000825 
-0.000357411 0.00774898 0.016137 0.0411811 0.0158171 0.0209749 0.01219 -0.001125 
0.00299721 0.0103843 0.020089 0.0500482 0.0167051 0.0212474 0.0147917 0 
0.00588986 0.0151668 0.0196831 0.0502438 0.0205393 0.0226454 0.0124438 0.001725 
0.00183986 0.0115668 0.0232831 0.0512188 0.0179143 0.0205454 0.0150688 0.0012 
0.00419721 0.0143593 0.021964 0.0492232 0.0227801 0.0241724 0.0132167 -0.00045 
0.00609259 0.00699898 0.016737 0.0466561 0.0141671 0.0231499 0.01054 0.000675 
0.00592933 0.0079679 0.0175258 0.0407735 0.0184145 0.0144486 0.0128111 0.00315 
0.00144535 0.00638075 0.0141371 0.0292714 0.0146677 0.0133261 0.0119667 -0.000825 
-0.000175718 0.00633767 0.0129267 0.0190833 0.0123469 0.00786224 0.0092261 0.000225 
6.01088e-005 0.00363878 0.00388662 0.0162533 0.00601115 0.010867 0.00304742 -0.00195 
0.00382744 0.00226807 0.00726614 0.0140917 0.00240526 0.0053998 0.00305812 0.0003 
-0.00296755 -0.0017284 0.00592772 0.00601367 0.0056156 0.00507563 0.00103389 -0.003 
-0.00330738 0.00399871 0.00260075 0.00608433 -0.000977091 0.00504579 0.00241846 -0.000375 
0.000392893 -0.00100199 -3.11556e-005 0.000208149 -0.00253647 0.00401272 0.000624093 -7.5e-005 
0.00324112 0.001811 0.000927975 0.00478415 0.00038652 0.00246535 0.00360443 0.0027 
0.00243416 0.000121032 0.00145731 -0.00113888 -0.00354562 -0.00262023 0.00351607 -0.002775 
-0.00210846 -0.00306426 0.000730086 0.00186809 0.000998087 -0.00330248 0.00379977 0.0018 
-0.0024274 -0.00324066 0.00245424 0.00739328 -0.00166653 -0.00217545 -0.00204375 -0.0021 
-0.00218632 0.00398202 -0.000284723 0.00783063 0.00352837 -0.00208789 0.00358235 0.00135 
0.00372729 0.00109812 0.00203 0.0132347 0.00555767 0.0037944 -0.00192026 -0.0024 
0.000324444 0.000371593 0.00293209 0.0189892 0.00688717 0.00452037 0.00511885 0.002775 
-0.000989382 0.000846888 0.00432583 0.0233853 0.0071747 0.00830193 0.00574733 -0.003375 
0.00270631 0.00655804 0.00536219 0.0345366 0.0096933 0.00393378 0.00504658 0.0006 
0.000593545 0.00559139 0.00602025 0.0489729 0.0125355 0.0129701 0.00496739 0.003075 
0.00329021 0.00705814 0.0111536 0.0541703 0.00808404 0.0129198 0.00500213 -0.0036 
-0.000646513 0.0070566 0.0102588 0.0659299 0.0137078 0.0127949 0.005424 -0.001875 
0.00373744 0.00992402 0.00991572 0.0709337 0.0163821 0.0129615 0.0076183 0.002025 
0.00627811 0.0111724 0.0169664 0.0818002 0.0134737 0.0201326 0.0123242 -0.0027 
0.00147811 0.00779741 0.0106664 0.0772252 0.0146737 0.0199076 0.0134492 -0.0027 
0.00576244 0.00557402 0.0121657 0.0759587 0.0178821 0.0191865 0.0111433 -0.00195 
-0.00132151 0.0073566 0.0122838 0.0651799 0.0122828 0.0176699 0.006324 -0.0012 
-0.00105979 0.00578314 0.0127286 0.0597953 0.013334 0.0107448 0.00807713 0.0018 
-0.000606455 0.00349139 0.00819525 0.0451479 0.0119355 0.00757006 0.00879239 0.00165 
-0.000143692 0.00198304 0.00851219 0.0367866 0.0072933 0.00813378 0.00489658 0.000675 
0.00253562 0.00189689 0.00395083 0.0213603 0.0054497 0.00410193 0.000497333 -0.001275 
0.00159944 0.00104659 -0.000142909 0.0144892 0.00636217 0.00234537 -0.000881145 0.0015 
-0.000322707 -0.00115188 -0.001195 0.00768475 -0.00051733 0.0037944 0.000104745 0.002775 
-0.00271132 0.00315702 0.00174028 0.00400563 0.00412837 0.00173711 0.000507347 0.003525 
0.000347598 -0.00114066 -0.00152076 0.000943281 0.00118347 -0.00135045 -0.00226875 -0.0024 
0.00141654 -0.000439261 0.00320509 -0.000681912 -0.00252691 0.00337252 0.000724766 0.002025 
23.5
0 0 0 
0 0 0 
-0.189468 2.5753 1.05244 
0.23872 2.09145 0.784559 
0.608705 -0.58189 0.420792 
0.413373 0.604001 0.244899 
0.297951 0.20834 0.264295 
0.382698 0.481372 0.235065 
0.335487 0.387572 0.175347 
0.359848 0.140709 0.145981 
0.362217 0.560939 0.229509 
0.367292 0.394278 0.191112 
0.342699 0.241968 0.101552 
0.362131 0.369602 0.194973 
0.328346 0.316854 0.131066 
0.375225 0.346418 0.186327 
0.345917 0.292654 0.120905 
0.320976 0.504253 0.19735 
0.282268 0.453721 0.170191 
0.371382 0.583645 0.281965 
0.36777 -0.0236294 0.228673 
0.317 1.33366 0.586045 
0.383541 0.989299 0.652486 
0.124772 4.92598 4.64636 
0.277816 0.107846 0.0905381 
-5.08785 -32.343 39.4299 
0 0 0 
0 0 0 
0.54514 0.625106 1.08961 
0.480879 -0.291491 0.431346 
0.485115 0.680464 0.329511 
0.47928 0.778173 0.349246 
0.509113 0.089972 0.137029 
0.534341 0.375272 0.199318 
0.532762 0.135618 0.104675 
0.575678 0.289343 0.133226 
0.539531 0.183946 0.101806 
0.50448 0.200841 0.114088 
0.531863 0.441749 0.193451 
0.514372 0.332383 0.167327 
0.544184 0.363698 0.149945 
0.546559 0.346785 0.134401 
0.534131 0.47434 0.203697 
0.545295 0.388419 0.183954 
0.536791 -0.00517426 0.144303 
0.583801 0.0669201 0.414383 
0.915181 1.41153 0.720665 
0.318807 0.732567 0.559251 
0 0 0 
-0.134477 -0.0362374 2.01852 
0.376683 0.475937 0.32442 
0.356823 0.338681 0.168646 
0.340077 0.498674 0.253065 
0.509519 0.341873 0.377248 
0.534696 0.278226 0.137788 
0.600849 0.435217 0.278764 
