0
003
0
0
0
0
0
0
0
0
1
0
0
0.015578 0 0 0 0 
0.003104 0 0 0 0 
0.019189 0 0 0 0 
0.033961 0 0 0 0 
0.050375 0 0 0 0 
0.077621 0 0 0 0 
-2.87451 0 0 0 0 
-2.94771 0 0 0 0 
0 0 0 0 0 
0 0 0 0 0 
0 0 0 0 0 
0 0 0 0 0 
0 0 0 0 0 
0 0 0 0 0 
0 0 0 0 0 
0 0 0 0 0 
-0.00067196 -0.000215493 -0.00123581 -0.000247854 -0.00304625 -0.00358933 0.00195588 -0.002175 
0.00128092 -0.000431483 -0.00254868 0.00330749 -0.00249401 -0.00117922 -0.00156354 0.0006 
-0.00118909 0.000934118 -0.000684375 0.00334671 -0.00102184 0.00168829 0.00137112 -0.0003 
-0.00373099 0.000584464 0.000845096 0.0100846 0.000254792 0.000441741 0.00318681 0.0024 
0.00145635 -0.00087696 -0.0030459 0.0163248 -0.00345357 -0.00153996 -0.00181431 0.002325 
-0.00190111 0.000827905 -0.000869763 0.0311385 0.000387313 -0.000128383 0.00046965 -0.00045 
0.00217213 -0.00179941 0.00295481 0.0401982 -0.00164293 0.00115319 -0.00106036 0.00345 
0.000700665 -0.000360167 -0.00200234 0.0644097 0.0014019 0.00305336 0.000119885 -0.0021 
0.0010329 -0.00115936 0.00343816 0.0818736 0.0048567 0.0023415 -0.000417715 -0.001575 
0.00121597 0.00261907 0.00483948 0.101499 -0.00195557 -0.000692407 -0.00252869 0.000825 
-0.00317893 -0.00193679 0.000352497 0.116464 -9.59427e-005 0.00211325 4.58336e-006 -0.001125 
-0.000155889 -0.000439726 0.00244953 0.134178 -0.00107806 0.000169135 0.00117419 0 
0.00255663 0.00372442 0.00103588 0.13918 0.00174031 0.000363073 -0.00195158 0.001725 
-0.00149337 0.000124422 0.00463588 0.140155 -0.00088469 -0.00173693 0.000673425 0.0012 
0.00104411 0.00353527 0.00432453 0.133353 0.00499694 0.00309413 -0.000400808 -0.00045 
0.00327107 -0.00268679 0.000952497 0.121939 -0.00174594 0.00428825 -0.00164542 0.000675 
0.00354097 -0.000230929 0.00416448 0.104499 0.00494443 -0.00151741 0.00249631 0.00315 
-0.000467103 -0.00018436 0.00343816 0.0802986 0.0038817 0.000541504 0.00370729 -0.000825 
-0.00162433 0.00136483 0.00482266 0.0577346 0.0041769 -0.00182164 0.00296988 0.000225 
-0.00097787 7.55874e-005 -0.00192019 0.0439482 0.00015707 0.00392819 -0.00143536 -0.00195 
0.00312389 -0.000147095 0.00333024 0.0328635 -0.00156269 0.000696617 1.96499e-005 0.0003 
-0.00341865 -0.00327696 0.0034041 0.0180498 0.00307143 0.00206004 -0.000914312 -0.003 
-0.00358099 0.00305946 0.0010701 0.0133846 -0.00252021 0.00321674 0.00123681 -0.000375 
0.000235909 -0.00154088 -0.000909375 0.00439671 -0.00342184 0.00296329 -5.38807e-005 -7.5e-005 
0.00315592 0.00151852 0.000451324 0.00705749 -9.40123e-005 0.00189578 0.00323646 0.0027 
0.00240796 2.05419e-005 0.00138036 -0.000472003 -0.00369366 -0.00282023 0.00340116 -0.002775 
-0.0021595 -0.00325999 0.000580207 0.00316698 0.000709738 -0.00369201 0.00357595 0.0018 
-0.00252144 -0.00360128 0.00217809 0.00978647 -0.00219781 -0.00289315 -0.00245613 -0.0021 
-0.00235023 0.00335348 -0.000766025 0.0120017 0.0026024 -0.00333878 0.0028636 0.00135 
0.00345706 6.18337e-005 0.00123647 0.0201117 0.00403101 0.00173203 -0.00310526 -0.0024 
-9.70122e-005 -0.00124462 0.00169448 0.0297147 0.00450615 0.00130385 0.00327069 0.002775 
-0.00161117 -0.00153758 0.00249993 0.0392091 0.00366188 0.00355646 0.00302066 -0.003375 
0.00183853 0.00323026 0.00281394 0.0566205 0.00479077 -0.00268905 0.0012412 0.0006 
-0.000552093 0.00119807 0.00265607 0.0781279 0.00606317 0.00422664 -5.64536e-005 0.003075 
0.00185948 0.00157155 0.00695229 0.0905805 1.13043e-006 0.00200055 -0.00127188 -0.0036 
-0.00233672 0.000574957 0.00529552 0.108943 0.00415902 -0.000104635 -0.00198788 -0.001875 
0.0018486 0.00268066 0.00436913 0.119002 0.00571109 -0.00145395 -0.000664611 0.002025 
0.00428137 0.00351525 0.011103 0.132615 0.00219309 0.00489364 0.0035681 -0.0027 
-0.00051863 0.000140251 0.00480296 0.12804 0.00339309 0.00466864 0.0046931 -0.0027 
0.0038736 -0.00166934 0.00661913 0.124027 0.00721109 0.00477104 0.00286039 -0.00195 
-0.00301172 0.000874957 0.00732052 0.108193 0.00273402 0.00477037 -0.00108788 -0.0012 
-0.00249052 0.000296552 0.00852729 0.0962055 0.00525113 -0.000174446 0.00180312 0.0018 
-0.00175209 -0.000901932 0.00483107 0.0743029 0.00546317 -0.00117336 0.00376855 0.00165 
-0.00101147 -0.00134474 0.00596394 0.0588705 0.00239077 0.00151095 0.0010912 0.000675 
0.00191383 -0.000487576 0.00212493 0.0371841 0.00193688 -0.000643537 -0.00222934 -0.001275 
0.00117799 -0.000569619 -0.00138052 0.0252147 0.00398115 -0.000871153 -0.00272931 0.0015 
-0.000592937 -0.00218817 -0.00198853 0.0145617 -0.00204399 0.00173203 -0.00108026 0.002775 
-0.00287523 0.00252848 0.00125898 0.00817673 0.0032024 0.000486222 -0.000211397 0.003525 
0.000253558 -0.00150128 -0.00179691 0.00333647 0.00065219 -0.00206815 -0.00268113 -0.0024 
0.0013655 -0.00063499 0.00305521 0.000616984 -0.00281526 0.00298299 0.000500947 0.002025 
23.5
0 0 0 
0 0 0 
0.752928 1.99137 0.821577 
0.864406 1.70382 0.655792 
2.31543 -1.63758 0.615753 
1.04058 0.215772 0.153192 
0.957656 -0.199878 0.256883 
0.956726 0.126093 0.109896 
0.890261 0.0442385 0.0692651 
0.966686 -0.234788 0.13192 
1.02411 0.151265 0.0675505 
0.984452 0.0123288 0.0401074 
0.94907 -0.133264 0.0584663 
0.990678 -0.019388 0.0674949 
0.889333 -0.0303082 0.0170625 
0.980432 -0.0281237 0.117309 
0.886359 -0.0417908 0.0263882 
0.880315 0.15807 0.0585841 
0.853773 0.100025 0.124609 
1.00394 0.192116 0.145911 
0.857515 -0.326641 0.230687 
0.951219 0.940919 0.430768 
0.843575 0.704479 0.539839 
2.63287 3.3693 4.37528 
0.409807 0.0261778 0.0582495 
-2.10599 -34.6948 39.7457 
0 0 0 
0 0 0 
0.835415 0.391571 1.06323 
0.730675 -0.492357 0.400622 
0.75903 0.46009 0.222943 
0.803477 0.517333 0.223114 
0.834543 -0.171768 0.125187 
0.852336 0.119472 0.0756171 
0.89072 -0.152293 0.103365 
0.951108 -0.0126517 0.0189005 
0.905007 -0.11002 0.0607621 
0.817756 -0.0511374 0.0678399 
0.8817 0.160324 0.0767805 
0.839763 0.0706403 0.0544748 
0.903165 0.0749274 0.0868639 
0.879242 0.0791707 0.0734865 
0.878926 0.196966 0.0759912 
0.872529 0.125183 0.126447 
0.934291 -0.324867 0.112745 
1.01577 -0.280515 0.385546 
1.73357 0.752743 0.531315 
0.650693 0.465566 0.529159 
0 0 0 
0.12166 -0.242177 2.04146 
1.14168 0.00252499 0.284672 
0.969251 -0.0403255 0.0714158 
0.916222 0.142082 0.162037 
0.815171 0.0960069 0.316296 
0.884174 -0.0028873 0.0669981 
1.03107 0.0890868 0.198914 
