0
003
0
0
0
0
0
0
0
0
-1
0
0
-0.006416 0 0 0 0 
-0.021188 0 0 0 0 
-0.008385 0 0 0 0 
-0.006416 0 0 0 0 
-0.00937 0 0 0 0 
-0.002805 0 0 0 0 
-1.36644 0 0 0 0 
-1.26237 0 0 0 0 
0 0 0 0 0 
0 0 0 0 0 
0 0 0 0 0 
0 0 0 0 0 
0 0 0 0 0 
0 0 0 0 0 
0 0 0 0 0 
0 0 0 0 0 
-0.000666624 -0.000203381 -0.00116493 -0.000409267 -0.00301631 -0.00356828 0.0019779 -0.002175 
0.00129131 -0.000407892 -0.00241061 0.0029931 -0.00243568 -0.00113821 -0.00152065 0.0006 
-0.00116994 0.000977583 -0.00042999 0.00276746 -0.000914374 0.00176385 0.00145014 -0.0003 
-0.00369761 0.000660219 0.00128847 0.00907503 0.000442102 0.000573422 0.00332453 0.0024 
0.00151138 -0.000752061 -0.00231491 0.0146603 -0.00314475 -0.00132286 -0.00158725 0.002325 
-0.00181528 0.0010227 0.000270311 0.0285425 0.00086896 0.00021022 0.000823789 -0.00045 
0.00229875 -0.00151202 0.00463681 0.0363681 -0.000932337 0.00165275 -0.000537884 0.00345 
0.000877382 4.09181e-005 0.000345076 0.0590644 0.00239362 0.00375055 0.000849058 -0.0021 
0.0012662 -0.00062985 0.0065372 0.0748168 0.00616595 0.00326192 0.000544934 -0.001575 
0.00150733 0.00328035 0.00870971 0.0926859 -0.000320517 0.000457057 -0.00132649 0.000825 
-0.00283473 -0.00115558 0.00492464 0.106052 0.00183565 0.00347118 0.00142482 -0.001125 
0.000228759 0.000433289 0.00755898 0.122543 0.00108054 0.00168665 0.00276133 0 
0.00296325 0.00464731 0.00643723 0.12688 0.00402222 0.00196728 -0.000273766 0.001725 
-0.00108675 0.00104731 0.0100372 0.127855 0.00139722 -0.00013272 0.00235123 0.0012 
0.00142876 0.00440829 0.00943398 0.121718 0.00715554 0.00461165 0.00118633 -0.00045 
0.00361527 -0.00190558 0.00552464 0.111527 0.000185649 0.00564618 -0.000225181 0.000675 
0.00383233 0.000430349 0.00803471 0.0956859 0.00657948 -0.000367943 0.00369851 0.00315 
-0.000233802 0.00034515 0.0065372 0.0732418 0.00519095 0.00146192 0.00466993 -0.000825 
-0.00144762 0.00176592 0.00717008 0.0523894 0.00516862 -0.00112445 0.00369906 0.000225 
-0.000851247 0.000362978 -0.000238189 0.0401181 0.000867663 0.00442775 -0.000912884 -0.00195 
0.00320972 4.77012e-005 0.00447031 0.0302675 -0.00108104 0.00103522 0.000373789 0.0003 
-0.00336362 -0.00315206 0.00413509 0.0163853 0.00338025 0.00227714 -0.000687245 -0.003 
-0.00354761 0.00313522 0.00151347 0.012375 -0.0023329 0.00334842 0.00137453 -0.000375 
0.000255059 -0.00149742 -0.00065499 0.00381746 -0.00331437 0.00303885 2.51383e-005 -7.5e-005 
0.00316631 0.00154211 0.000589391 0.0067431 -3.56833e-005 0.00193679 0.00327935 0.0027 
0.00241747 4.6643e-005 0.00147678 -0.000745754 -0.00364019 -0.00277206 0.00344114 -0.002775 
-0.00214098 -0.00320915 0.000768009 0.00263379 0.000813883 -0.0035982 0.00365382 0.0018 
-0.00248732 -0.00350761 0.00252411 0.00880407 -0.00200593 -0.00272032 -0.00231265 -0.0021 
-0.00229075 0.00351674 -0.000162941 0.0102895 0.00293684 -0.00303754 0.00311368 0.00135 
0.00355513 0.000330995 0.00223078 0.0172888 0.0045824 0.00222869 -0.00269296 -0.0024 
5.5931e-005 -0.000824829 0.00324524 0.0253119 0.00536612 0.00207845 0.00391373 0.002775 
-0.00138553 -0.000918243 0.00478783 0.0327135 0.00493062 0.00469926 0.00396936 -0.003375 
0.00215344 0.0040946 0.00600696 0.0475551 0.00656144 -0.00109414 0.00256522 0.0006 
-0.00013635 0.00233918 0.00687148 0.0661599 0.00840081 0.00633223 0.00169151 0.003075 
0.00237868 0.00299662 0.0122167 0.0756342 0.00292048 0.00463011 0.000911062 -0.0036 
-0.00172336 0.00225848 0.0115147 0.0912865 0.00760782 0.00300182 0.000590966 -0.001875 
0.00253405 0.00456203 0.0113192 0.0992702 0.00956519 0.00201757 0.0022173 0.002025 
0.00500597 0.0055041 0.01845 0.111755 0.00626737 0.00856349 0.00661464 -0.0027 
0.000205972 0.0021291 0.01215 0.10718 0.00746737 0.00833849 0.00773964 -0.0027 
0.00455905 0.000212032 0.0135692 0.104295 0.0110652 0.00824257 0.0057423 -0.00195 
-0.00239836 0.00255848 0.0135397 0.0905365 0.00618282 0.00787682 0.00149097 -0.0012 
-0.00197132 0.00172162 0.0137917 0.0812592 0.00817048 0.00245511 0.00398606 0.0018 
-0.00133635 0.000239176 0.00904648 0.0623349 0.00780081 0.000932227 0.00551651 0.00165 
-0.000696562 -0.000480396 0.00915696 0.0498051 0.00416144 0.00310586 0.00241522 0.000675 
0.00213947 0.000131757 0.00441283 0.0306885 0.00320562 0.000499264 -0.00128064 -0.001275 
0.00133093 -0.000149829 0.00017024 0.0208119 0.00484112 -9.65512e-005 -0.00208627 0.0015 
-0.000494873 -0.00191901 -0.000994216 0.0117388 -0.0014926 0.00222869 -0.000667958 0.002775 
-0.00281575 0.00269174 0.00186206 0.00646451 0.00353684 0.000787461 3.86791e-005 0.003525 
0.000287684 -0.00140761 -0.00145089 0.00235407 0.000844074 -0.00189532 -0.00253765 -0.0024 
0.00138402 -0.000584152 0.00324301 8.37908e-005 -0.00271112 0.0030768 0.000578821 0.002025 
23.5
0 0 0 
0 0 0 
0.62264 2.01326 0.875359 
0.777893 1.71834 0.681913 
2.07952 -1.59824 0.638208 
0.953859 0.230287 0.135353 
0.86644 -0.184626 0.275659 
0.877355 0.139374 0.0859538 
0.813552 0.0570718 0.0541988 
0.882779 -0.220759 0.139888 
0.932588 0.16658 0.105307 
0.899118 0.0266044 0.0753113 
0.865228 -0.119242 0.0568184 
0.90377 -0.00485 0.093717 
0.811764 -0.0173333 0.0181685 
0.89675 -0.0141258 0.134529 
0.811631 -0.0292913 0.02025 
0.802974 0.171012 0.0807643 
0.77475 0.113246 0.148453 
0.916479 0.206754 0.119528 
0.789796 -0.315321 0.244625 
0.863527 0.955619 0.466957 
0.779964 0.715136 0.566092 
2.28629 3.42775 4.44719 
0.391554 0.0292308 0.0657782 
-3.32898 -34.2978 39.9937 
0 0 0 
0 0 0 
0.716263 0.431902 1.04824 
0.628139 -0.457686 0.381393 
0.646594 0.498149 0.22689 
0.670403 0.562383 0.227785 
0.700962 -0.126582 0.0907248 
0.721807 0.16364 0.0801914 
0.743788 -0.102589 0.121915 
0.797005 0.0394876 0.060806 
0.75499 -0.05927 0.0351003 
0.689163 -0.00763359 0.103914 
0.738101 0.208917 0.126889 
0.706198 0.115833 0.0793426 
0.755813 0.124787 0.138283 
0.742684 0.125377 0.112529 
0.737397 0.244861 0.104001 
0.738208 0.170635 0.173321 
0.77113 -0.269683 0.125508 
0.838461 -0.220541 0.327996 
1.39767 0.866523 0.573793 
0.514463 0.511678 0.511994 
0 0 0 
0.016523 -0.206625 2.05481 
1.03591 0.0202075 0.287311 
0.884571 -0.0261609 0.0891057 
0.836558 0.155413 0.173587 
0.689708 0.138459 0.31102 
0.740723 0.0456474 0.0951786 
0.854481 0.148851 0.222204 
