0
003
0
0
0
0
0
0
0
0
1
0
0
0.003432 0 0 0 0 
-0.013638 0 0 0 0 
-0.003133 0 0 0 0 
-0.001164 0 0 0 0 
-0.004118 0 0 0 0 
0.002776 0 0 0 0 
-1.29783 0 0 0 0 
-1.25844 0 0 0 0 
0 0 0 0 0 
0 0 0 0 0 
0 0 0 0 0 
0 0 0 0 0 
0 0 0 0 0 
0 0 0 0 0 
0 0 0 0 0 
0 0 0 0 0 
-0.000662663 -0.000175342 -0.00123829 -0.00047062 -0.00299363 -0.00350777 0.0019974 -0.002175 
0.00129903 -0.000353279 -0.00255349 0.0028736 -0.00239151 -0.00102036 -0.00148269 0.0006 
-0.00115573 0.00107821 -0.000693253 0.00254729 -0.000832989 0.00198098 0.00152009 -0.0003 
-0.00367284 0.000835597 0.000829623 0.00869129 0.000583949 0.00095186 0.00344645 0.0024 
0.00155222 -0.000462912 -0.00307142 0.0140276 -0.00291089 -0.000698919 -0.00138624 0.002325 
-0.00175158 0.00147366 -0.000909552 0.0275557 0.0012337 0.00118333 0.00113728 -0.00045 
0.00239273 -0.000846699 0.00289611 0.0349124 -0.000394218 0.00308841 -7.53798e-005 0.00345 
0.00100854 0.000969452 -0.00208427 0.0570327 0.00314462 0.00575418 0.00149453 -0.0021 
0.00143935 0.000595994 0.00333 0.0721345 0.00715742 0.0059071 0.00139709 -0.001575 
0.00172357 0.00481124 0.00470441 0.0893361 0.000917682 0.00376049 -0.000262276 0.000825 
-0.00257927 0.000652955 0.000192927 0.102095 0.00329841 0.00737373 0.00268203 -0.001125 
0.000514246 0.00245436 0.0022712 0.118121 0.0027152 0.00604781 0.00416629 0 
0.00326505 0.00678384 0.000847375 0.122205 0.00575026 0.00657759 0.00121146 0.001725 
-0.000784953 0.00318384 0.00444737 0.12318 0.00312526 0.00447759 0.00383646 0.0012 
0.00171425 0.00642936 0.0041462 0.117296 0.0087902 0.00897281 0.00259129 -0.00045 
0.00387073 -9.7045e-005 0.000792927 0.10757 0.00164841 0.00954873 0.00103203 0.000675 
0.00404857 0.00196124 0.00402941 0.0923361 0.00781768 0.00293549 0.00476272 0.00315 
-6.0645e-005 0.00157099 0.00333 0.0705595 0.00618242 0.0041071 0.00552209 -0.000825 
-0.00131646 0.00269445 0.00474073 0.0503577 0.00591962 0.000879177 0.00434453 0.000225 
-0.000757266 0.0010283 -0.00197889 0.0386624 0.00140578 0.00586341 -0.00045038 -0.00195 
0.00327342 0.000498664 0.00329045 0.0292807 -0.000716298 0.00200833 0.000687278 0.0003 
-0.00332278 -0.00286291 0.00337858 0.0157526 0.00361411 0.00290108 -0.000486242 -0.003 
-0.00352284 0.0033106 0.00105462 0.0119913 -0.00219105 0.00372686 0.00149645 -0.000375 
0.000269273 -0.00139679 -0.000918253 0.00359729 -0.00323299 0.00325598 9.50873e-005 -7.5e-005 
0.00317403 0.00159672 0.000446505 0.0066236 8.4882e-006 0.00205464 0.00331731 0.0027 
0.00240515 2.35156e-005 0.00128116 -0.000358276 -0.00370921 -0.00280928 0.0033911 -0.002775 
-0.00216497 -0.0032542 0.000386994 0.0033885 0.000679443 -0.00367068 0.00355637 0.0018 
-0.00253153 -0.00359061 0.0018221 0.0101946 -0.00225363 -0.00285386 -0.0024922 -0.0021 
-0.0023678 0.00337208 -0.00138648 0.0127131 0.00250511 -0.0032703 0.00280073 0.00135 
0.00342808 9.24986e-005 0.000213501 0.0212845 0.00387061 0.00184493 -0.00320892 -0.0024 
-0.000142213 -0.00119679 9.90369e-005 0.0315438 0.00425599 0.00147994 0.00310902 0.002775 
-0.00167786 -0.00146702 0.000146113 0.0419077 0.00329282 0.00381625 0.00278214 -0.003375 
0.00174546 0.00332873 -0.000471083 0.0603866 0.00427569 -0.00232648 0.000908325 0.0006 
-0.000674961 0.00132807 -0.00168079 0.0831 0.00538318 0.0047053 -0.000495908 0.003075 
0.00170604 0.00173391 0.0015362 0.0967898 -0.000848081 0.00259833 -0.0018207 -0.0036 
-0.00251799 0.000766756 -0.00110282 0.116279 0.00315579 0.000601552 -0.00263622 -0.001875 
0.00164603 0.002895 -0.00278115 0.1272 0.00458996 -0.000664778 -0.00138915 0.002025 
0.00406722 0.00374184 0.00354421 0.14128 0.00100792 0.0057279 0.00280217 -0.0027 
-0.000732777 0.000366836 -0.00275579 0.136705 0.00220792 0.0055029 0.00392717 -0.0027 
0.00367103 -0.001455 -0.000531147 0.132225 0.00608996 0.00556022 0.00213585 -0.00195 
-0.00319299 0.00106676 0.000922177 0.115529 0.00173079 0.00547655 -0.00173622 -0.0012 
-0.00264396 0.000458906 0.0031112 0.102415 0.00440192 0.000423328 0.0012543 0.0018 
-0.00187496 -0.000771928 0.00049421 0.079275 0.00478318 -0.000694698 0.00332909 0.00165 
-0.00110454 -0.00124627 0.00267892 0.0626366 0.00187569 0.00187352 0.000758325 0.000675 
0.00184714 -0.000417017 -0.000228887 0.0398827 0.00156782 -0.000383746 -0.00246786 -0.001275 
0.00113279 -0.000521793 -0.00297596 0.0270438 0.00373099 -0.000695063 -0.00289098 0.0015 
-0.000621918 -0.0021575 -0.0030115 0.0157345 -0.00220439 0.00184493 -0.00118392 0.002775 
-0.0028928 0.00254708 0.000638515 0.00888807 0.00310511 0.000554702 -0.000274268 0.003525 
0.000243472 -0.00149061 -0.0021529 0.0037446 0.000596372 -0.00202886 -0.0027172 -0.0024 
0.00136003 -0.000629198 0.00286199 0.000838496 -0.00284556 0.00300432 0.000481368 0.002025 
23.5
0 0 0 
0 0 0 
0.573121 2.18091 0.836595 
0.745015 1.82966 0.641288 
1.98989 -1.2947 0.473088 
0.920901 0.341855 0.177874 
0.831775 -0.0672914 0.230946 
0.847191 0.241479 0.155966 
0.784399 0.155748 0.099833 
0.850891 -0.112826 0.0649895 
0.897809 0.284313 0.132678 
0.866688 0.136379 0.0564201 
0.833364 -0.011391 0.0488454 
0.870742 0.106949 0.0511591 
0.782285 0.0824466 0.0537848 
0.864949 0.0935218 0.107264 
0.783231 0.0668346 0.0464553 
0.773582 0.270501 0.120284 
0.744719 0.214898 0.127997 
0.88324 0.319271 0.194791 
0.76406 -0.228216 0.21143 
0.830201 1.06844 0.465682 
0.755789 0.796972 0.547161 
2.1546 3.87416 4.27753 
0.384617 0.0527062 0.0603449 
-1.59831 -34.3421 39.2985 
0 0 0 
0 0 0 
0.884916 0.425468 1.093 
0.773273 -0.463176 0.437655 
0.805742 0.492074 0.257605 
0.858762 0.555188 0.264138 
0.890038 -0.133757 0.165653 
0.906563 0.156609 0.11586 
0.951761 -0.110483 0.0666248 
1.01513 0.0311972 0.0396527 
0.96733 -0.0673329 0.106209 
0.871178 -0.0145483 0.035687 
0.941357 0.20118 0.101636 
0.895251 0.108643 0.102721 
0.964381 0.116853 0.0557212 
0.935975 0.118025 0.0477475 
0.937723 0.237232 0.113204 
0.928331 0.1634 0.0857519 
1.00207 -0.278435 0.154396 
1.08943 -0.230057 0.439256 
1.87311 0.848306 0.639452 
0.707288 0.504316 0.563209 
0 0 0 
0.165337 -0.212266 2.01515 
0.995723 0.156276 0.263426 
0.85239 0.0827702 0.0735914 
0.806283 0.257893 0.181986 
0.867293 0.131703 0.342934 
0.94377 0.0379297 0.0726075 
1.10443 0.139332 0.219361 
