0
003
0
0
0
0
0
0
0
0
-1
0
0
-0.011012 0 0 0 0 
-0.024799 0 0 0 0 
-0.011668 0 0 0 0 
-0.008385 0 0 0 0 
-0.012981 0 0 0 0 
-0.00937 0 0 0 0 
-1.43472 0 0 0 0 
-1.24202 0 0 0 0 
0 0 0 0 0 
0 0 0 0 0 
0 0 0 0 0 
0 0 0 0 0 
0 0 0 0 0 
0 0 0 0 0 
0 0 0 0 0 
0 0 0 0 0 
-0.000621499 -6.67621e-005 -0.000791861 -0.00166905 -0.00276229 -0.00330967 0.00216975 -0.002175 
0.00137921 -0.000141795 -0.00168397 0.000539379 -0.00194092 -0.000634512 -0.00114699 0.0006 
-0.001008 0.00146786 0.000908819 -0.00175346 -2.78032e-006 0.0026919 0.00213861 -0.0003 
-0.00341537 0.00151473 0.00362189 0.00119547 0.00203093 0.00219093 0.00452447 0.0024 
0.00197672 0.00065679 0.00153225 0.00166908 -0.000525222 0.00134397 0.00039112 0.002325 
-0.00108953 0.00321998 0.00627044 0.0082811 0.00495444 0.00436946 0.00390929 -0.00045 
0.00336949 0.00172971 0.013489 0.00647573 0.00509514 0.00778905 0.00401429 0.00345 
0.00237171 0.00456512 0.0126994 0.0173462 0.0108056 0.0123144 0.00720212 -0.0021 
0.003239 0.00534297 0.0228472 0.0197407 0.0172714 0.0145679 0.00893221 -0.001575 
0.00397106 0.0107395 0.0290785 0.0239042 0.0135486 0.0145765 0.00914795 0.000825 
7.58208e-005 0.00765636 0.0289875 0.0247964 0.01822 0.0201514 0.0137989 -0.001125 
0.00348136 0.0102808 0.0344497 0.031738 0.0193904 0.0203271 0.0165896 0 
0.00640166 0.0150574 0.0348641 0.0308876 0.0233781 0.0216726 0.0143445 0.001725 
0.00235166 0.0114574 0.0384641 0.0318626 0.0207531 0.0195726 0.0169695 0.0012 
0.00468136 0.0142558 0.0363247 0.030913 0.0254654 0.0232521 0.0150146 -0.00045 
0.00652582 0.00690636 0.0295875 0.0302714 0.01657 0.0223264 0.0121489 0.000675 
0.00629606 0.0078895 0.0284035 0.0269042 0.0204486 0.0137515 0.0141729 0.00315 
0.001739 0.00631797 0.0228472 0.0181657 0.0162964 0.0127679 0.0130572 -0.000825 
4.67105e-005 0.00629012 0.0195244 0.0106712 0.0135806 0.00743944 0.0100521 0.000225 
0.000219486 0.00360471 0.00861404 0.0102257 0.00689514 0.0105641 0.00363929 -0.00195 
0.00393547 0.00224498 0.0104704 0.0100061 0.00300444 0.00519446 0.00345929 0.0003 
-0.00289828 -0.00174321 0.00798225 0.00339408 0.00599978 0.00494397 0.00129112 -0.003 
-0.00326537 0.00398973 0.00384689 0.00449547 -0.000744073 0.00496593 0.00257447 -0.000375 
0.000416997 -0.00100714 0.000683819 -0.000703463 -0.00240278 0.0039669 0.000713608 -7.5e-005 
0.00325421 0.00180821 0.00131603 0.00428938 0.000459082 0.00244049 0.00365301 0.0027 
0.00246306 0.000190976 0.00181206 -0.00199927 -0.00338338 -0.00249595 0.00363603 -0.002775 
-0.00205217 -0.00292803 0.00142105 0.000192273 0.00131407 -0.0030604 0.00403341 0.0018 
-0.0023237 -0.00298965 0.00372733 0.00430563 -0.00108434 -0.00172943 -0.00161326 -0.0021 
-0.00200558 0.0044195 0.00193416 0.00244913 0.00454308 -0.00131051 0.00433264 0.00135 
0.0040253 0.00181939 0.00568832 0.00436216 0.00723064 0.00507608 -0.000683225 -0.0024 
0.000789217 0.00149651 0.00863769 0.00515129 0.00949638 0.00651932 0.00704816 0.002775 
-0.000303684 0.00250653 0.0127435 0.00296974 0.0110242 0.0112511 0.00859371 -0.003375 
0.00366328 0.00887425 0.01711 0.00604435 0.0150657 0.00804962 0.00901902 0.0006 
0.00185693 0.00864923 0.0215297 0.0113577 0.019628 0.0184038 0.0102118 0.003075 
0.00486799 0.0108769 0.0305226 0.00719448 0.0169416 0.0197056 0.0115516 -0.0036 
0.00121741 0.011568 0.0331405 0.0104345 0.0241718 0.0208114 0.0131613 -0.001875 
0.00582041 0.0149656 0.0354864 0.00891657 0.0280758 0.0219202 0.0162648 0.002025 
0.00848008 0.016502 0.0439979 0.0162402 0.0258354 0.0296031 0.0214647 -0.0027 
0.00368008 0.013127 0.0376979 0.0116652 0.0270354 0.0293781 0.0225897 -0.0027 
0.00784541 0.0106156 0.0377364 0.0139416 0.0295758 0.0281452 0.0197898 -0.00195 
0.000542409 0.011868 0.0351655 0.00968454 0.0227468 0.0256864 0.0140613 -0.0012 
0.000517987 0.00960193 0.0320976 0.0128195 0.0221916 0.0175306 0.0146266 0.0018 
0.000656929 0.00654923 0.0237047 0.00753266 0.019028 0.0130038 0.0140368 0.00165 
0.000813277 0.00429925 0.02026 0.00829435 0.0126657 0.0122496 0.00886902 0.000675 
0.00322132 0.00355653 0.0123685 0.000944745 0.00929917 0.00705106 0.00334371 -0.001275 
0.00206422 0.00217151 0.00556269 0.000651293 0.00897138 0.00434432 0.00104816 0.0015 
-2.47037e-005 -0.000430607 0.00246331 -0.00118784 0.00115564 0.00507608 0.00134178 0.002775 
-0.00253058 0.0035945 0.00395916 -0.00137587 0.00514308 0.00251449 0.00125764 0.003525 
0.000451302 -0.000889653 -0.000247672 -0.00214437 0.00176566 -0.000904426 -0.00183826 -0.0024 
0.00147283 -0.00030303 0.00389605 -0.00235773 -0.00221093 0.0036146 0.000958411 0.002025 
23.5
0 0 0 
0 0 0 
-0.394663 2.47051 1.18891 
0.102501 2.02185 0.875157 
0.236927 -0.772197 0.614681 
0.276819 0.534159 0.249516 
0.154322 0.134863 0.359799 
0.257726 0.417448 0.215044 
0.214709 0.325791 0.222902 
0.227732 0.0731172 0.233826 
0.218112 0.487233 0.32533 
0.232928 0.325547 0.280454 
0.210684 0.174432 0.177647 
0.225287 0.299601 0.285964 
0.206215 0.254378 0.201384 
0.243464 0.279016 0.273939 
0.22826 0.232466 0.184055 
0.199204 0.441968 0.26668 
0.157847 0.39008 0.252919 
0.233665 0.513207 0.276448 
0.261152 -0.0781819 0.284265 
0.178921 1.26307 0.677873 
0.283393 0.938089 0.719092 
-0.421756 4.64724 5.01052 
0.249087 0.0931481 0.109639 
-8.94436 -31.5421 40.5119 
0 0 0 
0 0 0 
0.170524 0.70765 1.02191 
0.158516 -0.220572 0.345494 
0.131617 0.75836 0.310191 
0.0608741 0.870387 0.396869 
0.0891152 0.182431 0.121262 
0.123942 0.465663 0.218372 
0.0707695 0.237331 0.28618 
0.0911275 0.396051 0.26336 
0.0678325 0.287804 0.188739 
0.100172 0.289863 0.27293 
0.0803535 0.541205 0.315645 
0.0944233 0.424869 0.254892 
0.0808697 0.465741 0.331978 
0.117195 0.441348 0.292024 
0.0891312 0.572367 0.29003 
0.122968 0.481438 0.349889 
0.0237462 0.107751 0.16806 
0.0262475 0.189659 0.265885 
-0.141516 1.64471 0.974644 
-0.109522 0.826956 0.481765 
0 0 0 
-0.465016 0.036495 2.07862 
0.210105 0.390719 0.395846 
0.223489 0.270475 0.254078 
0.214645 0.434518 0.316597 
0.115051 0.42875 0.385754 
0.0836497 0.377552 0.273389 
0.0455203 0.557574 0.381787 
