0
003
0
0
0
0
0
0
0
0
1
0
0
0.002776 0 0 0 0 
-0.013309 0 0 0 0 
-0.003461 0 0 0 0 
-0.001492 0 0 0 0 
-0.003133 0 0 0 0 
0.004745 0 0 0 0 
-1.21018 0 0 0 0 
-1.31523 0 0 0 0 
0 0 0 0 0 
0 0 0 0 0 
0 0 0 0 0 
0 0 0 0 0 
0 0 0 0 0 
0 0 0 0 0 
0 0 0 0 0 
0 0 0 0 0 
-0.000634217 -0.000107864 -0.000879818 -0.00132197 -0.00283394 -0.00338867 0.00211525 -0.002175 
0.00135443 -0.000221851 -0.00185529 0.00121539 -0.00208048 -0.00078839 -0.00125314 0.0006 
-0.00105364 0.00132036 0.000593174 -0.000507932 -0.000259921 0.00240838 0.00194301 -0.0003 
-0.00349491 0.00125765 0.00307175 0.00336632 0.00158275 0.00169679 0.00418357 0.0024 
0.00184557 0.000232933 0.000625223 0.00524821 -0.00126413 0.000529266 -0.000170934 0.002325 
-0.00129408 0.00255892 0.00485581 0.0138632 0.00380202 0.00309883 0.0030327 -0.00045 
0.00306771 0.000754426 0.011402 0.0147112 0.00339492 0.00591444 0.00272101 0.00345 
0.00195055 0.003204 0.00978664 0.0288397 0.00843279 0.00969821 0.00539722 -0.0021 
0.00268299 0.00354603 0.0190019 0.0349143 0.0141388 0.011114 0.00654938 -0.001575 
0.00327668 0.00849539 0.0242762 0.0428538 0.0096364 0.0102631 0.00617216 0.000825 
-0.000744489 0.00500526 0.0233143 0.0471827 0.0135984 0.0150557 0.0102834 -0.001125 
0.00256465 0.00731815 0.0281098 0.0567552 0.0142256 0.0146325 0.012661 0 
0.00543258 0.0119255 0.0281621 0.0573339 0.0179182 0.0156527 0.0101914 0.001725 
0.00138258 0.00832549 0.0317621 0.0583089 0.0152932 0.0135527 0.0128164 0.0012 
0.00376465 0.0112932 0.0299848 0.0559302 0.0203006 0.0175575 0.011086 -0.00045 
0.00570551 0.00425526 0.0239143 0.0526577 0.0119484 0.0172307 0.00863342 0.000675 
0.00560168 0.00564539 0.0236012 0.0458538 0.0165364 0.0094381 0.0111972 0.00315 
0.00118299 0.00452103 0.0190019 0.0333393 0.0131638 0.00931399 0.0106744 -0.000825 
-0.000374451 0.004929 0.0166116 0.0221647 0.0112078 0.00482321 0.00824722 0.000225 
-8.22891e-005 0.00262943 0.00652699 0.0184612 0.00519492 0.00868944 0.00234601 -0.00195 
0.00373092 0.00158392 0.00905581 0.0155882 0.00185202 0.00392383 0.0025827 0.0003 
-0.00302943 -0.00216707 0.00707522 0.00697321 0.00526087 0.00412927 0.000729066 -0.003 
-0.00334491 0.00373265 0.00329675 0.00666632 -0.00119225 0.00447179 0.00223357 -0.000375 
0.000371356 -0.00115464 0.000368174 0.000542068 -0.00265992 0.00368338 0.000518013 -7.5e-005 
0.00322943 0.00172815 0.00114471 0.00496539 0.00031952 0.00228661 0.00354686 0.0027 
0.00245285 0.000156097 0.00175402 -0.00172658 -0.00344093 -0.00256381 0.00359197 -0.002775 
-0.00207205 -0.00299597 0.00130801 0.000723398 0.00120199 -0.00319257 0.0039476 0.0018 
-0.00236032 -0.00311482 0.00351905 0.00528422 -0.00129085 -0.00197295 -0.00177136 -0.0021 
-0.00206941 0.00420134 0.00157115 0.00415472 0.00418315 -0.00173495 0.0040571 0.00135 
0.00392005 0.00145971 0.00508982 0.0071742 0.00663723 0.00437629 -0.00113752 -0.0024 
0.000625079 0.000935539 0.00770426 0.00953701 0.00857088 0.0054279 0.00633962 0.002775 
-0.000545843 0.0016789 0.0113664 0.00944017 0.00965874 0.00964084 0.00754838 -0.003375 
0.00332532 0.00771921 0.0151881 0.0150746 0.0131601 0.00580238 0.00756014 0.0006 
0.00141076 0.00712435 0.0189924 0.0232793 0.0171123 0.015437 0.00828578 0.003075 
0.00431078 0.00897259 0.0273538 0.0220828 0.0137998 0.0160006 0.0091463 -0.0036 
0.000559152 0.00931825 0.0293971 0.028023 0.0204602 0.0164344 0.0103197 -0.001875 
0.00508479 0.0124515 0.0313031 0.028572 0.0239279 0.0170288 0.0130894 0.002025 
0.00770244 0.0138442 0.0395756 0.0370185 0.0214506 0.0244322 0.0181078 -0.0027 
0.00290244 0.0104692 0.0332756 0.0324435 0.0226506 0.0242072 0.0192328 -0.0027 
0.00710979 0.00810146 0.0335531 0.033597 0.0254279 0.0232538 0.0166144 -0.00195 
-0.000115848 0.00961825 0.0314221 0.027273 0.0190352 0.0213094 0.0112198 -0.0012 
-3.92154e-005 0.00769759 0.0289288 0.0277078 0.0190498 0.0138256 0.0122213 0.0018 
0.000210756 0.00502435 0.0211674 0.0194543 0.0165123 0.010037 0.0121108 0.00165 
0.000475317 0.00314421 0.0183381 0.0173246 0.0107601 0.0100024 0.00741014 0.000675 
0.00297916 0.0027289 0.0109914 0.00741517 0.00793374 0.00544084 0.00229838 -0.001275 
0.00190008 0.00161054 0.00462926 0.00503701 0.00804588 0.0032529 0.000339622 0.0015 
-0.000129946 -0.000790291 0.00186482 0.0016242 0.000562231 0.00437629 0.000887477 0.002775 
-0.00259441 0.00337634 0.00359615 0.000329718 0.00478315 0.00209005 0.000982098 0.003525 
0.000414678 -0.00101482 -0.000455946 -0.00116578 0.00155915 -0.00114795 -0.00199636 -0.0024 
0.00145295 -0.000370965 0.00378301 -0.0018266 -0.00232301 0.00348243 0.000872605 0.002025 
23.5
0 0 0 
0 0 0 
-0.114311 2.32094 1.11125 
0.28861 1.92257 0.823619 
0.744836 -1.04259 0.596383 
0.463382 0.434742 0.197894 
0.350553 0.0303311 0.32202 
0.428466 0.326473 0.167804 
0.379721 0.237875 0.177247 
0.408233 -0.0230341 0.183884 
0.414993 0.382325 0.270849 
0.4165 0.227741 0.229659 
0.391047 0.0783486 0.127748 
0.412248 0.199992 0.234231 
0.373075 0.165482 0.155219 
0.42348 0.183108 0.224128 
0.389008 0.146827 0.139582 
0.365573 0.353322 0.220647 
0.327836 0.29951 0.209015 
0.421819 0.412946 0.224385 
0.406817 -0.155768 0.279036 
0.367569 1.16249 0.625645 
0.420219 0.865155 0.681207 
0.324896 4.24825 4.80258 
0.288339 0.0722386 0.0987809 
-7.7207 -32.2738 40.4863 
0 0 0 
0 0 0 
0.289263 0.634886 1.0217 
0.260692 -0.283148 0.34599 
0.243662 0.689697 0.282919 
0.193495 0.789112 0.364106 
0.222241 0.100882 0.120592 
0.254025 0.385962 0.186244 
0.217208 0.147624 0.250009 
0.244717 0.301953 0.225424 
0.217348 0.19621 0.151814 
0.228324 0.211355 0.241276 
0.223468 0.453517 0.280293 
0.227533 0.343317 0.222014 
0.227727 0.375764 0.295701 
0.25329 0.357965 0.258407 
0.230182 0.485941 0.255189 
0.256832 0.39942 0.31682 
0.186369 0.00814024 0.162121 
0.20298 0.0813998 0.266748 
0.193477 1.43933 0.891815 
0.0262449 0.74376 0.481553 
0 0 0 
-0.360247 -0.0276637 2.07868 
0.437686 0.269482 0.352693 
0.405654 0.173423 0.203674 
0.386015 0.343205 0.274634 
0.240084 0.352145 0.367366 
0.226618 0.289963 0.238076 
0.221551 0.449708 0.349543 
