0
003
0
0
0
0
0
0
0
0
1
0
0
-0.003461 0 0 0 0 
-0.01889 0 0 0 0 
-0.007729 0 0 0 0 
-0.005103 0 0 0 0 
-0.007072 0 0 0 0 
0.001134 0 0 0 0 
-1.24924 0 0 0 0 
-1.31785 0 0 0 0 
0 0 0 0 0 
0 0 0 0 0 
0 0 0 0 0 
0 0 0 0 0 
0 0 0 0 0 
0 0 0 0 0 
0 0 0 0 0 
0 0 0 0 0 
-0.000638198 -9.57421e-005 -0.00107239 -0.00113688 -0.00285575 -0.00335456 0.00210233 -0.002175 
0.00134668 -0.00019824 -0.00223038 0.0015759 -0.00212295 -0.000721946 -0.0012783 0.0006 
-0.00106793 0.00136386 -9.79134e-005 0.000156308 -0.000338175 0.0025308 0.00189667 -0.0003 
-0.00351981 0.00133347 0.00186725 0.00452403 0.00144636 0.00191016 0.00410279 0.0024 
0.00180451 0.000357941 -0.00136066 0.00715695 -0.001489 0.000881052 -0.000304113 0.002325 
-0.0013581 0.00275389 0.00175858 0.0168401 0.0034513 0.00364749 0.00282499 -0.00045 
0.00297325 0.00104206 0.00683251 0.0191032 0.0028775 0.00672389 0.00241457 0.00345 
0.00181872 0.00360543 0.00340942 0.0349692 0.00771067 0.0108279 0.00496954 -0.0021 
0.00250895 0.004076 0.0105827 0.0430065 0.0131855 0.0126054 0.00598477 -0.001575 
0.00305934 0.00915724 0.013762 0.0529596 0.00844582 0.0121256 0.00546705 0.000825 
-0.00100125 0.00578715 0.0108932 0.0591214 0.0121919 0.017256 0.00945043 -0.001125 
0.00227771 0.00819192 0.0142289 0.0700968 0.0126538 0.0170914 0.0117301 0 
0.00512925 0.0128492 0.0134882 0.0714377 0.0162566 0.0182521 0.00920737 0.001725 
0.00107925 0.00924917 0.0170882 0.0724127 0.0136316 0.0161521 0.0118324 0.0012 
0.00347771 0.0121669 0.0161039 0.0692718 0.0187288 0.0200164 0.0101551 -0.00045 
0.00544875 0.00503715 0.0114932 0.0645964 0.0105419 0.019431 0.00780043 0.000675 
0.00538434 0.00630724 0.013087 0.0559596 0.0153458 0.0113006 0.010492 0.00315 
0.00100895 0.005051 0.0105827 0.0414315 0.0122105 0.0108054 0.0101098 -0.000825 
-0.000506276 0.00533043 0.0102344 0.0282942 0.0104857 0.00595289 0.00781954 0.000225 
-0.000176746 0.00291706 0.00195751 0.0228532 0.0046775 0.00949889 0.00203957 -0.00195 
0.0036669 0.00177889 0.00595858 0.0185651 0.0015013 0.00447249 0.00237499 0.0003 
-0.00307049 -0.00204206 0.00508934 0.00888195 0.005036 0.00448105 0.000595887 -0.003 
-0.00336981 0.00380847 0.00209225 0.00782403 -0.00132864 0.00468516 0.00215279 -0.000375 
0.000357071 -0.00111114 -0.000322913 0.00120631 -0.00273818 0.0038058 0.000471667 -7.5e-005 
0.00322168 0.00175176 0.000769624 0.0053259 0.000277047 0.00235305 0.0035217 0.0027 
0.00242427 8.95124e-005 0.00138575 -0.000867344 -0.00360137 -0.00268061 0.00347374 -0.002775 
-0.00212773 -0.00312565 0.000590719 0.00239697 0.000889501 -0.00342008 0.00371732 0.0018 
-0.00246291 -0.00335377 0.00219746 0.00836773 -0.0018666 -0.00239213 -0.00219566 -0.0021 
-0.00224821 0.00378487 -0.000732267 0.009529 0.00317967 -0.00246553 0.00331759 0.00135 
0.00362526 0.000773075 0.00129212 0.0160349 0.00498276 0.00317177 -0.00235677 -0.0024 
0.000165304 -0.000135351 0.00178128 0.0233563 0.00599053 0.0035493 0.00443805 0.002775 
-0.00122417 9.89726e-005 0.002628 0.0298284 0.00585184 0.00686927 0.00474291 -0.003375 
0.00237864 0.00551424 0.00299267 0.0435286 0.0078471 0.00193434 0.0036448 0.0006 
0.000160957 0.00421337 0.00289203 0.0608441 0.0100981 0.0103304 0.00311677 0.003075 
0.00274998 0.00533721 0.00724696 0.0689956 0.00504018 0.00962323 0.00269099 -0.0036 
-0.00128473 0.00502356 0.00564364 0.0834439 0.0101119 0.0089005 0.0026937 -0.001875 
0.00302422 0.00765206 0.00475816 0.0905059 0.0123636 0.00860945 0.00456715 0.002025 
0.00552415 0.00877065 0.0115142 0.102491 0.00922564 0.0155319 0.00909873 -0.0027 
0.000724152 0.00539565 0.00521422 0.0979156 0.0104256 0.0153069 0.0102237 -0.0027 
0.00504922 0.00330206 0.00700816 0.0955309 0.0138636 0.0148344 0.00809215 -0.00195 
-0.00195973 0.00532356 0.00766864 0.0826939 0.00868695 0.0137755 0.0035937 -0.0012 
-0.00160002 0.00406221 0.00882196 0.0746206 0.0102902 0.00744823 0.00576599 0.0018 
-0.00103904 0.00211337 0.00506703 0.0570191 0.00949813 0.00493041 0.00694177 0.00165 
-0.000471362 0.000939243 0.00614267 0.0457786 0.0054471 0.00613434 0.0034948 0.000675 
0.00230083 0.00114897 0.002253 0.0278034 0.00412684 0.00266927 -0.000507085 -0.001275 
0.0014403 0.000539649 -0.00129372 0.0188563 0.00546553 0.0013743 -0.00156195 0.0015 
-0.000424744 -0.00147693 -0.00193288 0.0104849 -0.00109224 0.00317177 -0.000331773 0.002775 
-0.00277321 0.00295987 0.00129273 0.005704 0.00377967 0.00135947 0.000242586 0.003525 
0.000312089 -0.00125377 -0.00177754 0.00191773 0.000983399 -0.00156713 -0.00242066 -0.0024 
0.00139727 -0.000500654 0.00306572 -0.000153034 -0.0026355 0.00325492 0.000642318 0.002025 
23.5
0 0 0 
0 0 0 
0.0351759 2.47262 0.983837 
0.387854 2.0233 0.739026 
1.01565 -0.767454 0.391685 
0.562871 0.535767 0.226264 
0.455196 0.136598 0.242941 
0.519518 0.418931 0.218011 
0.467717 0.327233 0.158869 
0.504489 0.0747192 0.101854 
0.519983 0.488936 0.204217 
0.514394 0.327151 0.146231 
0.487229 0.176023 0.0835453 
0.511948 0.301237 0.149263 
0.462056 0.255842 0.114406 
0.519478 0.280593 0.142316 
0.47473 0.233878 0.104855 
0.454293 0.443411 0.180735 
0.418486 0.391559 0.136066 
0.522156 0.514831 0.26317 
0.484498 -0.0768769 0.220333 
0.468169 1.26462 0.539901 
0.493186 0.939238 0.619013 
0.722936 4.65199 4.46284 
0.309272 0.0934961 0.0809425 
-3.87291 -32.9489 39.3242 
0 0 0 
0 0 0 
0.663343 0.564459 1.09488 
0.582598 -0.343641 0.43859 
0.596655 0.623234 0.310806 
0.611297 0.710432 0.327106 
0.641633 0.0220092 0.14299 
0.663833 0.308847 0.17761 
0.678529 0.0608581 0.0644328 
0.728561 0.210922 0.1076 
0.68836 0.107613 0.0768612 
0.63205 0.135411 0.0778538 
0.674322 0.368668 0.169568 
0.646875 0.264415 0.145116 
0.690367 0.28871 0.125425 
0.682033 0.277292 0.111693 
0.674537 0.40231 0.180159 
0.678549 0.320062 0.146102 
0.698662 -0.0881845 0.155849 
0.75971 -0.0232962 0.426912 
1.24848 1.24039 0.66471 
0.453955 0.663227 0.565306 
0 0 0 
-0.0301781 -0.0897086 2.01374 
0.559042 0.392728 0.29695 
0.502797 0.272072 0.134547 
0.477401 0.436003 0.226768 
0.633984 0.278028 0.365203 
0.677009 0.205228 0.109551 
0.776049 0.345327 0.258693 
