0
003
0
0
0
0
0
0
0
0
1
0
0
-0.010027 0 0 0 0 
-0.023814 0 0 0 0 
-0.01134 0 0 0 0 
-0.008385 0 0 0 0 
-0.009042 0 0 0 0 
-0.001164 0 0 0 0 
-1.22955 0 0 0 0 
-1.23743 0 0 0 0 
0 0 0 0 0 
0 0 0 0 0 
0 0 0 0 0 
0 0 0 0 0 
0 0 0 0 0 
0 0 0 0 0 
0 0 0 0 0 
0 0 0 0 0 
-0.000644338 -0.000139248 -0.000958579 -0.0010417 -0.00289093 -0.00344842 0.0020721 -0.002175 
0.00133472 -0.000282979 -0.0020087 0.00176128 -0.00219148 -0.000904769 -0.00133719 0.0006 
-0.00108996 0.00120773 0.000310527 0.000497863 -0.00046444 0.00219396 0.00178816 -0.0003 
-0.00355822 0.00106135 0.00257912 0.00511933 0.0012263 0.00132307 0.00391367 0.0024 
0.0017412 -9.0707e-005 -0.000186983 0.00813843 -0.00185183 -8.69008e-005 -0.000615919 0.002325 
-0.00145685 0.00205416 0.00358908 0.0183708 0.00288542 0.00213785 0.00233869 -0.00045 
0.00282757 9.73683e-006 0.00953312 0.0213615 0.00204264 0.00449665 0.00169711 0.00345 
0.0016154 0.0021647 0.00717843 0.038121 0.00654553 0.00771953 0.00396825 -0.0021 
0.00224052 0.00217396 0.0155585 0.0471674 0.0116473 0.00850175 0.00466287 -0.001575 
0.00272411 0.00678188 0.019976 0.058156 0.00652482 0.00700081 0.00381619 0.000825 
-0.00139727 0.00298099 0.0182342 0.0652602 0.00992246 0.0112017 0.00750017 -0.001125 
0.00183515 0.00505598 0.0224327 0.0769571 0.0101177 0.0103257 0.00955066 0 
0.00466141 0.00953409 0.0221606 0.0786899 0.0135757 0.0110998 0.00690342 0.001725 
0.000611412 0.00593409 0.0257606 0.0796649 0.0109507 0.00899983 0.00952842 0.0012 
0.00303515 0.00903098 0.0243077 0.0761321 0.0161927 0.0132507 0.00797566 -0.00045 
0.00505273 0.00223099 0.0188342 0.0707352 0.00827246 0.0133767 0.00585017 0.000675 
0.00504911 0.00393188 0.019301 0.061156 0.0134248 0.00617581 0.00884119 0.00315 
0.000740524 0.00314896 0.0155585 0.0455924 0.0106723 0.00670175 0.00878787 -0.000825 
-0.0007096 0.0038897 0.0140034 0.031446 0.00932053 0.00284453 0.00681825 0.000225 
-0.000322434 0.00188474 0.00465812 0.0251115 0.00384264 0.00727165 0.00132211 -0.00195 
0.00356815 0.00107916 0.00778908 0.0200958 0.000935425 0.00296285 0.00188869 0.0003 
-0.0031338 -0.00249071 0.00626302 0.00986343 0.00467317 0.0035131 0.000284081 -0.003 
-0.00340822 0.00353635 0.00280412 0.00841933 -0.0015487 0.00409807 0.00196367 -0.000375 
0.000335037 -0.00126727 8.55267e-005 0.00154786 -0.00286444 0.00346896 0.000363159 -7.5e-005 
0.00320972 0.00166702 0.000991304 0.00551128 0.000208517 0.00217023 0.00346281 0.0027 
0.00244338 0.000125383 0.00168925 -0.00146847 -0.00349429 -0.00262289 0.00355137 -0.002775 
-0.0020905 -0.00305579 0.00118184 0.00122613 0.00109806 -0.00330765 0.00386852 0.0018 
-0.00239431 -0.00322504 0.00328658 0.00621048 -0.00148233 -0.00218498 -0.00191707 -0.0021 
-0.00212864 0.00400923 0.00116598 0.00576911 0.00384942 -0.0021045 0.00380314 0.00135 
0.0038224 0.00114298 0.00442181 0.00983588 0.00608699 0.00376701 -0.00155623 -0.0024 
0.000472769 0.000441559 0.00666241 0.0136882 0.00771271 0.00447766 0.0056866 0.002775 
-0.000770553 0.000950111 0.00982932 0.0155646 0.00839265 0.00823891 0.00658494 -0.003375 
0.00301171 0.0067021 0.0130429 0.0236219 0.0113931 0.00384583 0.00621556 0.0006 
0.000996732 0.00578158 0.0161603 0.0345635 0.0147795 0.0128539 0.00651067 0.003075 
0.00379373 0.00729566 0.023817 0.036175 0.0108865 0.0127748 0.00692946 -0.0036 
-5.16739e-005 0.00733719 0.0252189 0.044671 0.0170186 0.0126236 0.00770086 -0.001875 
0.00440218 0.0102376 0.0266338 0.0471765 0.0200819 0.0127701 0.0101627 0.002025 
0.00698083 0.0115039 0.0346396 0.0566858 0.0173849 0.0199303 0.015014 -0.0027 
0.00218083 0.00812889 0.0283396 0.0521108 0.0185849 0.0197053 0.016139 -0.0027 
0.00642718 0.00588759 0.0288838 0.0522015 0.0215819 0.0189951 0.0136877 -0.00195 
-0.000726674 0.00763719 0.0272439 0.043921 0.0155936 0.0174986 0.00860086 -0.0012 
-0.000556268 0.00602066 0.025392 0.0418 0.0161365 0.0105998 0.0100045 0.0018 
-0.000203268 0.00368158 0.0183353 0.0307385 0.0141795 0.00745395 0.0103357 0.00165 
0.000161709 0.0021271 0.0161929 0.0258719 0.00899309 0.00804583 0.00606556 0.000675 
0.00275445 0.00200011 0.00945432 0.0135396 0.00666765 0.00403891 0.00133494 -0.001275 
0.00174777 0.00111656 0.00358741 0.00918823 0.00718771 0.00230266 -0.000313405 0.0015 
-0.000227604 -0.00110702 0.00119681 0.00428588 1.19919e-005 0.00376701 0.000468769 0.002775 
-0.00265364 0.00318423 0.00319098 0.00194411 0.00444942 0.0017205 0.000728139 0.003525 
0.000380693 -0.00112504 -0.000688416 -0.000239521 0.00136767 -0.00135998 -0.00214207 -0.0024 
0.0014345 -0.000430788 0.00365684 -0.00132387 -0.00242694 0.00336735 0.000793521 0.002025 
23.5
0 0 0 
0 0 0 
0.112035 2.21247 1.04399 
0.438877 1.85058 0.778973 
1.15483 -1.23858 0.571252 
0.614015 0.362655 0.153175 
0.508991 -0.045463 0.312327 
0.566326 0.260505 0.126879 
0.512955 0.174127 0.137695 
0.553973 -0.0927519 0.140619 
0.573956 0.306256 0.223653 
0.564719 0.156822 0.185655 
0.536675 0.00867886 0.0845197 
0.563202 0.127766 0.189415 
0.507802 0.101023 0.115225 
0.568828 0.113565 0.180977 
0.5188 0.0847296 0.101054 
0.499904 0.289042 0.180767 
0.465089 0.233836 0.196056 
0.573737 0.340246 0.179284 
0.524433 -0.212026 0.271843 
0.519886 1.08956 0.580401 
0.530699 0.812265 0.648388 
0.927511 3.95896 4.62257 
0.320035 0.0570757 0.0893731 
-6.56353 -32.8791 40.4045 
0 0 0 
0 0 0 
0.401644 0.574455 1.02543 
0.357398 -0.335114 0.351292 
0.349708 0.632671 0.263151 
0.319013 0.721611 0.329595 
0.348236 0.0331576 0.113661 
0.37714 0.319771 0.152402 
0.355801 0.0731258 0.21191 
0.390077 0.223808 0.185465 
0.358852 0.120144 0.11292 
0.349612 0.146155 0.207934 
0.358916 0.380693 0.243057 
0.353513 0.275588 0.187384 
0.366716 0.30104 0.25749 
0.382094 0.288717 0.222998 
0.363678 0.414165 0.218491 
0.383526 0.331304 0.281988 
0.340277 -0.0745808 0.156948 
0.37024 -0.0085031 0.275924 
0.510477 1.26877 0.804592 
0.15474 0.674665 0.485838 
0 0 0 
-0.261088 -0.0809459 2.07527 
0.621424 0.181582 0.317274 
0.552737 0.103051 0.160009 
0.524382 0.276993 0.241483 
0.35842 0.288525 0.349634 
0.361927 0.217222 0.20088 
0.388144 0.36013 0.316919 
