0
003
0
0
0
0
0
0
0
0
-1
0
0
-0.00379 0 0 0 0 
-0.01889 0 0 0 0 
-0.007072 0 0 0 0 
-0.005431 0 0 0 0 
-0.008714 0 0 0 0 
-0.00379 0 0 0 0 
-1.28371 0 0 0 0 
-1.15076 0 0 0 0 
0 0 0 0 0 
0 0 0 0 0 
0 0 0 0 0 
0 0 0 0 0 
0 0 0 0 0 
0 0 0 0 0 
0 0 0 0 0 
0 0 0 0 0 
-0.000654499 -0.000147805 -0.00118937 -0.000689962 -0.00294759 -0.00345435 0.00203257 -0.002175 
0.00131493 -0.000299645 -0.00245822 0.00244638 -0.00230185 -0.000916309 -0.00141417 0.0006 
-0.00112643 0.00117703 -0.000517711 0.00176014 -0.000667786 0.00217269 0.00164633 -0.0003 
-0.00362177 0.00100783 0.00113558 0.00731936 0.000871883 0.00128601 0.00366648 0.0024 
0.00163641 -0.000178944 -0.00256698 0.0117657 -0.00243616 -0.000148002 -0.00102347 0.002325 
-0.00162028 0.00191655 -0.000122826 0.024028 0.00197409 0.00204255 0.00170306 -0.00045 
0.00258646 -0.000193295 0.0040568 0.0297077 0.000698109 0.00435606 0.000759339 0.00345 
0.0012789 0.00188135 -0.000464395 0.049769 0.00466909 0.00752332 0.00265948 -0.0021 
0.00179629 0.00179987 0.00546855 0.0625451 0.00917001 0.00824271 0.00293504 -0.001575 
0.00216932 0.00631471 0.00737512 0.0773604 0.0034311 0.00667731 0.00165839 0.000825 
-0.00205267 0.00242909 0.00334801 0.0879476 0.00626766 0.0108195 0.00495104 -0.001125 
0.00110272 0.00443923 0.00579706 0.102311 0.00603339 0.00989858 0.00670195 0 
0.00388714 0.0088821 0.00457466 0.105492 0.00925802 0.0106483 0.00389197 0.001725 
-0.000162857 0.0052821 0.00817466 0.106467 0.00663302 0.00854834 0.00651697 0.0012 
0.00230272 0.00841423 0.00767206 0.101486 0.0121084 0.0128236 0.00512695 -0.00045 
0.00439733 0.00167909 0.00394801 0.0934226 0.00461766 0.0129945 0.00330104 0.000675 
0.00449432 0.00346471 0.00670012 0.0803604 0.0103311 0.00585231 0.00668339 0.00315 
0.000296285 0.00277487 0.00546855 0.0609701 0.00819501 0.00644271 0.00706004 -0.000825 
-0.0010461 0.00360635 0.00636061 0.043094 0.00744409 0.00264832 0.00550948 0.000225 
-0.000563544 0.0016817 -0.0008182 0.0334577 0.00249811 0.00713106 0.000384339 -0.00195 
0.00340472 0.000941547 0.00407717 0.025753 2.40922e-005 0.00286755 0.00125306 0.0003 
-0.00323859 -0.00257894 0.00388302 0.0134907 0.00408884 0.003452 -0.000123475 -0.003 
-0.00347177 0.00348283 0.00136058 0.0106194 -0.00190312 0.00406101 0.00171648 -0.000375 
0.000298572 -0.00129797 -0.000742711 0.00281014 -0.00306779 0.00344769 0.00022133 -7.5e-005 
0.00318993 0.00165036 0.00054178 0.00619638 9.81519e-005 0.00215869 0.00338583 0.0027 
0.00241054 4.3365e-005 0.0013024 -0.000497941 -0.00367878 -0.00277007 0.0034146 -0.002775 
-0.00215448 -0.00321554 0.000428359 0.00311646 0.000738709 -0.00359432 0.00360214 0.0018 
-0.00251219 -0.00351938 0.00189831 0.00969339 -0.00214443 -0.00271317 -0.00240788 -0.0021 
-0.00233409 0.00349623 -0.00125365 0.0118395 0.00269543 -0.00302508 0.00294771 0.00135 
0.00348366 0.000297191 0.000432507 0.0198443 0.0041844 0.00224922 -0.0029666 -0.0024 
-5.55324e-005 -0.000877551 0.000440604 0.0292975 0.00474538 0.00211048 0.00348695 0.002775 
-0.00154998 -0.000996025 0.000650042 0.0385937 0.00401483 0.00474652 0.00333972 -0.003375 
0.00192393 0.00398605 0.000232206 0.0557616 0.00528334 -0.0010282 0.00168648 0.0006 
-0.000439339 0.00219586 -0.000752313 0.076994 0.00671347 0.00641929 0.000531408 0.003075 
0.0020003 0.00281765 0.00269573 0.0891643 0.000813252 0.00473884 -0.000537733 -0.0036 
-0.00217037 0.00204704 0.000266996 0.10727 0.00511843 0.00313027 -0.00112058 -0.001875 
0.0020345 0.00432575 -0.00125035 0.117133 0.00678324 0.00216111 0.000304609 0.002025 
0.00447789 0.00525432 0.00516246 0.130638 0.00332649 0.00871523 0.00459269 -0.0027 
-0.00032211 0.00187932 -0.00113754 0.126063 0.00452649 0.00849023 0.00571769 -0.0027 
0.0040595 -2.42499e-005 0.000999652 0.122158 0.00828324 0.00838611 0.00382961 -0.00195 
-0.00284537 0.00234704 0.002292 0.10652 0.00369343 0.00800527 -0.000220584 -0.0012 
-0.0023497 0.00154265 0.00427073 0.0947893 0.00606325 0.00256384 0.00253727 0.0018 
-0.00163934 9.58633e-005 0.00142269 0.073169 0.00611347 0.00101929 0.00435641 0.00165 
-0.000926066 -0.00058895 0.00338221 0.0580116 0.00288334 0.0031718 0.00153648 0.000675 
0.00197502 5.3975e-005 0.000275042 0.0365687 0.00228983 0.000546517 -0.00191028 -0.001275 
0.00121947 -0.000202551 -0.0026344 0.0247975 0.00422038 -6.45227e-005 -0.00251305 0.0015 
-0.000566341 -0.00195281 -0.00279249 0.0142943 -0.0018906 0.00224922 -0.000941601 0.002775 
-0.00285909 0.00267123 0.000771349 0.0080145 0.00329543 0.000799916 -0.000127293 0.003525 
0.000262813 -0.00141938 -0.00207669 0.00324339 0.000705569 -0.00188817 -0.00263288 -0.0024 
0.00137052 -0.000590537 0.00290336 0.000566464 -0.00278629 0.00308068 0.000527137 0.002025 
23.5
0 0 0 
0 0 0 
0.396048 2.28599 0.881698 
0.627444 1.89942 0.671228 
1.66924 -1.10477 0.400318 
0.803044 0.411713 0.185363 
0.707812 0.00616299 0.231949 
0.739326 0.305409 0.180579 
0.680152 0.217529 0.122698 
0.736862 -0.0452593 0.0458874 
0.773436 0.35803 0.161057 
0.750719 0.205107 0.082878 
0.719422 0.0561283 0.0440173 
0.752634 0.176944 0.0812087 
0.676871 0.144916 0.0778339 
0.751225 0.160917 0.10519 
0.681677 0.127015 0.0696234 
0.668476 0.332795 0.144265 
0.637327 0.278542 0.127144 
0.764378 0.389724 0.221916 
0.672031 -0.173692 0.212174 
0.711026 1.13912 0.492891 
0.669342 0.848225 0.569172 
1.68346 4.15424 4.28211 
0.359813 0.0674025 0.0666545 
-2.22195 -33.8948 39.2621 
0 0 0 
0 0 0 
0.824131 0.469987 1.09649 
0.720964 -0.424886 0.441575 
0.748381 0.534085 0.276778 
0.790874 0.604912 0.286831 
0.821892 -0.083863 0.151858 
0.839974 0.205372 0.138115 
0.876805 -0.0556008 0.0623616 
0.936514 0.088764 0.060977 
0.8908 -0.0112963 0.0907141 
0.805577 0.0334854 0.0333709 
0.868101 0.254827 0.12612 
0.827113 0.158538 0.107818 
0.88921 0.1719 0.0808436 
0.86631 0.169039 0.070379 
0.865522 0.290107 0.137335 
0.859808 0.213579 0.0996313 
0.918839 -0.217495 0.160624 
0.99898 -0.16383 0.432074 
1.70177 0.973872 0.652312 
0.63779 0.555215 0.56718 
0 0 0 
0.111699 -0.173009 2.01214 
0.851983 0.241458 0.262575 
0.73731 0.150969 0.0854388 
0.69802 0.32206 0.196172 
0.803289 0.178572 0.350572 
0.870589 0.0915166 0.080315 
1.01435 0.20531 0.233314 
