0
003
0
0
0
0
0
0
0
0
1
0
0
-0.007729 0 0 0 0 
-0.021516 0 0 0 0 
-0.010027 0 0 0 0 
-0.007072 0 0 0 0 
-0.008385 0 0 0 0 
-0.000507 0 0 0 0 
-1.33985 0 0 0 0 
-1.26861 0 0 0 0 
0 0 0 0 0 
0 0 0 0 0 
0 0 0 0 0 
0 0 0 0 0 
0 0 0 0 0 
0 0 0 0 0 
0 0 0 0 0 
0 0 0 0 0 
-0.000627638 -8.68597e-005 -0.000832613 -0.00150231 -0.00279688 -0.00334841 0.0021434 -0.002175 
0.00136725 -0.000180939 -0.00176335 0.000864144 -0.0020083 -0.00070997 -0.00119831 0.0006 
-0.00103003 0.00139574 0.000762576 -0.00115509 -0.000126923 0.00255287 0.00204404 -0.0003 
-0.00345376 0.00138903 0.003367 0.00223838 0.00181456 0.00194862 0.00435965 0.0024 
0.00191341 0.000449539 0.00111201 0.00338855 -0.000881954 0.000944458 0.000119373 0.002325 
-0.00118826 0.00289674 0.00561502 0.0109628 0.00439807 0.00374638 0.00348547 -0.00045 
0.00322382 0.00125283 0.0125221 0.0104322 0.0042743 0.00686979 0.003389 0.00345 
0.00216842 0.00389958 0.0113499 0.0228678 0.00966007 0.0110315 0.00632947 -0.0021 
0.00297061 0.00446433 0.0210656 0.0270303 0.0157591 0.0128742 0.00778014 -0.001575 
0.00363588 0.00964221 0.0268535 0.0330078 0.0116598 0.0124613 0.00770919 0.000825 
-0.000320141 0.00636006 0.026359 0.0355511 0.0159888 0.0176526 0.0120992 -0.001125 
0.00303886 0.00883217 0.0315123 0.0437566 0.0168969 0.0175346 0.0146902 0 
0.00593389 0.013526 0.031759 0.0435928 0.0207422 0.0187206 0.0123365 0.001725 
0.00188389 0.009926 0.035359 0.0445678 0.0181172 0.0166206 0.0149615 0.0012 
0.00423886 0.0128072 0.0333873 0.0429316 0.0229719 0.0204596 0.0131152 -0.00045 
0.00612986 0.00561006 0.026959 0.0410262 0.0143388 0.0198276 0.0104492 0.000675 
0.00596088 0.00679221 0.0261785 0.0360078 0.0185598 0.0116363 0.0127342 0.00315 
0.00147061 0.00543933 0.0210656 0.0254553 0.0147841 0.0110742 0.0119051 -0.000825 
-0.000156583 0.00562458 0.0181749 0.0161928 0.0124351 0.00615651 0.00917947 0.000225 
7.38197e-005 0.00312783 0.00764708 0.0141822 0.0060743 0.00964479 0.003014 -0.00195 
0.00383674 0.00192174 0.00981502 0.0126878 0.00244807 0.00457138 0.00303547 0.0003 
-0.00296159 -0.00195046 0.00756201 0.00511355 0.00564305 0.00454446 0.00101937 -0.003 
-0.00330376 0.00386403 0.003592 0.00553838 -0.000960442 0.00472362 0.00240965 -0.000375 
0.000394966 -0.00107926 0.000537576 -0.000105091 -0.00252692 0.00382787 0.00061904 -7.5e-005 
0.00324225 0.00176906 0.00123665 0.00461414 0.000391704 0.00236503 0.00360169 0.0027 
0.0024584 0.000174715 0.00178766 -0.00187564 -0.00340969 -0.00252772 0.00361584 -0.002775 
-0.00206126 -0.0029597 0.00137353 0.000433075 0.00126284 -0.00312228 0.00399409 0.0018 
-0.00234043 -0.00304801 0.00363977 0.0047493 -0.00117874 -0.00184343 -0.00168571 -0.0021 
-0.00203475 0.00431779 0.00178156 0.00322241 0.00437854 -0.00150921 0.00420638 0.00135 
0.0039772 0.0016517 0.00543672 0.00563709 0.00695938 0.00474848 -0.000891391 -0.0024 
0.000714208 0.00123498 0.00824529 0.00713969 0.0090733 0.00600838 0.00672349 0.002775 
-0.000414349 0.00212068 0.0121646 0.00590331 0.0104 0.0104973 0.00811472 -0.003375 
0.00350883 0.00833576 0.0163021 0.0101385 0.0141946 0.0069976 0.00835054 0.0006 
0.00165303 0.00793832 0.020463 0.0167627 0.018478 0.0170149 0.00932925 0.003075 
0.00461335 0.00998911 0.0291905 0.0139445 0.0155054 0.0179711 0.0104494 -0.0036 
0.000916591 0.0105191 0.0315668 0.0184088 0.0224751 0.0187624 0.0118592 -0.001875 
0.00548424 0.0137935 0.0337278 0.0178279 0.0261797 0.0196303 0.0148098 0.002025 
0.0081247 0.0152629 0.0421388 0.0256606 0.023831 0.0271824 0.0199265 -0.0027 
0.0033247 0.0118879 0.0358388 0.0210856 0.025031 0.0269574 0.0210515 -0.0027 
0.00750924 0.00944346 0.0359778 0.0228529 0.0276797 0.0258553 0.0183348 -0.00195 
0.000241591 0.0108191 0.0335918 0.0176588 0.0210501 0.0236374 0.0127592 -0.0012 
0.000263351 0.00871411 0.0307655 0.0195695 0.0207554 0.0157961 0.0135244 0.0018 
0.000453032 0.00583832 0.022638 0.0129377 0.017878 0.0116149 0.0131543 0.00165 
0.000658832 0.00376076 0.0194521 0.0123885 0.0117946 0.0111976 0.00820054 0.000675 
0.00311065 0.00317068 0.0117896 0.00387831 0.00867499 0.00629725 0.00286472 -0.001275 
0.00198921 0.00190998 0.00517029 0.00263969 0.00854831 0.00383338 0.000723495 0.0015 
-7.27984e-005 -0.000598295 0.00221172 8.70854e-005 0.000884376 0.00474848 0.00113361 0.002775 
-0.00255975 0.00349279 0.00380656 -0.000602588 0.00497854 0.00231579 0.00113138 0.003525 
0.000434566 -0.000948008 -0.000335228 -0.0017007 0.00167126 -0.00101843 -0.00191071 -0.0024 
0.00146374 -0.000334702 0.00384853 -0.00211692 -0.00226216 0.00355272 0.000919093 0.002025 
23.5
0 0 0 
0 0 0 
-0.25997 2.39626 1.15249 
0.191914 1.97257 0.850986 
0.48096 -0.906443 0.607905 
0.36645 0.484804 0.225306 
0.248598 0.0829684 0.334332 
0.339755 0.372284 0.19289 
0.293986 0.282146 0.201491 
0.314451 0.0253832 0.210405 
0.312701 0.435153 0.299779 
0.321122 0.276992 0.256632 
0.297337 0.126732 0.154245 
0.315109 0.250151 0.261702 
0.28638 0.210246 0.179733 
0.32995 0.231403 0.250579 
0.305488 0.189951 0.163198 
0.279133 0.397961 0.245092 
0.239515 0.345117 0.230861 
0.32406 0.463433 0.252032 
0.331134 -0.116699 0.282331 
0.269554 1.21314 0.653379 
0.349128 0.901882 0.701325 
-0.0629976 4.44916 4.91297 
0.267944 0.082768 0.104547 
-8.38943 -31.8908 40.5115 
0 0 0 
0 0 0 
0.224359 0.673019 1.02105 
0.204842 -0.250355 0.344779 
0.182417 0.725681 0.29665 
0.121004 0.831705 0.382695 
0.149474 0.143618 0.122183 
0.182921 0.427729 0.204474 
0.137164 0.194635 0.270532 
0.160764 0.351265 0.246949 
0.135622 0.24421 0.172765 
0.158275 0.252497 0.259236 
0.145241 0.49947 0.300352 
0.154774 0.386055 0.240669 
0.147454 0.422917 0.316285 
0.1789 0.401663 0.277481 
0.153083 0.531234 0.274958 
0.183661 0.442402 0.335584 
0.0974787 0.0603412 0.163049 
0.106378 0.138133 0.264651 
0.0103745 1.54696 0.938809 
-0.0479663 0.78736 0.480796 
0 0 0 
-0.417515 0.00595876 2.07932 
0.319445 0.33053 0.374759 
0.311007 0.222294 0.230439 
0.296976 0.389187 0.296782 
0.17174 0.39229 0.377481 
0.148471 0.335864 0.258113 
0.125333 0.506235 0.367259 
