0
003
0
0
0
0
0
0
0
0
-1
0
0
-0.004446 0 0 0 0 
-0.019547 0 0 0 0 
-0.007729 0 0 0 0 
-0.005759 0 0 0 0 
-0.010027 0 0 0 0 
-0.004446 0 0 0 0 
-1.26697 0 0 0 0 
-1.16192 0 0 0 0 
0 0 0 0 0 
0 0 0 0 0 
0 0 0 0 0 
0 0 0 0 0 
0 0 0 0 0 
0 0 0 0 0 
0 0 0 0 0 
0 0 0 0 0 
-0.000605211 -3.60849e-006 -0.000748533 -0.00208151 -0.00267024 -0.00318374 0.0022413 -0.002175 
0.00141093 -1.87882e-005 -0.00159958 -0.000263989 -0.00176164 -0.000389246 -0.00100762 0.0006 
-0.000949552 0.0016945 0.00106431 -0.00323365 0.000327542 0.0031438 0.00239539 -0.0003 
-0.00331349 0.00190974 0.00389289 -0.00138436 0.00260665 0.00297855 0.00497202 0.0024 
0.00214468 0.00130805 0.00197906 -0.00258434 0.000423982 0.00264253 0.001129 0.002325 
-0.000827571 0.00423569 0.00696729 0.00164736 0.00643484 0.00639473 0.00506011 -0.00045 
0.00375597 0.00322824 0.0145171 -0.0033113 0.00727923 0.010777 0.00571213 0.00345 
0.00291109 0.00665648 0.0141342 0.00368726 0.0138538 0.0164845 0.00957165 -0.0021 
0.00395108 0.00810397 0.0247415 0.0017083 0.0212956 0.0200732 0.0120604 -0.001575 
0.00486034 0.0141876 0.0314441 0.00138444 0.0185741 0.0214518 0.0130546 0.000825 
0.00112638 0.0117298 0.0317822 -0.00180749 0.024157 0.0282735 0.0184141 -0.001125 
0.00465538 0.0148329 0.0375728 0.00200766 0.0260251 0.0294037 0.0217472 0 
0.00764275 0.0198696 0.0381656 -0.000541212 0.0303918 0.0312677 0.0197967 0.001725 
0.00359275 0.0162696 0.0417656 0.000433788 0.0277668 0.0291677 0.0224217 0.0012 
0.00585538 0.0188079 0.0394478 0.00118266 0.0321001 0.0323287 0.0201722 -0.00045 
0.00757638 0.0109798 0.0323822 0.00366751 0.022507 0.0304485 0.0167641 0.000675 
0.00718534 0.0113376 0.0307691 0.00438444 0.0254741 0.0206268 0.0180796 0.00315 
0.00245108 0.00907897 0.0247415 0.000133297 0.0203206 0.0182732 0.0161854 -0.000825 
0.000586086 0.00838148 0.0209592 -0.00298774 0.0166288 0.0116095 0.0124217 0.000225 
0.000605966 0.00510324 0.00964214 0.000438701 0.00907923 0.013552 0.00533713 -0.00195 
0.00419743 0.00326069 0.0111673 0.00337236 0.00448484 0.00721973 0.00461011 0.0003 
-0.00273032 -0.00109195 0.00842906 -0.000859341 0.00694898 0.00624253 0.002029 -0.003 
-0.00316349 0.00438474 0.00411789 0.00191564 -0.000168352 0.00575355 0.00302202 -0.000375 
0.000475448 -0.000780502 0.000839308 -0.00218365 -0.00207246 0.0044188 0.000970389 -7.5e-005 
0.00328593 0.00193121 0.00140042 0.00348601 0.000638363 0.00268575 0.00379238 0.0027 
0.00246546 0.000212283 0.00173931 -0.00202346 -0.00336951 -0.00244914 0.00364856 -0.002775 
-0.0020475 -0.00288653 0.00127936 0.000145153 0.0013411 -0.00296924 0.00405782 0.0018 
-0.00231509 -0.00291319 0.00346627 0.00421881 -0.00103454 -0.00156146 -0.00156829 -0.0021 
-0.00199057 0.00455276 0.00147915 0.00229782 0.00462987 -0.00101776 0.00441103 0.00135 
0.00405003 0.00203911 0.00493813 0.00411268 0.00737375 0.00555874 -0.000553995 -0.0024 
0.000827795 0.00183919 0.00746769 0.0047622 0.00971957 0.00727209 0.00724971 0.002775 
-0.000246769 0.0030121 0.0110174 0.0023957 0.0113534 0.0123616 0.00889106 -0.003375 
0.00374271 0.00957983 0.014701 0.0052432 0.0155252 0.00959957 0.00943401 0.0006 
0.00196179 0.00958074 0.0183493 0.0103 0.0202347 0.02045 0.0107596 0.003075 
0.00499895 0.0120402 0.0265507 0.00587361 0.0176992 0.0222611 0.0122358 -0.0036 
0.00137212 0.0129422 0.0284484 0.00887412 0.0250669 0.0238303 0.0139695 -0.001875 
0.0059933 0.0165013 0.0302429 0.00717276 0.029076 0.0252938 0.0171681 0.002025 
0.00866284 0.0181255 0.0384548 0.0143968 0.0268928 0.0331695 0.0224196 -0.0027 
0.00386284 0.0147505 0.0321548 0.00982176 0.0280928 0.0329445 0.0235446 -0.0027 
0.0080183 0.0121513 0.0324929 0.0121978 0.030576 0.0315188 0.0206931 -0.00195 
0.000697118 0.0132422 0.0304734 0.00812412 0.0236419 0.0287053 0.0148695 -0.0012 
0.000648946 0.0107652 0.0281257 0.0114986 0.0229492 0.0200861 0.0153108 0.0018 
0.000761792 0.00748073 0.0205243 0.00647499 0.0196347 0.01505 0.0145846 0.00165 
0.000892708 0.00500483 0.017851 0.0074932 0.0131252 0.0137996 0.00928401 0.000675 
0.00327823 0.0040621 0.0106424 0.000370697 0.00962845 0.00816165 0.00364106 -0.001275 
0.00210279 0.00251419 0.00439269 0.000262198 0.00919457 0.00509709 0.00124971 0.0015 
3.12059e-008 -0.000210887 0.00171314 -0.00143732 0.00129875 0.00555874 0.001471 0.002775 
-0.00251557 0.00372776 0.00350415 -0.00152718 0.00522987 0.00280724 0.00133603 0.003525 
0.00045991 -0.000813191 -0.000508734 -0.00223119 0.00181546 -0.000736461 -0.00179329 -0.0024 
0.0014775 -0.00026153 0.00375436 -0.00240485 -0.0021839 0.00370576 0.000982819 0.002025 
23.5
0 0 0 
0 0 0 
-0.727918 2.74555 1.24507 
-0.118707 2.20442 0.912414 
-0.36694 -0.274481 0.554489 
0.0550726 0.717048 0.286809 
-0.0789186 0.327184 0.399034 
0.0547892 0.584813 0.249171 
0.0185818 0.48753 0.255884 
0.0131906 0.25002 0.269906 
-0.0159004 0.68023 0.364693 
0.0147357 0.505483 0.317152 
-0.00369194 0.351206 0.213694 
0.00306741 0.482855 0.323339 
0.00788991 0.417922 0.234733 
0.0294993 0.455462 0.309925 
0.0372014 0.390018 0.216182 
0.00146184 0.605047 0.299937 
-0.0441981 0.5567 0.286898 
0.0100255 0.697652 0.314062 
0.0880225 0.0645654 0.288527 
-0.0453049 1.44807 0.715622 
0.120769 1.07224 0.746474 
-1.30967 5.38085 5.16155 
0.202439 0.131613 0.117482 
-9.05345 -30.7934 40.0594 
0 0 0 
0 0 0 
0.159989 0.780827 1.05295 
0.149452 -0.157611 0.383716 
0.121676 0.827411 0.360432 
0.0491077 0.952118 0.385848 
0.0773042 0.264467 0.0963539 
0.112401 0.545827 0.235197 
0.0577773 0.32757 0.258797 
0.0775008 0.4907 0.234639 
0.0545672 0.379941 0.160779 
0.0888022 0.368835 0.248966 
0.0676561 0.6294 0.288884 
0.0826137 0.506898 0.23 
0.0678403 0.556242 0.304517 
0.105121 0.525217 0.266575 
0.076617 0.659292 0.263654 
0.111092 0.563933 0.324858 
0.00931762 0.207962 0.137649 
0.0105669 0.298566 0.331995 
-0.171242 1.85118 0.912019 
-0.121569 0.91062 0.517249 
0 0 0 
-0.474313 0.10104 2.05126 
-0.0604187 0.61379 0.418244 
0.00697007 0.449025 0.290492 
0.0109582 0.602501 0.347307 
0.103958 0.505801 0.396185 
0.0709654 0.465655 0.246655 
0.0299017 0.666056 0.363038 
