0
003
0
0
0
0
0
0
0
0
-1
0
0
0.000478 0 0 0 0 
-0.015279 0 0 0 0 
-0.005103 0 0 0 0 
-0.002477 0 0 0 0 
-0.003461 0 0 0 0 
0.006387 0 0 0 0 
-1.23349 0 0 0 0 
-1.35298 0 0 0 0 
0 0 0 0 0 
0 0 0 0 0 
0 0 0 0 0 
0 0 0 0 0 
0 0 0 0 0 
0 0 0 0 0 
0 0 0 0 0 
0 0 0 0 0 
-0.000605119 -6.99642e-006 -0.000723613 -0.00209524 -0.00266982 -0.00319185 0.00224109 -0.002175 
0.00141111 -2.5387e-005 -0.00155105 -0.000290721 -0.00176082 -0.000405027 -0.00100804 0.0006 
-0.000949222 0.00168234 0.00115374 -0.0032829 0.000329046 0.00311472 0.00239461 -0.0003 
-0.00331292 0.00188855 0.00404876 -0.0014702 0.00260927 0.00292787 0.00497065 0.0024 
0.00214563 0.00127311 0.00223604 -0.00272587 0.000428303 0.00255898 0.00112675 0.002325 
-0.000826091 0.0041812 0.00736808 0.00142662 0.00644158 0.00626442 0.0050566 -0.00045 
0.00375815 0.00314785 0.0151084 -0.00363696 0.00728918 0.0105848 0.00570696 0.00345 
0.00291413 0.00654429 0.0149594 0.00323276 0.0138677 0.0162162 0.00956443 -0.0021 
0.0039551 0.00795585 0.0258309 0.00110827 0.0213139 0.0197189 0.0120509 -0.001575 
0.00486536 0.0140026 0.0328047 0.000635101 0.018597 0.0210094 0.0130427 0.000825 
0.00113232 0.0115113 0.0333895 -0.00269273 0.024184 0.0277509 0.0184001 -0.001125 
0.00466201 0.0145887 0.039369 0.00101838 0.0260553 0.0288197 0.0217315 0 
0.00764977 0.0196114 0.0400645 -0.001587 0.0304237 0.0306504 0.0197801 0.001725 
0.00359977 0.0160114 0.0436645 -0.000612 0.0277987 0.0285504 0.0224051 0.0012 
0.00586201 0.0185637 0.041244 0.000193383 0.0321303 0.0317447 0.0201565 -0.00045 
0.00758232 0.0107613 0.0339895 0.00278227 0.022534 0.0299259 0.0167501 0.000675 
0.00719036 0.0111526 0.0321297 0.0036351 0.025497 0.0201844 0.0180677 0.00315 
0.0024551 0.00893085 0.0258309 -0.000466727 0.0203389 0.0179189 0.0161759 -0.000825 
0.000589134 0.00826929 0.0217844 -0.00344224 0.0166427 0.0113412 0.0124144 0.000225 
0.000608149 0.00502285 0.0102334 0.000113039 0.00908918 0.0133598 0.00533196 -0.00195 
0.00419891 0.0032062 0.0115681 0.00315162 0.00449158 0.00708942 0.0046066 0.0003 
-0.00272937 -0.00112689 0.00868604 -0.00100087 0.0069533 0.00615898 0.00202675 -0.003 
-0.00316292 0.00436355 0.00427376 0.0018298 -0.000165731 0.00570287 0.00302065 -0.000375 
0.000475778 -0.00079266 0.000928737 -0.0022329 -0.00207095 0.00438972 0.000969606 -7.5e-005 
0.00328611 0.00192461 0.00144895 0.00345928 0.00063918 0.00266997 0.00379196 0.0027 
0.00246927 0.000220721 0.00179126 -0.0021393 -0.00334813 -0.0024346 0.00366425 -0.002775 
-0.00204008 -0.00287009 0.00138053 -8.04745e-005 0.00138273 -0.00294091 0.00408838 0.0018 
-0.00230141 -0.00288291 0.00365268 0.0038031 -0.000957844 -0.00150927 -0.00151199 -0.0021 
-0.00196673 0.00460554 0.00180404 0.00157327 0.00476355 -0.000926797 0.00450916 0.00135 
0.00408933 0.00212613 0.00547379 0.0029181 0.00759414 0.00570871 -0.000392193 -0.0024 
0.000889092 0.00197491 0.00830312 0.0028991 0.0100633 0.00750598 0.00750206 0.002775 
-0.000156335 0.00321232 0.0122499 -0.000353006 0.0118606 0.0127067 0.00926337 -0.003375 
0.00386892 0.00985927 0.0164211 0.00140708 0.0162329 0.0100812 0.0099536 0.0006 
0.00212842 0.00994965 0.0206202 0.00523557 0.0211691 0.0210858 0.0114456 0.003075 
0.00520703 0.012501 0.0293868 -0.000451087 0.0188661 0.0230551 0.0130924 -0.0036 
0.00161795 0.0134865 0.0317987 0.00140237 0.0264453 0.0247683 0.0149816 -0.001875 
0.00626801 0.0171096 0.033987 -0.00117706 0.0306165 0.0263421 0.0182991 0.002025 
0.00895325 0.0187685 0.0424128 0.00556993 0.0285213 0.0342776 0.0236151 -0.0027 
0.00415325 0.0153935 0.0361128 0.000994927 0.0297213 0.0340526 0.0247401 -0.0027 
0.00829301 0.0127596 0.036237 0.00384794 0.0321165 0.0325671 0.0218241 -0.00195 
0.000942945 0.0137865 0.0338237 0.000652368 0.0250203 0.0296433 0.0158816 -0.0012 
0.000857034 0.0112259 0.0309618 0.00517391 0.0241161 0.0208801 0.0161674 0.0018 
0.000928416 0.00784965 0.0227952 0.00141057 0.0205691 0.0156858 0.0152706 0.00165 
0.00101892 0.00528427 0.0195711 0.00365708 0.0138329 0.0142812 0.0098036 0.000675 
0.00336867 0.00426232 0.0118749 -0.00237801 0.0101356 0.00850672 0.00401337 -0.001275 
0.00216409 0.00264991 0.00522812 -0.0016009 0.0095383 0.00533098 0.00150206 0.0015 
3.9334e-005 -0.00012387 0.00224879 -0.0026319 0.00151914 0.00570871 0.00163281 0.002775 
-0.00249173 0.00378054 0.00382904 -0.00225173 0.00536355 0.0028982 0.00143416 0.003525 
0.000473588 -0.000782909 -0.000322324 -0.0026469 0.00189216 -0.000684272 -0.00173699 -0.0024 
0.00148492 -0.000245095 0.00385554 -0.00263047 -0.00214227 0.00373409 0.00101338 0.002025 
23.5
0 0 0 
0 0 0 
-0.739006 2.7174 1.2608 
-0.126068 2.18572 0.922861 
-0.387037 -0.325523 0.583916 
0.0476932 0.698305 0.297281 
-0.0866802 0.307471 0.410049 
0.0480359 0.56766 0.258755 
0.0120551 0.470953 0.265146 
0.00605107 0.231886 0.280038 
-0.0236879 0.660452 0.375744 
0.00747467 0.487041 0.327456 
-0.0108259 0.333087 0.223818 
-0.0043276 0.464073 0.333834 
0.00129013 0.401159 0.244099 
0.022379 0.437377 0.32003 
0.0308434 0.373869 0.225204 
-0.00511853 0.588333 0.309275 
-0.0509216 0.539623 0.296439 
0.00258326 0.67875 0.324623 
0.082261 0.0499316 0.296703 
-0.0527666 1.42912 0.726211 
0.115357 1.0585 0.754155 
-1.33922 5.30584 5.20349 
0.200887 0.12767 0.119685 
-9.57357 -30.7219 40.2296 
0 0 0 
0 0 0 
0.109543 0.788365 1.04217 
0.106043 -0.15114 0.370101 
0.0740747 0.834524 0.355265 
-0.00723617 0.96054 0.395696 
0.0207459 0.272906 0.095759 
0.0571355 0.55408 0.229196 
-0.00443733 0.336855 0.284881 
0.0122477 0.500443 0.261997 
-0.00895476 0.389422 0.187409 
0.0343571 0.376961 0.271792 
0.0068536 0.638481 0.314377 
0.0260621 0.515341 0.25371 
0.00544772 0.565559 0.330677 
0.0473012 0.533851 0.290817 
0.0166913 0.668242 0.288779 
0.0542198 0.572426 0.348704 
-0.0597736 0.21827 0.166613 
-0.0645198 0.309771 0.308444 
-0.313582 1.8725 0.971726 
-0.179249 0.91924 0.504914 
0 0 0 
-0.518823 0.107678 2.06082 
-0.0694214 0.590925 0.431149 
-0.00023522 0.430725 0.300717 
0.00417999 0.585286 0.356927 
0.0508385 0.513733 0.396153 
0.0102252 0.474723 0.27212 
-0.0448879 0.677231 0.386537 
