0
003
0
0
0
0
0
0
0
0
-1
0
0
-0.006416 0 0 0 0 
-0.02086 0 0 0 0 
-0.010027 0 0 0 0 
-0.008057 0 0 0 0 
-0.010683 0 0 0 0 
-0.004446 0 0 0 0 
-1.26172 0 0 0 0 
-1.26894 0 0 0 0 
0 0 0 0 0 
0 0 0 0 0 
0 0 0 0 0 
0 0 0 0 0 
0 0 0 0 0 
0 0 0 0 0 
0 0 0 0 0 
0 0 0 0 0 
-0.000616504 -3.13303e-005 -0.000884538 -0.00174654 -0.00273364 -0.00323323 0.00219436 -0.002175 
0.00138894 -7.27829e-005 -0.00186448 0.000388448 -0.00188512 -0.000485638 -0.00109905 0.0006 
-0.000990076 0.00159501 0.000576234 -0.00203155 0.000100026 0.0029662 0.00222694 -0.0003 
-0.00338412 0.00173635 0.00304222 0.000710793 0.00221011 0.00266901 0.00467842 0.0024 
0.00202823 0.00102217 0.000576545 0.000869981 -0.0002298 0.00213218 0.000644936 0.002325 
-0.00100919 0.00378984 0.00477989 0.0070348 0.00541519 0.00559878 0.00430515 -0.00045 
0.00348802 0.00257044 0.01129 0.00463701 0.0057749 0.00960271 0.00459831 0.00345 
0.00253714 0.00573846 0.00963033 0.01478 0.0117543 0.0148456 0.0080172 -0.0021 
0.00345739 0.006892 0.0187955 0.0163529 0.0185239 0.0179095 0.0100083 -0.001575 
0.0042438 0.012674 0.0240185 0.0196733 0.0151127 0.0187497 0.0104918 0.000825 
0.000398024 0.00994171 0.0230098 0.0197983 0.0200678 0.0250814 0.0153864 -0.001125 
0.00384143 0.0128347 0.0277695 0.0261525 0.0214553 0.0258365 0.0183637 0 
0.0067823 0.0177572 0.0278024 0.024983 0.025561 0.0274968 0.0162199 0.001725 
0.0027323 0.0141572 0.0314024 0.025958 0.022936 0.0253968 0.0188449 0.0012 
0.00504143 0.0168097 0.0296445 0.0253275 0.0275303 0.0287615 0.0167887 -0.00045 
0.00684802 0.00919171 0.0236098 0.0252733 0.0184178 0.0272564 0.0137364 0.000675 
0.0065688 0.00982401 0.0233435 0.0226733 0.0220127 0.0179247 0.0155168 0.00315 
0.00195739 0.007867 0.0187955 0.0147779 0.0175489 0.0161095 0.0141333 -0.000825 
0.000212135 0.00746346 0.0164553 0.00810502 0.0145293 0.00997061 0.0108672 0.000225 
0.000338018 0.00444544 0.00641498 0.00838701 0.0075749 0.0123777 0.00422331 -0.00195 
0.00401581 0.00281484 0.00897989 0.0087598 0.00346519 0.00642378 0.00385515 0.0003 
-0.00284677 -0.00137783 0.00702654 0.00259498 0.0062952 0.00573218 0.00154494 -0.003 
-0.00323412 0.00421135 0.00326722 0.00401079 -0.000564891 0.00544401 0.00272842 -0.000375 
0.000434923 -0.000879986 0.000351234 -0.00098155 -0.00229997 0.0042412 0.000801935 -7.5e-005 
0.00326394 0.00187722 0.00113552 0.00413845 0.00051488 0.00258936 0.00370095 0.0027 
0.00244749 0.00016178 0.00156494 -0.00150982 -0.00347057 -0.00254293 0.0035728 -0.002775 
-0.0020825 -0.00298489 0.000939732 0.0011456 0.00114426 -0.00315191 0.00391027 0.0018 
-0.00237958 -0.00309443 0.00284051 0.00606211 -0.00139722 -0.00189803 -0.00184016 -0.0021 
-0.00210296 0.00423689 0.000388508 0.00551051 0.00399775 -0.00160436 0.00393719 0.00135 
0.00386473 0.00151832 0.00313997 0.00940952 0.00633156 0.0045916 -0.00133522 -0.0024 
0.000538792 0.00102695 0.00466323 0.0130233 0.00809415 0.0057637 0.00603129 0.002775 
-0.000673147 0.00181377 0.00687985 0.0145836 0.0089554 0.0101363 0.00709349 -0.003375 
0.00314765 0.00790743 0.0089266 0.0222528 0.0121785 0.0064938 0.0069253 0.0006 
0.0011762 0.00737284 0.010726 0.0327559 0.0158164 0.0163498 0.00744765 0.003075 
0.00401786 0.00928291 0.0170304 0.0339177 0.0121814 0.0171405 0.00809961 -0.0036 
0.000213103 0.00968485 0.0172014 0.0420042 0.0185483 0.0177811 0.00908323 -0.001875 
0.00469808 0.0128611 0.0176741 0.0441963 0.0217914 0.0185337 0.0117076 0.002025 
0.00729363 0.0142773 0.0251681 0.0535354 0.019192 0.0260232 0.0166471 -0.0027 
0.00249363 0.0109023 0.0188681 0.0489604 0.020392 0.0257982 0.0177721 -0.0027 
0.00672308 0.00851114 0.0199241 0.0492213 0.0232914 0.0247587 0.0152326 -0.00195 
-0.000461897 0.00998485 0.0192264 0.0412542 0.0171233 0.0226561 0.00998323 -0.0012 
-0.000332139 0.00800791 0.0186054 0.0395427 0.0174314 0.0149655 0.0111746 0.0018 
-2.37992e-005 0.00527284 0.012901 0.0289309 0.0152164 0.0109498 0.0112727 0.00165 
0.00029765 0.00333243 0.0120766 0.0245028 0.00977847 0.0106938 0.0067753 0.000675 
0.00285185 0.00286377 0.00650485 0.0125586 0.0072304 0.00593627 0.00184349 -0.001275 
0.00181379 0.00170195 0.00158823 0.00852327 0.00756915 0.0035887 3.12938e-005 0.0015 
-0.000185272 -0.000731679 -8.50304e-005 0.00385952 0.000256559 0.0045916 0.000689783 0.002775 
-0.00262796 0.00341189 0.00241351 0.00168551 0.00459775 0.00222064 0.000862191 0.003525 
0.000395425 -0.000994426 -0.00113449 -0.000387894 0.00145278 -0.00107303 -0.00206516 -0.0024 
0.0014425 -0.000359895 0.00341473 -0.0014044 -0.00238074 0.00352309 0.000835265 0.002025 
23.5
0 0 0 
0 0 0 
-0.45727 2.68237 1.13992 
0.0609454 2.16251 0.842622 
0.123502 -0.388432 0.468418 
0.235164 0.675132 0.259359 
0.110507 0.283125 0.325481 
0.219604 0.546461 0.248298 
0.177866 0.450471 0.194041 
0.18743 0.209496 0.202256 
0.174153 0.635999 0.290897 
0.19194 0.464253 0.248348 
0.170413 0.310708 0.1461 
0.183543 0.440866 0.253265 
0.168958 0.380452 0.172199 
0.20327 0.415034 0.242454 
0.192369 0.353922 0.155939 
0.162057 0.567676 0.237583 
0.119891 0.518519 0.223188 
0.191653 0.65538 0.296551 
0.228629 0.031873 0.242319 
0.136799 1.40563 0.644889 
0.252843 1.04148 0.695169 
-0.588537 5.21184 4.88039 
0.240324 0.122803 0.102774 
-6.74936 -31.6006 39.6317 
0 0 0 
0 0 0 
0.383646 0.699495 1.07847 
0.34191 -0.227528 0.416592 
0.332724 0.750661 0.348996 
0.29891 0.861266 0.37231 
0.328057 0.173333 0.124471 
0.357423 0.456749 0.221931 
0.333604 0.227318 0.165125 
0.366797 0.385534 0.159919 
0.33619 0.277577 0.127788 
0.330187 0.281096 0.166991 
0.337224 0.531392 0.218328 
0.333337 0.415752 0.190464 
0.344456 0.455678 0.210573 
0.361466 0.432025 0.179517 
0.342298 0.562693 0.228216 
0.363235 0.472264 0.239221 
0.315628 0.096646 0.120797 
0.343453 0.177581 0.388863 
0.459714 1.6215 0.778981 
0.134159 0.817622 0.546475 
0 0 0 
-0.276973 0.0293465 2.02852 
0.159288 0.56268 0.362925 
0.182815 0.408116 0.222217 
0.176381 0.564005 0.291846 
0.339468 0.420185 0.389699 
0.340257 0.367764 0.177027 
0.361464 0.545485 0.306596 
