0
003
0
0
0
0
0
0
0
0
1
0
0
-0.000507 0 0 0 0 
-0.015607 0 0 0 0 
-0.005103 0 0 0 0 
-0.003133 0 0 0 0 
-0.006744 0 0 0 0 
-0.000835 0 0 0 0 
-1.22922 0 0 0 0 
-1.26828 0 0 0 0 
0 0 0 0 0 
0 0 0 0 0 
0 0 0 0 0 
0 0 0 0 0 
0 0 0 0 0 
0 0 0 0 0 
0 0 0 0 0 
0 0 0 0 0 
-0.000657415 -0.000157489 -0.00120784 -0.000611156 -0.00296403 -0.00347307 0.00202003 -0.002175 
0.00130925 -0.000318507 -0.0024942 0.00259987 -0.00233387 -0.000952781 -0.00143859 0.0006 
-0.00113689 0.00114227 -0.000583998 0.00204295 -0.000726779 0.0021055 0.00160133 -0.0003 
-0.00364001 0.00094726 0.00102005 0.00781228 0.000769063 0.00116889 0.00358804 0.0024 
0.00160634 -0.000278811 -0.00275746 0.0125783 -0.00260568 -0.0003411 -0.00115279 0.002325 
-0.00166717 0.00176079 -0.000419903 0.0252954 0.0017097 0.00174139 0.00150138 -0.00045 
0.00251726 -0.000423085 0.00361851 0.0315777 0.000308046 0.00391175 0.000461794 0.00345 
0.00118234 0.00156065 -0.00107608 0.0523788 0.00412471 0.00690323 0.00224422 -0.0021 
0.0016688 0.00137649 0.00466101 0.0659905 0.00845133 0.00742408 0.00238682 -0.001575 
0.00201012 0.00578597 0.00636663 0.0816631 0.00253357 0.00565496 0.000973748 0.000825 
-0.00224076 0.00180446 0.00215661 0.0930306 0.00520736 0.00961178 0.00414222 -0.001125 
0.000892538 0.00374119 0.00446566 0.107991 0.00484849 0.00854888 0.00579809 0 
0.00366495 0.00814418 0.0031672 0.111497 0.00800542 0.00922154 0.00293647 0.001725 
-0.000385051 0.00454418 0.0067672 0.112472 0.00538042 0.00712154 0.00556147 0.0012 
0.00209254 0.00771619 0.00634066 0.107166 0.0109235 0.0114739 0.00422309 -0.00045 
0.00420924 0.00105446 0.00275661 0.0985056 0.00355736 0.0117868 0.00249223 0.000675 
0.00433512 0.00293597 0.00569163 0.0846632 0.00943357 0.00482996 0.00599875 0.00315 
0.0001688 0.00235149 0.00466101 0.0644155 0.00747633 0.00562408 0.00651182 -0.000825 
-0.00114266 0.00328565 0.00574892 0.0457038 0.00689971 0.00202823 0.00509422 0.000225 
-0.000632735 0.00145192 -0.00125649 0.0353277 0.00210805 0.00668675 8.67942e-005 -0.00195 
0.00335783 0.000785793 0.0037801 0.0270204 -0.000240296 0.00256639 0.00105138 0.0003 
-0.00326866 -0.00267881 0.00369254 0.0143033 0.00391932 0.0032589 -0.000252787 -0.003 
-0.00349001 0.00342226 0.00124504 0.0111123 -0.00200594 0.00394389 0.00163804 -0.000375 
0.000288107 -0.00133273 -0.000808998 0.00309295 -0.00312678 0.0033805 0.000176329 -7.5e-005 
0.00318425 0.00163149 0.000505803 0.00634987 6.61336e-005 0.00212222 0.00336141 0.0027 
0.00240846 3.5938e-005 0.00129269 -0.000443369 -0.00369052 -0.00278466 0.00340558 -0.002775 
-0.00215853 -0.00323 0.000409454 0.00322276 0.000715861 -0.00362273 0.00358456 0.0018 
-0.00251965 -0.00354603 0.00186348 0.00988923 -0.00218653 -0.0027655 -0.00244027 -0.0021 
-0.0023471 0.00344978 -0.00131436 0.0121808 0.00262206 -0.00311629 0.00289125 0.00135 
0.00346222 0.000220602 0.000332416 0.020407 0.00406342 0.00209885 -0.00305967 -0.0024 
-8.8965e-005 -0.000997001 0.000284501 0.0301752 0.00455671 0.00187595 0.00334179 0.002775 
-0.0015993 -0.00117225 0.000419735 0.0398886 0.00373647 0.00440052 0.00312556 -0.003375 
0.0018551 0.0037401 -8.9212e-005 0.0575687 0.00489487 -0.00151108 0.0013876 0.0006 
-0.000530219 0.00187116 -0.00117665 0.0793798 0.00620061 0.00578179 0.000136823 0.003075 
0.0018868 0.00241215 0.0021658 0.0921438 0.000172764 0.0039427 -0.00103051 -0.0036 
-0.00230445 0.001568 -0.000359041 0.11079 0.00436178 0.00218974 -0.00170273 -0.001875 
0.00188467 0.00379041 -0.00194996 0.121066 0.00593767 0.00111005 -0.000345952 0.002025 
0.0043195 0.0046884 0.00442288 0.134797 0.00243262 0.00760413 0.00390496 -0.0027 
-0.000480505 0.0013134 -0.00187712 0.130222 0.00363262 0.00737913 0.00502996 -0.0027 
0.00390967 -0.000559587 0.000300044 0.126091 0.00743767 0.00733505 0.00317905 -0.00195 
-0.00297945 0.001868 0.00166596 0.11004 0.00293678 0.00706474 -0.000802731 -0.0012 
-0.0024632 0.00113715 0.0037408 0.0977689 0.00542276 0.0017677 0.00204449 0.0018 
-0.00173022 -0.000228835 0.000998353 0.0755548 0.00560061 0.000381791 0.00396182 0.00165 
-0.000994904 -0.000834897 0.00306079 0.0598187 0.00249487 0.00268892 0.0012376 0.000675 
0.0019257 -0.000122254 4.47354e-005 0.0378636 0.00201147 0.000200516 -0.00212444 -0.001275 
0.00118603 -0.000322001 -0.0027905 0.0256752 0.00403171 -0.000299045 -0.00265821 0.0015 
-0.000587777 -0.0020294 -0.00289258 0.014857 -0.00201158 0.00209885 -0.00103467 0.002775 
-0.0028721 0.00262478 0.000710641 0.00835583 0.00322206 0.000708712 -0.000183745 0.003525 
0.000255354 -0.00144603 -0.00211152 0.00343923 0.000663471 -0.0019405 -0.00266527 -0.0024 
0.00136647 -0.000605002 0.00288445 0.000672757 -0.00280914 0.00305227 0.000509557 0.002025 
23.5
0 0 0 
0 0 0 
0.459671 2.24966 0.864964 
0.669687 1.8753 0.660119 
1.78445 -1.17043 0.421799 
0.84539 0.387561 0.177716 
0.752352 -0.0192321 0.231125 
0.778081 0.283307 0.172395 
0.717608 0.196169 0.114789 
0.777832 -0.0686189 0.0476285 
0.818123 0.332544 0.15162 
0.792386 0.181346 0.0740801 
0.760361 0.0327852 0.0453097 
0.79507 0.152745 0.070059 
0.714746 0.123318 0.069837 
0.792086 0.137617 0.106544 
0.718165 0.106209 0.0619194 
0.70624 0.311258 0.136291 
0.675913 0.256539 0.127852 
0.807085 0.365366 0.212896 
0.705096 -0.192542 0.211563 
0.753845 1.11468 0.483843 
0.700402 0.830505 0.561005 
1.85275 4.0574 4.2787 
0.368725 0.0623217 0.0643134 
-1.97823 -34.0572 39.2681 
0 0 0 
0 0 0 
0.847882 0.453797 1.09569 
0.741403 -0.43881 0.440734 
0.770795 0.518807 0.270151 
0.817401 0.586829 0.278987 
0.848519 -0.102007 0.157751 
0.865993 0.187639 0.130422 
0.906093 -0.075559 0.0633364 
0.967233 0.0678295 0.0518952 
0.920704 -0.0316743 0.097333 
0.83121 0.0160178 0.0328085 
0.896725 0.235318 0.117656 
0.853738 0.140393 0.106727 
0.918582 0.151881 0.0721597 
0.893531 0.150488 0.0623313 
0.893734 0.270879 0.128994 
0.886583 0.195331 0.0937029 
0.951363 -0.239656 0.15929 
1.03432 -0.187913 0.430621 
1.76872 0.928207 0.649552 
0.664946 0.536705 0.566269 
0 0 0 
0.132658 -0.187285 2.01282 
0.903629 0.212008 0.260796 
0.778658 0.127391 0.0807255 
0.736919 0.299876 0.191558 
0.828298 0.161528 0.348153 
0.899184 0.0720294 0.0774166 
1.04955 0.181317 0.228093 
