0
003
0
0
0
0
0
0
0
0
1
0
0
-0.001164 0 0 0 0 
-0.016264 0 0 0 0 
-0.005103 0 0 0 0 
-0.002477 0 0 0 0 
-0.004118 0 0 0 0 
0.003761 0 0 0 0 
-1.26566 0 0 0 0 
-1.19442 0 0 0 0 
0 0 0 0 0 
0 0 0 0 0 
0 0 0 0 0 
0 0 0 0 0 
0 0 0 0 0 
0 0 0 0 0 
0 0 0 0 0 
0 0 0 0 0 
-0.000650863 -0.000158879 -0.00101335 -0.000859147 -0.00292766 -0.00348553 0.00204437 -0.002175 
0.00132201 -0.000321215 -0.00211538 0.00211685 -0.00226302 -0.000977035 -0.00139118 0.0006 
-0.00111338 0.00113728 0.000113963 0.00115299 -0.000596251 0.00206081 0.00168868 -0.0003 
-0.00359903 0.000938565 0.00223653 0.00626116 0.000996561 0.001091 0.00374029 0.0024 
0.00167391 -0.000293147 -0.000751823 0.010021 -0.0022306 -0.000469516 -0.000901783 0.002325 
-0.0015618 0.00173843 0.00270814 0.0213069 0.00229469 0.00154111 0.00189285 -0.00045 
0.00267273 -0.000456072 0.00823344 0.0256933 0.0011711 0.00361627 0.00103935 0.00345 
0.0013993 0.00151462 0.00536458 0.0441664 0.00532919 0.00649085 0.00305026 -0.0021 
0.00195523 0.00131571 0.0131639 0.0551486 0.0100415 0.00687966 0.00345095 -0.001575 
0.00236783 0.00571007 0.0169855 0.0681233 0.00451943 0.00497506 0.00230269 0.000825 
-0.00181817 0.00171479 0.0147013 0.0770351 0.00755337 0.00880858 0.00571218 -0.001125 
0.00136479 0.00364098 0.0184846 0.0901158 0.0074702 0.00765129 0.00755254 0 
0.00416418 0.00803825 0.017987 0.0926003 0.0107769 0.00827266 0.00479115 0.001725 
0.000114175 0.00443825 0.021587 0.0935753 0.00815191 0.00617266 0.00741615 0.0012 
0.00256479 0.00761598 0.0203596 0.0892908 0.0135452 0.0105763 0.00597754 -0.00045 
0.00463183 0.000964788 0.0153013 0.0825101 0.00590337 0.0109836 0.00406218 0.000675 
0.00469283 0.00286007 0.0163105 0.0711233 0.0114194 0.00415006 0.00732769 0.00315 
0.000455233 0.00229071 0.0131639 0.0535736 0.00906648 0.00507966 0.00757595 -0.000825 
-0.000925698 0.00323962 0.0121896 0.0374914 0.00810419 0.00161585 0.00590026 0.000225 
-0.000477275 0.00141893 0.00335844 0.0294433 0.0029711 0.00639127 0.000664348 -0.00195 
0.0034632 0.000763434 0.00690814 0.0230319 0.000344687 0.00236611 0.00144285 0.0003 
-0.00320109 -0.00269315 0.00569818 0.011746 0.0042944 0.00313048 -1.78332e-006 -0.003 
-0.00344903 0.00341356 0.00246153 0.00956116 -0.00177844 0.003866 0.00179029 -0.000375 
0.000311619 -0.00133772 -0.000111037 0.00220299 -0.00299625 0.00333581 0.000263678 -7.5e-005 
0.00319701 0.00162879 0.00088462 0.00586685 0.000136977 0.00209796 0.00340882 0.0027 
0.00243666 0.000104233 0.00163901 -0.00128334 -0.00353213 -0.0026633 0.00352267 -0.002775 
-0.00210359 -0.00309698 0.00108399 0.00158673 0.00102435 -0.00338635 0.00381261 0.0018 
-0.00241842 -0.00330094 0.0031063 0.00687488 -0.00161815 -0.00232999 -0.00202008 -0.0021 
-0.00217067 0.00387694 0.000851771 0.0069271 0.00361269 -0.00235723 0.0036236 0.00135 
0.0037531 0.000924875 0.00390376 0.0117451 0.00569669 0.00335033 -0.00185223 -0.0024 
0.000364689 0.000101401 0.00585445 0.0166659 0.00710399 0.00382778 0.00522494 0.002775 
-0.000930008 0.000448262 0.00863731 0.0199577 0.00749459 0.00728013 0.00590385 -0.003375 
0.00278917 0.00600172 0.0113793 0.0297529 0.0101397 0.00250774 0.00526502 0.0006 
0.000702941 0.00485693 0.0139641 0.0426575 0.0131248 0.0110874 0.00525576 0.003075 
0.00342683 0.00614092 0.0210742 0.0462832 0.00882009 0.0105686 0.00536227 -0.0036 
-0.000485116 0.00597302 0.0219786 0.0566125 0.0145774 0.0100173 0.00584945 -0.001875 
0.0039178 0.00871311 0.0230128 0.0605213 0.0173538 0.00985754 0.00809375 0.002025 
0.00646878 0.00989231 0.0308117 0.0707929 0.0145009 0.0168513 0.0128268 -0.0027 
0.00166878 0.00651731 0.0245117 0.0662179 0.0157009 0.0166263 0.0139518 -0.0027 
0.0059428 0.00436311 0.0252628 0.0655463 0.0188538 0.0160825 0.0116188 -0.00195 
-0.00116012 0.00627302 0.0240036 0.0558625 0.0131524 0.0148923 0.00674945 -0.0012 
-0.000923169 0.00486592 0.0226492 0.0519082 0.0140701 0.00839362 0.00843727 0.0018 
-0.000497059 0.00275693 0.0161391 0.0388325 0.0125248 0.00568741 0.00908076 0.00165 
-6.0828e-005 0.00142672 0.0145293 0.0320029 0.00773974 0.00670774 0.00511502 0.000675 
0.00259499 0.00149826 0.00826231 0.0179327 0.00576959 0.00308013 0.000653849 -0.001275 
0.00163969 0.000776401 0.00277945 0.0121659 0.006579 0.00165278 -0.000775058 0.0015 
-0.000296903 -0.00132512 0.00067876 0.00619508 -0.000378307 0.00335033 0.000172767 0.002775 
-0.00269567 0.00305194 0.00287677 0.0031021 0.00421269 0.00146777 0.000548605 0.003525 
0.000356577 -0.00120094 -0.000868695 0.000424878 0.00123185 -0.00150499 -0.00224508 -0.0024 
0.00142141 -0.000471982 0.00355899 -0.000963274 -0.00250065 0.00328865 0.000737613 0.002025 
23.5
0 0 0 
0 0 0 
0.259444 2.14735 0.998133 
0.536745 1.80735 0.748535 
1.42182 -1.35621 0.600287 
0.712122 0.319376 0.135875 
0.612181 -0.0909648 0.304218 
0.656113 0.220901 0.0989759 
0.599731 0.135855 0.110728 
0.648893 -0.134606 0.126364 
0.677487 0.260588 0.191475 
0.661254 0.114246 0.155653 
0.631522 -0.0331467 0.0550463 
0.661518 0.084406 0.158859 
0.595549 0.0623257 0.0879572 
0.663493 0.071815 0.160717 
0.603334 0.0474495 0.0747846 
0.587394 0.250452 0.153577 
0.554482 0.194409 0.185389 
0.67268 0.2966 0.148533 
0.601037 -0.2458 0.265824 
0.619089 1.04577 0.549555 
0.602655 0.780511 0.626012 
1.31987 3.78529 4.55737 
0.34068 0.0479722 0.0829583 
-5.73413 -33.2796 40.3235 
0 0 0 
0 0 0 
0.482247 0.534342 1.0296 
0.426759 -0.369606 0.356946 
0.425767 0.594819 0.251288 
0.409037 0.676806 0.303503 
0.438603 -0.0117935 0.106278 
0.465442 0.275836 0.126815 
0.455202 0.0236788 0.183104 
0.494332 0.17194 0.155254 
0.460342 0.0696561 0.0835125 
0.436603 0.102879 0.182725 
0.456063 0.332356 0.214903 
0.44387 0.230634 0.1612 
0.466402 0.251442 0.2286 
0.474476 0.242754 0.196225 
0.459423 0.366524 0.190744 
0.474394 0.286093 0.255652 
0.450662 -0.129485 0.15118 
0.490201 -0.0681733 0.285705 
0.737808 1.15557 0.738655 
0.2469 0.628802 0.49063 
0 0 0 
-0.189967 -0.116312 2.0715 
0.741086 0.128815 0.303569 
0.648531 0.060804 0.133725 
0.614501 0.237242 0.219769 
0.443294 0.246297 0.33679 
0.458973 0.168941 0.172757 
0.507624 0.300675 0.292395 
