0
003
0
0
0
0
0
0
0
0
-1
0
0
-0.005431 0 0 0 0 
-0.019875 0 0 0 0 
-0.007729 0 0 0 0 
-0.004446 0 0 0 0 
-0.005759 0 0 0 0 
0.003432 0 0 0 0 
-1.20755 0 0 0 0 
-1.28995 0 0 0 0 
0 0 0 0 0 
0 0 0 0 0 
0 0 0 0 0 
0 0 0 0 0 
0 0 0 0 0 
0 0 0 0 0 
0 0 0 0 0 
0 0 0 0 0 
-0.00063482 -8.53272e-005 -0.0010457 -0.00123061 -0.00283673 -0.00333476 0.00211672 -0.002175 
0.00135326 -0.000177955 -0.00217839 0.00139334 -0.00208591 -0.000683382 -0.00125027 0.0006 
-0.00105581 0.00140124 -2.13313e-006 -0.000180054 -0.00026992 0.00260186 0.00194831 -0.0003 
-0.00349869 0.00139861 0.00203418 0.00393778 0.00156533 0.002034 0.0041928 0.0024 
0.00183934 0.000465342 -0.00108543 0.00619039 -0.00129287 0.00108523 -0.000155705 0.002325 
-0.00130378 0.00292139 0.00218783 0.0153326 0.0037572 0.00396593 0.00305645 -0.00045 
0.00305339 0.00128919 0.00746581 0.0168791 0.0033288 0.0071937 0.00275606 0.00345 
0.00193057 0.00395033 0.00429326 0.0318653 0.00834052 0.0114836 0.00544612 -0.0021 
0.0026566 0.00453132 0.0117496 0.0389087 0.014017 0.013471 0.00661394 -0.001575 
0.00324373 0.00972588 0.0152192 0.0478422 0.00948427 0.0132066 0.00625279 0.000825 
-0.000783412 0.00645891 0.0126147 0.0530758 0.0134186 0.018533 0.0103787 -0.001125 
0.00252115 0.00894263 0.0161527 0.0633408 0.0140247 0.0185186 0.0127674 0 
0.0053866 0.0136428 0.0155219 0.0642957 0.0177059 0.0197608 0.010304 0.001725 
0.0013366 0.0100428 0.0191219 0.0652708 0.0150809 0.0176608 0.012929 0.0012 
0.00372115 0.0129176 0.0180277 0.0625158 0.0200997 0.0214436 0.0111924 -0.00045 
0.00566659 0.00570891 0.0132147 0.0585508 0.0117686 0.020708 0.00872867 0.000675 
0.00556873 0.00687588 0.0145442 0.0508422 0.0163843 0.0123816 0.0112778 0.00315 
0.0011566 0.00550632 0.0117496 0.0373337 0.013042 0.011671 0.0107389 -0.000825 
-0.000394434 0.00567533 0.0111183 0.0251903 0.0111155 0.00660856 0.00829612 0.000225 
-9.6608e-005 0.00316419 0.00259081 0.0206291 0.0051288 0.0099687 0.00238106 -0.00195 
0.00372122 0.00194639 0.00638783 0.0170576 0.0018072 0.00479093 0.00260645 0.0003 
-0.00303566 -0.00193466 0.00536457 0.00791539 0.00523213 0.00468523 0.000744295 -0.003 
-0.00334869 0.00387361 0.00225918 0.00723778 -0.00120967 0.004809 0.0022428 -0.000375 
0.000369191 -0.00107376 -0.000227133 0.000869946 -0.00266992 0.00387686 0.000523313 -7.5e-005 
0.00322826 0.00177205 0.000821609 0.00514334 0.000314093 0.00239162 0.00354973 0.0027 
0.00242749 9.99012e-005 0.00140823 -0.000955383 -0.00358321 -0.00266066 0.00348754 -0.002775 
-0.00212146 -0.00310542 0.000634495 0.00222549 0.000924866 -0.00338121 0.00374421 0.0018 
-0.00245135 -0.00331649 0.00227811 0.00805179 -0.00180144 -0.00232051 -0.00214612 -0.0021 
-0.00222806 0.00384985 -0.000591691 0.00897834 0.00329323 -0.00234072 0.00340393 0.00135 
0.00365848 0.000880206 0.00152389 0.015127 0.00517 0.00337755 -0.00221442 -0.0024 
0.000217125 3.17343e-005 0.00214276 0.0219404 0.00628255 0.00387024 0.00466007 0.002775 
-0.00114771 0.00034548 0.0031613 0.0277394 0.00628268 0.00734277 0.00507047 -0.003375 
0.00248534 0.00585827 0.00373695 0.0406132 0.00844839 0.00259516 0.00410195 0.0006 
0.000301821 0.00466756 0.00387462 0.0569952 0.0108919 0.0112028 0.00372029 0.003075 
0.00292589 0.00590442 0.00847407 0.0641888 0.00603153 0.0107127 0.0034447 -0.0036 
-0.0010769 0.00569363 0.0070933 0.0777654 0.0112831 0.0101876 0.0035841 -0.001875 
0.00325647 0.00840088 0.00637818 0.0841601 0.0136724 0.0100478 0.00556218 0.002025 
0.00576967 0.00956225 0.0132268 0.0957822 0.0106092 0.0170525 0.0101506 -0.0027 
0.000969665 0.00618725 0.00692679 0.0912072 0.0118092 0.0168275 0.0112756 -0.0027 
0.00528147 0.00405088 0.00862818 0.0891851 0.0151724 0.0162728 0.00908718 -0.00195 
-0.0017519 0.00599363 0.0091183 0.0770154 0.00985809 0.0150626 0.0044841 -0.0012 
-0.00142411 0.00462942 0.0100491 0.0698138 0.0112815 0.00853775 0.0065197 0.0018 
-0.000898179 0.00256756 0.00604962 0.0531702 0.0102919 0.00580282 0.00754529 0.00165 
-0.000364662 0.00128327 0.00688695 0.0428632 0.00604839 0.00679516 0.00395195 0.000675 
0.00237729 0.00139548 0.0027863 0.0257144 0.00455768 0.00314277 -0.000179526 -0.001275 
0.00149213 0.000706734 -0.000932241 0.0174404 0.00575755 0.00169524 -0.00133993 0.0015 
-0.000391518 -0.00136979 -0.00170111 0.00957701 -0.000904999 0.00337755 -0.000189417 0.002775 
-0.00275306 0.00302485 0.00143331 0.00515334 0.00389323 0.00148428 0.000328929 0.003525 
0.000323652 -0.00121649 -0.00169689 0.00160179 0.00104856 -0.00149551 -0.00237112 -0.0024 
0.00140354 -0.000480419 0.0031095 -0.00032451 -0.00260013 0.00329379 0.000669206 0.002025 
23.5
0 0 0 
0 0 0 
-0.0405208 2.50835 1.00653 
0.337601 2.04701 0.754092 
0.878531 -0.702894 0.400547 
0.512494 0.559507 0.233111 
0.402209 0.161559 0.246362 
0.473413 0.440656 0.224278 
0.423159 0.348227 0.164924 
0.45575 0.0976789 0.116454 
0.466821 0.513988 0.211442 
0.464825 0.350506 0.161081 
0.438527 0.198967 0.0901621 
0.461464 0.325023 0.164387 
0.417 0.27707 0.120528 
0.470869 0.303495 0.156878 
0.431324 0.254328 0.110753 
0.409369 0.46458 0.18684 
0.372584 0.413187 0.142384 
0.47135 0.538773 0.270076 
0.445164 -0.0583504 0.222872 
0.41723 1.28864 0.555169 
0.456239 0.956656 0.630089 
0.521397 4.74729 4.52356 
0.298672 0.098489 0.0841175 
-4.26671 -32.7462 39.3543 
0 0 0 
0 0 0 
0.62502 0.584742 1.09346 
0.549619 -0.3262 0.436597 
0.560492 0.642374 0.317315 
0.568496 0.733087 0.33481 
0.598668 0.0447388 0.141381 
0.62185 0.331062 0.185164 
0.631269 0.0858609 0.0764114 
0.678995 0.237149 0.116517 
0.640108 0.133142 0.0855417 
0.59069 0.157294 0.0893524 
0.628135 0.393109 0.177879 
0.603916 0.287146 0.152845 
0.642973 0.313789 0.133952 
0.63811 0.300533 0.119595 
0.629015 0.4264 0.18835 
0.635347 0.342923 0.158114 
0.646181 -0.0604226 0.152672 
0.702678 0.00687555 0.423465 
1.14043 1.29762 0.684179 
0.410138 0.686417 0.563673 
0 0 0 
-0.0639937 -0.0718254 2.01503 
0.497594 0.421678 0.305681 
0.453608 0.295247 0.145848 
0.431127 0.457808 0.234996 
0.593631 0.299381 0.369306 
0.630869 0.229642 0.118928 
0.719248 0.375389 0.265761 
