0
003
0
0
0
0
0
0
0
0
1
0
0
-0.006416 0 0 0 0 
-0.020531 0 0 0 0 
-0.008385 0 0 0 0 
-0.006416 0 0 0 0 
-0.010683 0 0 0 0 
-0.006416 0 0 0 0 
-1.40484 0 0 0 0 
-1.24038 0 0 0 0 
0 0 0 0 0 
0 0 0 0 0 
0 0 0 0 0 
0 0 0 0 0 
0 0 0 0 0 
0 0 0 0 0 
0 0 0 0 0 
0 0 0 0 0 
-0.000619169 -3.88559e-005 -0.000910172 -0.00167046 -0.00274863 -0.00324723 0.00218312 -0.002175 
0.00138374 -8.74409e-005 -0.00191441 0.00053663 -0.00191432 -0.000512892 -0.00112094 0.0006 
-0.000999641 0.00156801 0.000484244 -0.00175853 4.62296e-005 0.00291598 0.00218659 -0.0003 
-0.00340079 0.00168928 0.00288189 0.00118664 0.00211635 0.00258149 0.0046081 0.0024 
0.00200075 0.000944566 0.000312205 0.00165453 -0.000384388 0.00198788 0.000529005 0.002325 
-0.00105205 0.0036688 0.00436762 0.00825839 0.00517409 0.00537373 0.00412434 -0.00045 
0.00342478 0.00239187 0.0106817 0.00644224 0.00541919 0.00927068 0.00433156 0.00345 
0.00244888 0.00548924 0.00878146 0.0172994 0.0112579 0.0143822 0.00764491 -0.0021 
0.00334088 0.00656299 0.0176749 0.019679 0.0178685 0.0172978 0.00951677 -0.001575 
0.00409828 0.0122631 0.022619 0.0238271 0.0142942 0.0179857 0.00987798 0.000825 
0.000226122 0.00945631 0.0213565 0.0247054 0.0191009 0.0241789 0.0146613 -0.001125 
0.00364932 0.0122923 0.0259219 0.0316363 0.0203748 0.0248279 0.0175534 0 
0.00657922 0.0171838 0.0258491 0.03078 0.0244187 0.0264305 0.0153633 0.001725 
0.00252922 0.0135838 0.0294491 0.031755 0.0217937 0.0243305 0.0179883 0.0012 
0.00484932 0.0162673 0.0277969 0.0308113 0.0264498 0.0277529 0.0159784 -0.00045 
0.00667612 0.00870631 0.0219565 0.0301804 0.0174509 0.0263539 0.0130113 0.000675 
0.00642328 0.00941312 0.021944 0.0268271 0.0211942 0.0171607 0.014903 0.00315 
0.00184088 0.00753799 0.0176749 0.018104 0.0168935 0.0154978 0.0136418 -0.000825 
0.000123878 0.00721424 0.0156065 0.0106244 0.0140329 0.00950723 0.0104949 0.000225 
0.000274779 0.00426687 0.00580674 0.0101922 0.00721919 0.0120457 0.00395656 -0.00195 
0.00397295 0.0026938 0.00856762 0.0099834 0.00322409 0.00619873 0.00367434 0.0003 
-0.00287425 -0.00145543 0.00676221 0.00337953 0.00614061 0.00558788 0.001429 -0.003 
-0.00325079 0.00416428 0.00310689 0.00448664 -0.000658653 0.00535649 0.0026581 -0.000375 
0.000425359 -0.000906993 0.000259244 -0.000708529 -0.00235377 0.00419098 0.000761591 -7.5e-005 
0.00325874 0.00186256 0.00108559 0.00428663 0.000485682 0.00256211 0.00367906 0.0027 
0.00244424 0.00015204 0.00153751 -0.00141891 -0.00348884 -0.00256132 0.00355901 -0.002775 
-0.00208882 -0.00300387 0.000886298 0.00132266 0.00110866 -0.00318773 0.00388341 0.0018 
-0.00239122 -0.00312938 0.00274205 0.00638835 -0.0014628 -0.00196404 -0.00188963 -0.0021 
-0.00212327 0.00417597 0.000216915 0.00607912 0.00388346 -0.00171941 0.00385096 0.00135 
0.00383125 0.00141788 0.00285706 0.010347 0.00614312 0.00440192 -0.00147739 -0.0024 
0.000486585 0.000870303 0.00422199 0.0144854 0.00780025 0.00546787 0.00580955 0.002775 
-0.000750169 0.00158265 0.00622888 0.0167407 0.00852181 0.00969981 0.00676635 -0.003375 
0.00304016 0.00758489 0.0080181 0.0252633 0.0115733 0.00588468 0.00646873 0.0006 
0.00103429 0.00694702 0.00952657 0.0367304 0.0150175 0.0155456 0.00684489 0.003075 
0.00384063 0.00875113 0.0155325 0.0388812 0.0111837 0.0161363 0.00734686 -0.0036 
3.73549e-006 0.00905662 0.0154318 0.0478679 0.0173697 0.0165947 0.00819396 -0.001875 
0.0044641 0.0121591 0.0156967 0.0507491 0.0204742 0.0172079 0.0107138 0.002025 
0.00704629 0.0135352 0.0230776 0.0604625 0.0177996 0.0246216 0.0155965 -0.0027 
0.00224629 0.0101602 0.0167776 0.0558875 0.0189996 0.0243966 0.0167215 -0.0027 
0.0064891 0.00780909 0.0179467 0.0557741 0.0219742 0.0234329 0.0142388 -0.00195 
-0.000671265 0.00935662 0.0174569 0.0471179 0.0159447 0.0214697 0.00909396 -0.0012 
-0.000509365 0.00747613 0.0171075 0.0445062 0.0164337 0.0139613 0.0104219 0.0018 
-0.000165711 0.00484702 0.0117016 0.0329054 0.0144175 0.0101456 0.0106699 0.00165 
0.000190157 0.00300989 0.0111681 0.0275133 0.00917334 0.0100847 0.00631873 0.000675 
0.00277483 0.00263265 0.00585388 0.0147157 0.00679681 0.00549981 0.00151635 -0.001275 
0.00176159 0.0015453 0.00114699 0.00998539 0.00727525 0.00329287 -0.000190448 0.0015 
-0.000218745 -0.00083212 -0.00036794 0.004797 6.81211e-005 0.00440192 0.000547606 0.002775 
-0.00264827 0.00335097 0.00224191 0.00225412 0.00448346 0.00210559 0.000775956 0.003525 
0.000383776 -0.00102938 -0.00123295 -6.16504e-005 0.0013872 -0.00113904 -0.00211463 -0.0024 
0.00143618 -0.000378866 0.0033613 -0.00122734 -0.00241634 0.00348727 0.000808412 0.002025 
23.5
0 0 0 
0 0 0 
-0.395808 2.65968 1.11914 
0.101745 2.14745 0.828834 
0.234866 -0.429436 0.455906 
0.276063 0.660055 0.256988 
0.153525 0.267275 0.310951 
0.257034 0.532665 0.246129 
0.21404 0.43714 0.186037 
0.227 0.194917 0.188892 
0.217314 0.62009 0.276318 
0.232183 0.449422 0.234755 
0.209952 0.296139 0.132747 
0.224529 0.425762 0.239421 
0.205538 0.366973 0.159845 
0.242734 0.400491 0.229125 
0.227608 0.340936 0.144038 
0.198529 0.554233 0.225265 
0.157156 0.504785 0.210603 
0.232901 0.640175 0.29416 
0.260562 0.0201098 0.238734 
0.178155 1.39038 0.630915 
0.282838 1.03042 0.685033 
-0.424807 5.15122 4.82481 
0.248928 0.119633 0.0998683 
-6.34197 -31.7734 39.5761 
0 0 0 
0 0 0 
0.423227 0.682166 1.08162 
0.37597 -0.242428 0.420726 
0.370073 0.734309 0.344868 
0.343117 0.841909 0.367423 
0.372433 0.153915 0.12802 
0.400784 0.437769 0.217141 
0.382417 0.205957 0.149895 
0.417993 0.363126 0.154265 
0.386028 0.255766 0.122284 
0.372905 0.262401 0.153662 
0.384928 0.51051 0.213058 
0.377707 0.396332 0.185563 
0.393408 0.434252 0.195298 
0.406831 0.412169 0.165362 
0.389315 0.542111 0.223022 
0.407857 0.452733 0.225297 
0.369834 0.0729275 0.127383 
0.402362 0.151803 0.396014 
0.571355 1.57259 0.766623 
0.179415 0.797809 0.550087 
0 0 0 
-0.242049 0.0140695 2.0257 
0.209182 0.544294 0.353391 
0.22275 0.393399 0.208729 
0.213949 0.550158 0.281834 
0.381146 0.401943 0.387099 
0.387912 0.346906 0.167718 
0.420137 0.519797 0.299857 
