0
003
0
0
0
0
0
0
0
0
1
0
0
-0.011668 0 0 0 0 
-0.025127 0 0 0 0 
-0.011996 0 0 0 0 
-0.009042 0 0 0 0 
-0.01134 0 0 0 0 
-0.006088 0 0 0 0 
-1.34116 0 0 0 0 
-1.33 0 0 0 0 
0 0 0 0 0 
0 0 0 0 0 
0 0 0 0 0 
0 0 0 0 0 
0 0 0 0 0 
0 0 0 0 0 
0 0 0 0 0 
0 0 0 0 0 
-0.000618672 -5.73048e-005 -0.000774423 -0.00174523 -0.00274635 -0.00329135 0.00218192 -0.002175 
0.00138471 -0.000123374 -0.00165001 0.000391006 -0.00190988 -0.000598837 -0.00112328 0.0006 
-0.000997857 0.0015018 0.0009714 -0.00202684 5.44128e-005 0.00275763 0.00218228 -0.0003 
-0.00339768 0.00157388 0.00373096 0.000719007 0.00213061 0.0023055 0.00460059 0.0024 
0.00200587 0.000754317 0.00171208 0.000883524 -0.000360873 0.00153285 0.000516625 0.002325 
-0.00104406 0.00337208 0.00655091 0.00705592 0.00521076 0.00466405 0.00410503 -0.00045 
0.00343657 0.00195412 0.0139028 0.00466818 0.0054733 0.00822366 0.00430307 0.00345 
0.00246534 0.0048783 0.0132768 0.0148235 0.0113334 0.012921 0.00760515 -0.0021 
0.00336261 0.00575643 0.0236096 0.0164103 0.0179682 0.0153687 0.00946428 -0.001575 
0.00412543 0.0112559 0.0300306 0.019745 0.0144187 0.0155766 0.00981243 0.000825 
0.000258187 0.00826636 0.0301123 0.019883 0.019248 0.0213328 0.0145839 -0.001125 
0.00368516 0.0109625 0.0357067 0.0262472 0.0205391 0.0216473 0.0174669 0 
0.0066171 0.015778 0.0361929 0.025083 0.0245924 0.0230683 0.0152718 0.001725 
0.0025671 0.012178 0.0397929 0.026058 0.0219674 0.0209683 0.0178968 0.0012 
0.00488516 0.0149375 0.0375817 0.0254222 0.0266141 0.0245723 0.0158919 -0.00045 
0.00670819 0.00751636 0.0307123 0.025358 0.017598 0.0235078 0.0129339 0.000675 
0.00645043 0.00840585 0.0293556 0.022745 0.0213187 0.0147516 0.0148374 0.00315 
0.00186261 0.00673143 0.0236096 0.0148353 0.0169932 0.0135687 0.0135893 -0.000825 
0.000140341 0.0066033 0.0201018 0.00814851 0.0141084 0.00804599 0.0104552 0.000225 
0.000286575 0.00382912 0.00902783 0.00841818 0.0072733 0.0109987 0.00392807 -0.00195 
0.00398094 0.00239708 0.0107509 0.00878092 0.00326076 0.00548905 0.00365503 0.0003 
-0.00286913 -0.00164568 0.00816208 0.00260852 0.00616413 0.00513285 0.00141662 -0.003 
-0.00324768 0.00404888 0.00395596 0.00401901 -0.000644391 0.0050805 0.00265059 -0.000375 
0.000427143 -0.000973199 0.0007464 -0.000976837 -0.00234559 0.00403263 0.000757283 -7.5e-005 
0.00325971 0.00182663 0.00134999 0.00414101 0.000490123 0.00247616 0.00367672 0.0027 
0.002465 0.000198017 0.00182048 -0.00204998 -0.00337242 -0.00248209 0.00364448 -0.002775 
-0.00204839 -0.00291432 0.00143744 9.35151e-005 0.00133543 -0.0030334 0.00404988 0.0018 
-0.00231672 -0.00296439 0.00375753 0.00412367 -0.00104498 -0.00167968 -0.00158292 -0.0021 
-0.00199342 0.00446354 0.0019868 0.00213199 0.00461168 -0.0012238 0.00438553 0.00135 
0.00404533 0.001892 0.0057751 0.00383929 0.00734375 0.00521903 -0.000596038 -0.0024 
0.000820469 0.00160975 0.00877304 0.0043358 0.00967278 0.00674226 0.00718413 0.002775 
-0.000257577 0.0026736 0.0129432 0.00176662 0.0112844 0.01158 0.00879432 -0.003375 
0.00372762 0.00910742 0.0173887 0.00436525 0.0154289 0.00850866 0.009299 0.0006 
0.00194188 0.00895706 0.0218976 0.00914093 0.0201075 0.0190098 0.0105814 0.003075 
0.00497408 0.0112614 0.030982 0.00442612 0.0175404 0.0204625 0.0120132 -0.0036 
0.00134274 0.0120221 0.0336833 0.00716411 0.0248792 0.0217055 0.0137066 -0.001875 
0.00596047 0.0154731 0.036093 0.0052618 0.0288663 0.0229193 0.0168742 0.002025 
0.00862814 0.0170385 0.0446392 0.0123766 0.0266711 0.0306593 0.0221089 -0.0027 
0.00382814 0.0136635 0.0383392 0.00780162 0.0278711 0.0304343 0.0232339 -0.0027 
0.00798547 0.0111231 0.038343 0.0102868 0.0303663 0.0291443 0.0203992 -0.00195 
0.00066774 0.0123221 0.0357083 0.00641411 0.0234542 0.0265805 0.0146066 -0.0012 
0.000624078 0.00998636 0.032557 0.0100511 0.0227904 0.0182875 0.0150882 0.0018 
0.000741879 0.00685706 0.0240726 0.00531593 0.0195075 0.0136098 0.0144064 0.00165 
0.000877624 0.00453242 0.0205387 0.00661525 0.0130289 0.0127087 0.009149 0.000675 
0.00326742 0.0037236 0.0125682 -0.000258379 0.00955941 0.00737998 0.00354432 -0.001275 
0.00209547 0.00228475 0.00569804 -0.000164196 0.00914778 0.00456726 0.00118413 0.0015 
-4.66581e-006 -0.000357998 0.0025501 -0.00171071 0.00126875 0.00521903 0.00142896 0.002775 
-0.00251842 0.00363854 0.00401179 -0.00169301 0.00521168 0.0026012 0.00131053 0.003525 
0.000458276 -0.000864385 -0.000217471 -0.00232633 0.00180502 -0.000854681 -0.00180792 -0.0024 
0.00147661 -0.000289316 0.00391244 -0.00245648 -0.00218957 0.0036416 0.000974878 0.002025 
23.5
0 0 0 
0 0 0 
-0.456204 2.5063 1.20485 
0.0616493 2.04561 0.885738 
0.125422 -0.70746 0.616197 
0.235868 0.557955 0.260113 
0.111248 0.159885 0.370947 
0.220249 0.439225 0.224742 
0.178489 0.346835 0.232275 
0.188111 0.096133 0.244079 
0.174896 0.512345 0.336514 
0.192633 0.348958 0.290882 
0.171094 0.197432 0.187891 
0.184249 0.323444 0.296584 
0.169589 0.275657 0.210861 
0.20395 0.301973 0.284165 
0.192976 0.252965 0.193185 
0.162685 0.463187 0.27613 
0.120534 0.411759 0.262574 
0.192364 0.537206 0.287136 
0.229179 -0.05961 0.284695 
0.137512 1.28714 0.688595 
0.253359 0.955546 0.72687 
-0.585693 4.74274 5.05324 
0.240472 0.0981528 0.111868 
-9.17204 -31.3852 40.5028 
0 0 0 
0 0 0 
0.148444 0.723216 1.0229 
0.139517 -0.207185 0.346569 
0.110782 0.773048 0.316721 
0.0362127 0.887774 0.402117 
0.06436 0.199877 0.119866 
0.0997525 0.482713 0.223518 
0.0435387 0.256522 0.291973 
0.0625667 0.416181 0.269436 
0.0400294 0.307399 0.194653 
0.0763415 0.306658 0.277999 
0.0537407 0.559964 0.321307 
0.069671 0.442315 0.260157 
0.0535609 0.48499 0.337788 
0.0918879 0.459186 0.297408 
0.0629021 0.590856 0.29561 
0.0980756 0.498984 0.355186 
-0.00649445 0.129061 0.174492 
-0.00661726 0.21282 0.267743 
-0.203815 1.68865 0.987913 
-0.134769 0.844753 0.482887 
0 0 0 
-0.484498 0.0502204 2.07777 
0.160148 0.419741 0.40487 
0.183503 0.293706 0.264425 
0.177029 0.456375 0.325212 
0.0918009 0.445138 0.389094 
0.0570641 0.39629 0.279045 
0.0127857 0.580649 0.38802 
