0
003
0
0
0
0
0
0
0
0
1
0
0
-0.006416 0 0 0 0 
-0.019547 0 0 0 0 
-0.007401 0 0 0 0 
-0.005103 0 0 0 0 
-0.00937 0 0 0 0 
-0.005759 0 0 0 0 
-1.45277 0 0 0 0 
-1.32409 0 0 0 0 
0 0 0 0 0 
0 0 0 0 0 
0 0 0 0 0 
0 0 0 0 0 
0 0 0 0 0 
0 0 0 0 0 
0 0 0 0 0 
0 0 0 0 0 
-0.000609607 -2.55419e-005 -0.000728024 -0.00198506 -0.00269522 -0.00322924 0.00222118 -0.002175 
0.00140237 -6.15087e-005 -0.00155964 -7.61245e-005 -0.00181028 -0.000477852 -0.00104681 0.0006 
-0.000965326 0.00161579 0.00113791 -0.00288751 0.000237917 0.00298054 0.00232318 -0.0003 
-0.00334098 0.00177255 0.00402117 -0.000781075 0.00245044 0.00269401 0.00484616 0.0024 
0.00209935 0.00108186 0.00219056 -0.00158969 0.000166439 0.0021734 0.000921496 0.002325 
-0.000898263 0.00388293 0.00729715 0.00319863 0.00603317 0.00566307 0.00473648 -0.00045 
0.00365167 0.00270779 0.0150038 -0.00102264 0.00668663 0.00969756 0.00523467 0.00345 
0.00276553 0.00593014 0.0148134 0.00688134 0.0130267 0.014978 0.00890531 -0.0021 
0.00375892 0.00714506 0.0256381 0.0059251 0.0202037 0.0180843 0.0111807 -0.001575 
0.00462035 0.01299 0.0325639 0.00665059 0.0172105 0.018968 0.011956 0.000825 
0.000842876 0.0103151 0.033105 0.00441374 0.0225462 0.0253392 0.0171162 -0.001125 
0.00433856 0.013252 0.0390511 0.00895999 0.0242249 0.0261246 0.0202968 0 
0.00730783 0.0181983 0.0397284 0.0068083 0.0284888 0.0278013 0.0182635 0.001725 
0.00325783 0.0145983 0.0433284 0.0077833 0.0258638 0.0257013 0.0208885 0.0012 
0.00553856 0.017227 0.0409261 0.00813499 0.0302999 0.0290496 0.0187218 -0.00045 
0.00729288 0.00956506 0.033705 0.00988874 0.0208962 0.0275142 0.0154662 0.000675 
0.00694535 0.01014 0.0318889 0.00965059 0.0241105 0.018143 0.016981 0.00315 
0.00225892 0.00812006 0.0256381 0.0043501 0.0192287 0.0162843 0.0153057 -0.000825 
0.00044053 0.00765514 0.0216384 0.00020634 0.0158017 0.010103 0.0117553 0.000225 
0.00050167 0.00458279 0.0101288 0.00272736 0.00848663 0.0124726 0.00485967 -0.00195 
0.00412674 0.00290793 0.0114971 0.00492363 0.00408317 0.00648807 0.00428648 0.0003 
-0.00277565 -0.00131814 0.00864056 0.000135306 0.00669144 0.0057734 0.0018215 -0.003 
-0.00319098 0.00424755 0.00424617 0.00251892 -0.00032456 0.00546901 0.00289616 -0.000375 
0.000459674 -0.000859214 0.000912909 -0.00183751 -0.00216208 0.00425554 0.000898178 -7.5e-005 
0.00327737 0.00188849 0.00144036 0.00367388 0.00058972 0.00259715 0.00375319 0.0027 
0.00246977 0.000217387 0.00182728 -0.00216794 -0.00334546 -0.00244314 0.00366556 -0.002775 
-0.00203911 -0.00287659 0.00145069 -0.000136245 0.00138793 -0.00295755 0.00409094 0.0018 
-0.00229963 -0.00289487 0.00378193 0.00370034 -0.000948252 -0.00153993 -0.00150727 -0.0021 
-0.00196362 0.00458469 0.00202933 0.00139417 0.00478026 -0.000980224 0.00451738 0.00135 
0.00409447 0.00209175 0.00584523 0.00262282 0.0076217 0.00562063 -0.000378652 -0.0024 
0.000897101 0.00192129 0.00888241 0.00243858 0.0101063 0.0073686 0.00752317 0.002775 
-0.000144518 0.00313321 0.0131046 -0.00103243 0.011924 0.012504 0.00929452 -0.003375 
0.00388541 0.00974887 0.0176139 0.00045886 0.0163215 0.00979829 0.00999708 0.0006 
0.00215019 0.00980389 0.0221949 0.00398374 0.0212859 0.0207123 0.011503 0.003075 
0.00523422 0.0123189 0.0313533 -0.00201443 0.019012 0.0225887 0.0131641 -0.0036 
0.00165007 0.0132715 0.0341219 -0.000444502 0.0266177 0.0242174 0.0150663 -0.001875 
0.00630391 0.0168693 0.0365832 -0.00324097 0.0308091 0.0257264 0.0183937 0.002025 
0.0089912 0.0185144 0.0451573 0.00338811 0.0287249 0.0336267 0.0237152 -0.0027 
0.0041912 0.0151394 0.0388573 -0.00118689 0.0299249 0.0334017 0.0248402 -0.0027 
0.00832891 0.0125193 0.0388332 0.00178403 0.0323091 0.0319514 0.0219187 -0.00195 
0.000975066 0.0135715 0.0361469 -0.0011945 0.0251927 0.0290924 0.0159663 -0.0012 
0.000884223 0.0110439 0.0329283 0.00361057 0.024262 0.0204137 0.0162391 0.0018 
0.000950188 0.00770389 0.0243699 0.000158741 0.0206859 0.0153123 0.015328 0.00165 
0.00103541 0.00517387 0.0207639 0.00270886 0.0139215 0.0139983 0.00984708 0.000675 
0.00338048 0.00418321 0.0127296 -0.00305743 0.010199 0.00830404 0.00404452 -0.001275 
0.0021721 0.00259629 0.00580741 -0.00206142 0.00958128 0.0051936 0.00152317 0.0015 
4.44693e-005 -0.000158249 0.00262023 -0.00292718 0.0015467 0.00562063 0.00164635 0.002775 
-0.00248862 0.00375969 0.00405433 -0.00243083 0.00538026 0.00284478 0.00144238 0.003525 
0.000475375 -0.000794873 -0.000193067 -0.00274966 0.00190175 -0.000714926 -0.00173227 -0.0024 
0.00148589 -0.000251588 0.00392569 -0.00268625 -0.00213707 0.00371745 0.00101594 0.002025 
23.5
0 0 0 
0 0 0 
-0.649976 2.63254 1.25003 
-0.0669745 2.1294 0.915716 
-0.225699 -0.479115 0.609578 
0.106931 0.641875 0.290135 
-0.024372 0.248129 0.402529 
0.102248 0.51602 0.252216 
0.0644481 0.421049 0.258826 
0.0633635 0.177302 0.273124 
0.0388265 0.600903 0.3682 
0.0657624 0.431521 0.320424 
0.0464425 0.278543 0.216911 
0.0550362 0.40753 0.326671 
0.0542702 0.350698 0.237709 
0.0795373 0.382935 0.313134 
0.0818822 0.325256 0.219049 
0.0477058 0.538016 0.302902 
0.00305235 0.488213 0.289928 
0.0623262 0.62184 0.317415 
0.12851 0.00588652 0.291123 
0.00713325 1.37204 0.718974 
0.1588 1.01711 0.748905 
-1.10196 5.0795 5.17439 
0.213347 0.115802 0.118183 
-9.70201 -30.9078 40.4071 
0 0 0 
0 0 0 
0.0970736 0.770374 1.03028 
0.0953132 -0.166624 0.355349 
0.0623081 0.817548 0.339758 
-0.0211636 0.940447 0.40978 
0.00676547 0.252734 0.109896 
0.0434745 0.534369 0.231031 
-0.019816 0.314666 0.300432 
-0.0038821 0.477171 0.278307 
-0.0246566 0.366767 0.203287 
0.020899 0.357543 0.285402 
-0.008176 0.616797 0.329575 
0.0120833 0.495173 0.267846 
-0.00997494 0.543307 0.346273 
0.0330088 0.513229 0.30527 
0.00187839 0.646871 0.303758 
0.0401617 0.552143 0.36292 
-0.076852 0.193628 0.183882 
-0.0830802 0.282992 0.282927 
-0.348766 1.82175 1.00731 
-0.193507 0.898671 0.491311 
0 0 0 
-0.529824 0.091806 2.07132 
0.00284923 0.522094 0.428875 
0.0576055 0.375633 0.293739 
0.0585925 0.533455 0.350361 
0.0377079 0.494788 0.396646 
-0.00478904 0.453061 0.287303 
-0.0633749 0.65056 0.398905 
