0
002
0
0
0
0
0
0
0
0
0
0
0
-0.704287 0 0 0 0 
-0.69429 0 0 0 0 
-0.656897 0 0 0 0 
-0.640633 0 0 0 0 
-0.605299 0 0 0 0 
-0.581186 0 0 0 0 
-0.562117 0 0 0 0 
-0.537735 0 0 0 0 
0 0 0 0 0 
0 0 0 0 0 
0 0 0 0 0 
0 0 0 0 0 
0 0 0 0 0 
0 0 0 0 0 
0 0 0 0 0 
0 0 0 0 0 
-0.000669679 -0.000202519 -0.00125708 -0.000292925 -0.00303327 -0.00356196 0.00196659 -0.002175 
0.00128536 -0.000406213 -0.00259009 0.0032197 -0.00246872 -0.00112591 -0.00154269 0.0006 
-0.0011809 0.000980678 -0.000760681 0.00318497 -0.000975244 0.00178651 0.00140952 -0.0003 
-0.00371672 0.000665613 0.000712101 0.00980271 0.000336011 0.000612928 0.00325374 0.0024 
0.00147987 -0.000743168 -0.00326518 0.01586 -0.00331967 -0.00125772 -0.00170396 0.002325 
-0.00186442 0.00103657 -0.00121174 0.0304136 0.000596158 0.000311806 0.000641763 -0.00045 
0.00222626 -0.00149156 0.00245027 0.0391287 -0.00133481 0.00180262 -0.000806433 0.00345 
0.000776214 6.94754e-005 -0.00270648 0.0629171 0.00183192 0.00395971 0.000474266 -0.0021 
0.00113264 -0.00059215 0.00250856 0.0799031 0.0054244 0.00353806 5.01376e-005 -0.001575 
0.00134053 0.00332743 0.00367855 0.0990381 -0.0012466 0.000801911 -0.00194441 0.000825 
-0.00303178 -0.00109996 -0.00101898 0.113557 0.000741608 0.00387858 0.000694824 -0.001125 
8.55406e-006 0.000495447 0.00091687 0.130929 -0.000142076 0.00214192 0.00194555 0 
0.00273047 0.00471302 -0.000584327 0.135745 0.00272976 0.00244856 -0.00113615 0.001725 
-0.00131953 0.00111302 0.00301567 0.13672 0.000104758 0.000348561 0.00148885 0.0012 
0.00120856 0.00447045 0.00279187 0.130104 0.00593292 0.00506692 0.000370549 -0.00045 
0.00341822 -0.00184996 -0.000418983 0.119032 -0.000908392 0.00605358 -0.000955176 0.000675 
0.00366553 0.000477432 0.00300355 0.102038 0.0056534 -2.30899e-005 0.00308059 0.00315 
-0.000367363 0.000382851 0.00250856 0.0783281 0.0044494 0.00173806 0.00417514 -0.000825 
-0.00154878 0.00179448 0.00411852 0.0562421 0.00460692 -0.000915291 0.00332426 0.000225 
-0.000923737 0.00038344 -0.00242473 0.0428787 0.000465187 0.00457762 -0.00118143 -0.00195 
0.00316058 6.15707e-005 0.00298826 0.0321386 -0.00135384 0.00113681 0.000191763 0.0003 
-0.00339513 -0.00314317 0.00318482 0.017585 0.00320533 0.00234228 -0.000803957 -0.003 
-0.00356672 0.00314061 0.000937101 0.0131027 -0.00243899 0.00338793 0.00130374 -0.000375 
0.000244096 -0.00149432 -0.000985682 0.00423497 -0.00337524 0.00306151 -1.54771e-005 -7.5e-005 
0.00316036 0.00154379 0.000409909 0.0069697 -6.87205e-005 0.00194909 0.00325731 0.0027 
0.00240409 1.43021e-005 0.00131221 -0.000347245 -0.0037153 -0.00282951 0.00338562 -0.002775 
-0.00216703 -0.00327214 0.000447468 0.00340998 0.000667585 -0.00371008 0.00354568 0.0018 
-0.00253532 -0.00362367 0.00193352 0.0102342 -0.00227548 -0.00292645 -0.00251189 -0.0021 
-0.00237441 0.00331446 -0.00119229 0.0127821 0.00246703 -0.00339681 0.00276643 0.00135 
0.00341719 -2.51283e-006 0.00053368 0.0213983 0.00380783 0.00163635 -0.00326548 -0.0024 
-0.000159205 -0.00134498 0.000598395 0.0317212 0.00415807 0.00115463 0.0030208 0.002775 
-0.00170293 -0.00168564 0.000882837 0.0421694 0.00314835 0.00333631 0.00265199 -0.003375 
0.00171047 0.00302362 0.000557098 0.0607519 0.00407408 -0.0029963 0.000726686 0.0006 
-0.000721149 0.000925272 -0.000323392 0.0835822 0.00511701 0.00382102 -0.000735708 0.003075 
0.00164836 0.00123087 0.00323139 0.0973921 -0.00118049 0.00149399 -0.00212017 -0.0036 
-0.00258613 0.000172488 0.000899801 0.11699 0.0027631 -0.000703067 -0.00299001 -0.001875 
0.00156988 0.0022309 -0.000543178 0.127995 0.00415112 -0.00212271 -0.00178451 0.002025 
0.00398672 0.00303979 0.00591003 0.142121 0.000544004 0.00418668 0.00238422 -0.0027 
-0.000813279 -0.000335209 -0.000389972 0.137546 0.001744 0.00396168 0.00350922 -0.0027 
0.00359488 -0.0021191 0.00170682 0.13302 0.00565112 0.00410228 0.00174049 -0.00195 
-0.00326113 0.000472488 0.0029248 0.11624 0.0013381 0.00417193 -0.00209001 -0.0012 
-0.00270164 -4.41307e-005 0.00480639 0.103017 0.00406951 -0.000681008 0.000954833 0.0018 
-0.00192115 -0.00117473 0.00185161 0.0797572 0.00451701 -0.00157898 0.00308929 0.00165 
-0.00113953 -0.00155138 0.0037071 0.0630019 0.00167408 0.0012037 0.000576686 0.000675 
0.00182207 -0.000635636 0.000507837 0.0401444 0.00142335 -0.000863687 -0.00259801 -0.001275 
0.0011158 -0.000669975 -0.0024766 0.0272212 0.00363307 -0.00102037 -0.0029792 0.0015 
-0.000632813 -0.00225251 -0.00269132 0.0158483 -0.00226717 0.00163635 -0.00124048 0.002775 
-0.00289941 0.00248946 0.000832714 0.00895706 0.00306703 0.00042819 -0.000308575 0.003525 
0.000239681 -0.00152367 -0.00204148 0.00378418 0.000574523 -0.00210145 -0.00273689 -0.0024 
0.00135797 -0.000647143 0.00292247 0.000859981 -0.00285742 0.00296492 0.000470685 0.002025 
23
