0
003
0
0
0
0
0
0
0
0
1
0
0
-0.014294 0 0 0 0 
-0.027425 0 0 0 0 
-0.013966 0 0 0 0 
-0.01134 0 0 0 0 
-0.014951 0 0 0 0 
-0.010683 0 0 0 0 
-1.28174 0 0 0 0 
-1.17637 0 0 0 0 
0 0 0 0 0 
0 0 0 0 0 
0 0 0 0 0 
0 0 0 0 0 
0 0 0 0 0 
0 0 0 0 0 
0 0 0 0 0 
0 0 0 0 0 
-0.000662232 -0.000191595 -0.00111861 -0.000536532 -0.00299162 -0.00354666 0.00199633 -0.002175 
0.00129987 -0.000384935 -0.0023204 0.00274522 -0.00238759 -0.00109612 -0.00148477 0.0006 
-0.00115418 0.00101988 -0.000263785 0.00231075 -0.000825769 0.0018414 0.00151625 -0.0003 
-0.00367014 0.000733941 0.00157815 0.00827902 0.000596532 0.000708595 0.00343976 0.0024 
0.00155667 -0.000630514 -0.00183731 0.0133479 -0.00289014 -0.00109999 -0.00139727 0.002325 
-0.00174464 0.00121227 0.00101519 0.0264956 0.00126606 0.000557802 0.00112008 -0.00045 
0.00240297 -0.00123235 0.00573576 0.0333484 -0.000346481 0.00216555 -0.000100757 0.00345 
0.00102283 0.000431238 0.00187879 0.0548499 0.00321125 0.00446622 0.00145912 -0.0021 
0.00145822 -0.000114553 0.008562 0.0692529 0.00724538 0.00420675 0.00135033 -0.001575 
0.00174713 0.00392388 0.0112384 0.0857374 0.00102752 0.001637 -0.000320668 0.000825 
-0.00255144 -0.000395343 0.0079119 0.0978438 0.00342817 0.00486512 0.00261305 -0.001125 
0.000545348 0.00128287 0.0108973 0.11337 0.00286021 0.0032444 0.00408921 0 
0.00329793 0.00554543 0.00996626 0.117183 0.00590356 0.00361402 0.00112997 0.001725 
-0.000752075 0.00194543 0.0135663 0.118158 0.00327856 0.00151402 0.00375497 0.0012 
0.00174535 0.00525787 0.0127723 0.112545 0.00893521 0.0061694 0.00251421 -0.00045 
0.00389856 -0.00114534 0.0085119 0.103319 0.00177817 0.00704012 0.000963053 0.000675 
0.00407213 0.00107388 0.0105634 0.0887374 0.00792752 0.000811999 0.00470433 0.00315 
-4.17808e-005 0.000860447 0.008562 0.0676779 0.00627038 0.00240675 0.00547533 -0.000825 
-0.00130217 0.00215624 0.00870379 0.0481749 0.00598625 -0.000408783 0.00430912 0.000225 
-0.000747028 0.000642654 0.000860763 0.0370984 0.00145352 0.00494055 -0.000475757 -0.00195 
0.00328036 0.000237268 0.00521519 0.0282206 -0.000683941 0.0013828 0.000670078 0.0003 
-0.00331833 -0.00303051 0.00461269 0.0150729 0.00363486 0.00250001 -0.000497271 -0.003 
-0.00352014 0.00320894 0.00180315 0.011579 -0.00217847 0.0034836 0.00148976 -0.000375 
0.000270821 -0.00145512 -0.000488785 0.00336075 -0.00322577 0.0031164 9.12493e-005 -7.5e-005 
0.00317487 0.00156507 0.000679598 0.00649522 1.24067e-005 0.00197888 0.00331523 0.0027 
0.00242344 6.40667e-005 0.00153063 -0.000914666 -0.00360656 -0.00273939 0.00346644 -0.002775 
-0.00212934 -0.00317522 0.000872893 0.0023048 0.000879381 -0.00353457 0.00370309 0.0018 
-0.00246587 -0.00344509 0.00271736 0.00819791 -0.00188525 -0.00260307 -0.00222187 -0.0021 
-0.00225337 0.00362572 0.000173868 0.00923301 0.00314717 -0.00283319 0.0032719 0.00135 
0.00361676 0.000510673 0.00278609 0.0155469 0.00492918 0.0025656 -0.00243209 -0.0024 
0.000152053 -0.000544599 0.0041113 0.0225953 0.00590696 0.00260391 0.00432059 0.002775 
-0.00124372 -0.000504808 0.00606557 0.0287055 0.00572856 0.0054745 0.00456962 -0.003375 
0.00235135 0.0046716 0.00779019 0.0419615 0.00767505 -1.22209e-005 0.00340294 0.0006 
0.000124937 0.00310092 0.00922569 0.0587753 0.00987098 0.00776057 0.00279747 0.003075 
0.00270499 0.00394792 0.0151567 0.0664119 0.0047565 0.0064139 0.00229224 -0.0036 
-0.00133787 0.00338231 0.0149879 0.0803917 0.00977683 0.00510912 0.00222263 -0.001875 
0.00296484 0.00581793 0.0152006 0.087095 0.0119891 0.00437251 0.00404071 0.002025 
0.00546137 0.00683175 0.0225532 0.0988848 0.00882974 0.011053 0.00854223 -0.0027 
0.000661372 0.00345675 0.0162532 0.0943098 0.0100297 0.010828 0.00966723 -0.0027 
0.00498984 0.00146793 0.0174506 0.09212 0.0134891 0.0105975 0.00756571 -0.00195 
-0.00201287 0.00368231 0.0170129 0.0796417 0.00835183 0.00998412 0.00312263 -0.0012 
-0.00164501 0.00267292 0.0167317 0.0720369 0.0100065 0.0042389 0.00536724 0.0018 
-0.00107506 0.00100092 0.0114007 0.0549503 0.00927098 0.00236057 0.00662247 0.00165 
-0.000498646 9.65984e-005 0.0109402 0.0442115 0.00527505 0.00418778 0.00325294 0.000675 
0.00228128 0.000545192 0.00569058 0.0266805 0.00400356 0.0012745 -0.000680384 -0.001275 
0.00142705 0.0001304 0.0010363 0.0180953 0.00538196 0.000428908 -0.00167941 0.0015 
-0.000433241 -0.00173933 -0.000438912 0.00999689 -0.00114582 0.0025656 -0.000407089 0.002775 
-0.00277837 0.00280072 0.00219887 0.00540802 0.00374717 0.00099181 0.000196905 0.003525 
0.000309132 -0.00134509 -0.00125764 0.00174791 0.000964753 -0.00177807 -0.00244687 -0.0024 
0.00139566 -0.000550215 0.00334789 -0.000245204 -0.00264562 0.00314043 0.000628093 0.002025 
23.5
0 0 0 
0 0 0 
0.519906 2.04573 0.912114 
0.70968 1.7399 0.695779 
1.8935 -1.53967 0.63499 
0.885479 0.251855 0.125995 
0.794518 -0.161952 0.285513 
0.814772 0.159111 0.0862118 
0.753068 0.0761444 0.0624809 
0.81662 -0.199904 0.138732 
0.860428 0.189338 0.131105 
0.831833 0.0478214 0.0993658 
0.799119 -0.0984001 0.0556606 
0.835244 0.0167576 0.107632 
0.750603 0.00195106 0.0367981 
0.830769 0.00667925 0.143567 
0.75271 -0.0107134 0.0299424 
0.741993 0.190244 0.102565 
0.712443 0.132895 0.161105 
0.847516 0.228505 0.117925 
0.736401 -0.298492 0.25194 
0.794383 0.977446 0.491686 
0.729808 0.730964 0.584032 
2.01297 3.51433 4.4851 
0.377163 0.0337681 0.0709222 
-4.08419 -34.0033 40.114 
0 0 0 
0 0 0 
0.642739 0.461625 1.04124 
0.564867 -0.432131 0.372301 
0.577213 0.526198 0.232791 
0.588285 0.595582 0.248583 
0.618533 -0.0932779 0.0862399 
0.641261 0.196193 0.0870373 
0.653119 -0.0659547 0.13059 
0.701911 0.0779167 0.0916631 
0.662417 -0.0218641 0.0436018 
0.609813 0.0244304 0.129662 
0.649489 0.244732 0.155645 
0.623778 0.149141 0.106087 
0.664885 0.161534 0.167791 
0.658417 0.159433 0.139874 
0.650062 0.28016 0.132341 
0.655321 0.204134 0.20022 
0.670445 -0.229007 0.135141 
0.729046 -0.176335 0.312268 
1.19037 0.950382 0.599896 
0.430399 0.545661 0.503973 
0 0 0 
-0.0483537 -0.180422 2.06106 
0.952519 0.0464975 0.289957 
0.817802 -0.00510799 0.101837 
0.773745 0.175223 0.185533 
0.612288 0.169748 0.314111 
0.652202 0.0814194 0.117863 
0.745507 0.1929 0.241076 
