0
003
0
0
0
0
0
0
0
0
1
0
0
0.001791 0 0 0 0 
-0.014623 0 0 0 0 
-0.00379 0 0 0 0 
-0.00182 0 0 0 0 
-0.005103 0 0 0 0 
0.000478 0 0 0 0 
-1.29323 0 0 0 0 
-1.29651 0 0 0 0 
0 0 0 0 0 
0 0 0 0 0 
0 0 0 0 0 
0 0 0 0 0 
0 0 0 0 0 
0 0 0 0 0 
0 0 0 0 0 
0 0 0 0 0 
-0.000668414 -0.000207905 -0.00118567 -0.000356519 -0.00302637 -0.00357643 0.00197044 -0.002175 
0.00128783 -0.000416704 -0.00245101 0.00309584 -0.00245528 -0.00115408 -0.00153519 0.0006 
-0.00117637 0.000961346 -0.000504421 0.00295675 -0.000950474 0.0017346 0.00142335 -0.0003 
-0.00370881 0.000631921 0.00115874 0.00940495 0.000379183 0.000522454 0.00327785 0.0024 
0.00149291 -0.000798717 -0.00252879 0.0152042 -0.00324849 -0.00140689 -0.00166422 0.002325 
-0.00184408 0.000949935 -6.32642e-005 0.0293908 0.000707171 7.91601e-005 0.000703743 -0.00045 
0.00225626 -0.00161938 0.00414467 0.0376198 -0.00117103 0.00145939 -0.000714992 0.00345 
0.000818084 -0.000108907 -0.000341756 0.0608112 0.00206049 0.00348069 0.000601883 -0.0021 
0.00118791 -0.000827648 0.00563045 0.0771229 0.00572616 0.00290566 0.000218616 -0.001575 
0.00140956 0.00303333 0.00757732 0.0955658 -0.000869744 1.21437e-005 -0.00173401 0.000825 
-0.00295023 -0.0014474 0.00358687 0.109455 0.00118681 0.00294558 0.000943388 -0.001125 
9.96887e-005 0.000107174 0.006064 0.126345 0.000355449 0.00109928 0.00222332 0 
0.00282681 0.00430257 0.00485685 0.130899 0.00325571 0.00134635 -0.000842509 0.001725 
-0.00122319 0.000702566 0.00845685 0.131874 0.000630708 -0.000753646 0.00178249 0.0012 
0.00129969 0.00408217 0.007939 0.12552 0.00643045 0.00402428 0.000648323 -0.00045 
0.00349977 -0.0021974 0.00418687 0.11493 -0.000463186 0.00512058 -0.000706612 0.000675 
0.00373456 0.000183329 0.00690232 0.0985658 0.00603026 -0.000812856 0.00329099 0.00315 
-0.000312087 0.000147352 0.00563045 0.0755479 0.00475116 0.00110566 0.00434362 -0.000825 
-0.00150692 0.00161609 0.00648324 0.0541361 0.00483549 -0.00139431 0.00345188 0.000225 
-0.000893736 0.000255623 -0.000730325 0.0413698 0.000628969 0.00423439 -0.00108999 -0.00195 
0.00318092 -2.50647e-005 0.00413674 0.0311158 -0.00124283 0.00090416 0.000253743 0.0003 
-0.00338209 -0.00319872 0.00392121 0.0169292 0.00327651 0.00219311 -0.000764217 -0.003 
-0.00355881 0.00310692 0.00138374 0.0127049 -0.00239582 0.00329745 0.00132785 -0.000375 
0.000248633 -0.00151365 -0.000729421 0.00400675 -0.00335047 0.0030096 -1.64756e-006 -7.5e-005 
0.00316283 0.0015333 0.000548993 0.00684584 -5.52764e-005 0.00192092 0.00326481 0.0027 
0.00241474 3.89123e-005 0.00145088 -0.000668175 -0.0036555 -0.00278646 0.00342965 -0.002775 
-0.00214628 -0.00322421 0.000717571 0.0027849 0.000784055 -0.00362624 0.00363144 0.0018 
-0.00249709 -0.00353536 0.00243118 0.00908248 -0.00206088 -0.00277198 -0.00235388 -0.0021 
-0.00230778 0.00346838 -0.000324913 0.0107747 0.00284105 -0.00312759 0.00304182 0.00135 
0.00352705 0.000251274 0.00196374 0.0180888 0.00442448 0.00208022 -0.00281144 -0.0024 
1.21441e-005 -0.000949164 0.00282875 0.0265596 0.00511982 0.0018469 0.00372894 0.002775 
-0.00145013 -0.00110168 0.00417336 0.0345543 0.00456725 0.00435766 0.00369674 -0.003375 
0.00206328 0.0038386 0.0051494 0.0501242 0.00605431 -0.0015709 0.00218474 0.0006 
-0.000255375 0.0020012 0.00573933 0.0695516 0.0077313 0.00570282 0.00118921 0.003075 
0.00223004 0.00257454 0.0108028 0.0798699 0.00208437 0.00384408 0.000283763 -0.0036 
-0.00189896 0.00175985 0.00984438 0.0962904 0.00662007 0.00207323 -0.0001501 -0.001875 
0.00233781 0.0040048 0.00945256 0.104862 0.00846136 0.000979855 0.00138914 0.002025 
0.00479852 0.00491504 0.0164768 0.117667 0.00510048 0.00746649 0.00573918 -0.0027 
-1.47809e-006 0.00154004 0.0101768 0.113092 0.00630048 0.00724149 0.00686418 -0.0027 
0.00436281 -0.000345196 0.0117026 0.109887 0.00996136 0.00720485 0.00491414 -0.00195 
-0.00257396 0.00205985 0.0118694 0.0955404 0.00519507 0.00694823 0.0007499 -0.0012 
-0.00211996 0.00129954 0.0123778 0.0854949 0.00733437 0.00166908 0.00335876 0.0018 
-0.00145538 -9.88007e-005 0.00791433 0.0657266 0.0071313 0.000302822 0.00501421 0.00165 
-0.000786719 -0.000736401 0.0082994 0.0523742 0.00365431 0.0026291 0.00203474 0.000675 
0.00207487 -5.16784e-005 0.00379836 0.0325293 0.00284225 0.000157656 -0.00155326 -0.001275 
0.00128714 -0.000274164 -0.000246253 0.0220596 0.00459482 -0.000328096 -0.00227106 0.0015 
-0.000522948 -0.00199873 -0.00126126 0.0125388 -0.00165052 0.00208022 -0.00078644 0.002775 
-0.00283278 0.00264338 0.00170009 0.00694974 0.00344105 0.000697414 -3.31835e-005 0.003525 
0.000277914 -0.00143536 -0.00154382 0.00263248 0.000789118 -0.00194698 -0.00257888 -0.0024 
0.00137872 -0.000599209 0.00319257 0.000234895 -0.00274094 0.00304876 0.000556443 0.002025 
23.5
0 0 0 
0 0 0 
0.665217 2.00226 0.859214 
0.806165 1.71104 0.67508 
2.15662 -1.61807 0.636167 
0.982199 0.222981 0.139992 
0.896249 -0.192305 0.270776 
0.903293 0.132689 0.0922148 
0.83862 0.0506116 0.0521761 
0.910199 -0.227823 0.139168 
0.962495 0.158871 0.0939737 
0.927004 0.019418 0.0647445 
0.892627 -0.126301 0.0560991 
0.932171 -0.0121687 0.0868595 
0.837113 -0.0238652 0.0147909 
0.924097 -0.0211727 0.130051 
0.836052 -0.0355839 0.0196092 
0.828248 0.164497 0.0711876 
0.800574 0.106591 0.142217 
0.945061 0.199386 0.126427 
0.811926 -0.321021 0.241 
0.892184 0.948224 0.456094 
0.800751 0.709774 0.558212 
2.39955 3.3984 4.42845 
0.397519 0.027694 0.0635184 
-2.98227 -34.4228 39.9317 
0 0 0 
0 0 0 
0.750031 0.419248 1.05192 
0.657198 -0.468565 0.386141 
0.678459 0.486208 0.224894 
0.708116 0.548248 0.225423 
0.738819 -0.14076 0.0948633 
0.758799 0.149781 0.0778766 
0.785429 -0.118185 0.11736 
0.840679 0.0231279 0.0461551 
0.797505 -0.0751941 0.0377588 
0.725607 -0.0212838 0.091688 
0.778798 0.193671 0.113236 
0.744051 0.101653 0.0666447 
0.797573 0.109142 0.124273 
0.781385 0.110879 0.0995454 
0.777507 0.229833 0.0905452 
0.776275 0.156374 0.160549 
0.817371 -0.286999 0.120449 
0.888712 -0.23936 0.340553 
1.49287 0.830823 0.563358 
0.553072 0.49721 0.516208 
0 0 0 
0.0463191 -0.21778 2.05153 
1.07048 0.0113036 0.28651 
0.912244 -0.0332917 0.0836695 
0.862592 0.148703 0.169512 
0.725265 0.125139 0.311211 
0.781377 0.0304187 0.0853023 
0.904528 0.130099 0.214182 
