0
003
0
0
0
0
0
0
0
0
1
0
0
-0.01134 0 0 0 0 
-0.024142 0 0 0 0 
-0.011996 0 0 0 0 
-0.00937 0 0 0 0 
-0.011996 0 0 0 0 
-0.006416 0 0 0 0 
-1.50267 0 0 0 0 
-1.38974 0 0 0 0 
0 0 0 0 0 
0 0 0 0 0 
0 0 0 0 0 
0 0 0 0 0 
0 0 0 0 0 
0 0 0 0 0 
0 0 0 0 0 
0 0 0 0 0 
-0.000672554 -0.000213684 -0.00126459 -0.000220192 -0.00304951 -0.00358423 0.00195396 -0.002175 
0.00127976 -0.000427959 -0.00260473 0.00336137 -0.00250036 -0.00116929 -0.00156729 0.0006 
-0.00119122 0.000940611 -0.000787655 0.00344599 -0.00103354 0.00170659 0.0013642 -0.0003 
-0.0037347 0.000595781 0.000665088 0.0102576 0.000234402 0.000473627 0.00317475 0.0024 
0.00145023 -0.000858302 -0.00334269 0.0166101 -0.00348719 -0.00148739 -0.0018342 0.002325 
-0.00191066 0.000857005 -0.00133263 0.0315834 0.000334885 -4.63927e-005 0.00043863 -0.00045 
0.00215804 -0.00175648 0.00227192 0.0408546 -0.00172028 0.00127416 -0.00110612 0.00345 
0.000681007 -0.000300252 -0.00295539 0.0653257 0.00129395 0.00322218 5.60141e-005 -0.0021 
0.00100695 -0.00108026 0.00217995 0.0830829 0.00471418 0.00256438 -0.000502036 -0.001575 
0.00118356 0.00271786 0.00326816 0.103009 -0.00213355 -0.000414073 -0.00263399 0.000825 
-0.00321722 -0.00182009 -0.00150379 0.118248 -0.000306202 0.00244206 -0.000119819 -0.001125 
-0.000198677 -0.000309312 0.000375087 0.136172 -0.00131302 0.000536589 0.00103517 0 
0.0025114 0.00386229 -0.00115706 0.141287 0.00149192 0.00075152 -0.00209854 0.001725 
-0.0015386 0.000262287 0.00244294 0.142262 -0.00113308 -0.00134848 0.00052646 0.0012 
0.00100132 0.00366569 0.00225009 0.135347 0.00476198 0.00346159 -0.000539831 -0.00045 
0.00323278 -0.00257009 -0.000903793 0.123723 -0.0019562 0.00461706 -0.00176982 0.000675 
0.00350856 -0.000132145 0.00259316 0.106009 0.00476645 -0.00123907 0.00239101 0.00315 
-0.000493055 -0.00010526 0.00217995 0.0815079 0.00373918 0.000764376 0.00362296 -0.000825 
-0.00164399 0.00142475 0.00386961 0.0586507 0.00406895 -0.00165282 0.00290601 0.000225 
-0.000991956 0.000118519 -0.00260308 0.0446046 7.97196e-005 0.00404916 -0.00148112 -0.00195 
0.00311434 -0.000117995 0.00286737 0.0333084 -0.00161512 0.000778607 -1.13702e-005 0.0003 
-0.00342477 -0.0032583 0.00310731 0.0183351 0.00303781 0.00211261 -0.000934202 -0.003 
-0.0035847 0.00307078 0.000890088 0.0135576 -0.0025406 0.00324863 0.00122475 -0.000375 
0.000233779 -0.00153439 -0.00101266 0.00449598 -0.00343354 0.00298159 -6.08023e-005 -7.5e-005 
0.00315476 0.00152204 0.000395269 0.00711137 -0.000100362 0.00190571 0.00323271 0.0027 
0.00240369 1.05887e-005 0.00132532 -0.000343583 -0.00371764 -0.00283769 0.00338349 -0.002775 
-0.00216782 -0.00327938 0.000473005 0.00341711 0.000663033 -0.00372602 0.00354153 0.0018 
-0.00253677 -0.003637 0.00198057 0.0102473 -0.00228386 -0.00295582 -0.00251954 -0.0021 
-0.00237695 0.00329123 -0.00111028 0.012805 0.00245242 -0.00344799 0.00275309 0.00135 
0.00341301 -4.08062e-005 0.000668888 0.021436 0.00378373 0.00155197 -0.00328747 -0.0024 
-0.000165719 -0.0014047 0.00080927 0.0317801 0.00412049 0.00102302 0.00298651 0.002775 
-0.00171254 -0.00177375 0.00119395 0.0422563 0.0030929 0.00314215 0.00260141 -0.003375 
0.00169706 0.00290065 0.000991289 0.0608732 0.00399669 -0.00326728 0.000656084 0.0006 
-0.000738857 0.000762927 0.000249823 0.0837423 0.00501484 0.00346328 -0.000828915 0.003075 
0.00162624 0.00102813 0.00394725 0.097592 -0.00130808 0.00104722 -0.00223657 -0.0036 
-0.00261226 -6.70253e-005 0.00174549 0.117227 0.00261237 -0.00123086 -0.00312752 -0.001875 
0.00154068 0.00196324 0.000401894 0.128259 0.00398268 -0.00271253 -0.00193818 0.002025 
0.00395586 0.00275684 0.00690909 0.1424 0.00036594 0.00356316 0.00222177 -0.0027 
-0.000844142 -0.000618161 0.000609091 0.137825 0.00156594 0.00333816 0.00334677 -0.0027 
0.00356568 -0.00238676 0.00265189 0.133284 0.00548268 0.00351247 0.00158682 -0.00195 
-0.00328726 0.000232975 0.00377049 0.116477 0.00118737 0.00364414 -0.00222752 -0.0012 
-0.00272376 -0.000246874 0.00552225 0.103217 0.00394192 -0.00112778 0.000838429 0.0018 
-0.00193886 -0.00133707 0.00242482 0.0799173 0.00441484 -0.00193673 0.00299608 0.00165 
-0.00115294 -0.00167435 0.00414129 0.0631232 0.00159669 0.000932725 0.000506084 0.000675 
0.00181246 -0.000723748 0.000818948 0.0402313 0.0013679 -0.00105785 -0.00264859 -0.001275 
0.00110928 -0.000729699 -0.00226573 0.0272801 0.00359549 -0.00115198 -0.00301349 0.0015 
-0.00063699 -0.00229081 -0.00255611 0.015886 -0.00229127 0.00155197 -0.00126247 0.002775 
-0.00290195 0.00246623 0.000914721 0.00897997 0.00305242 0.000377009 -0.00032191 0.003525 
0.000238227 -0.001537 -0.00199443 0.00379733 0.000566137 -0.00213082 -0.00274454 -0.0024 
0.00135718 -0.000654376 0.00294801 0.000867114 -0.00286197 0.00294898 0.000466532 0.002025 
23.5
0 0 0 
0 0 0 
0.775256 2.01404 0.802545 
0.879232 1.71887 0.639629 
2.35586 -1.59647 0.575563 
1.05545 0.230869 0.164422 
0.973288 -0.183997 0.24507 
0.97033 0.139911 0.124723 
0.903408 0.0575925 0.0835944 
0.981067 -0.22018 0.117634 
1.03979 0.167197 0.0752457 
0.999077 0.0271849 0.0276444 
0.96344 -0.118667 0.070711 
1.00557 -0.00425774 0.0512593 
0.902627 -0.0168043 0.0283909 
0.994774 -0.0135552 0.106472 
0.899167 -0.0287813 0.0373017 
0.89357 0.171533 0.0717515 
0.867316 0.113781 0.115743 
1.01893 0.207342 0.162249 
0.869121 -0.314851 0.221917 
0.966248 0.956181 0.417959 
0.854478 0.715551 0.530548 
2.69227 3.42961 4.33031 
0.412935 0.0293549 0.0555842 
-1.53267 -34.7952 39.5724 
0 0 0 
0 0 0 
0.891308 0.381051 1.07416 
0.778774 -0.501394 0.414457 
0.811774 0.450161 0.227111 
0.865901 0.505581 0.228047 
0.897204 -0.183549 0.150548 
0.913565 0.107953 0.0824239 
0.959643 -0.165253 0.0898484 
1.02339 -0.0262476 0.0222266 
0.975378 -0.123253 0.0892451 
0.878077 -0.0624814 0.0560117 
0.94906 0.147651 0.0626905 
0.902416 0.0588548 0.072506 
0.972285 0.061925 0.0588832 
0.9433 0.0671207 0.0550479 
0.945315 0.184474 0.0890061 
0.935537 0.113329 0.10094 
1.01083 -0.339253 0.134273 
1.09894 -0.29615 0.419202 
1.89111 0.723058 0.563439 
0.714596 0.453537 0.541675 
0 0 0 
0.170979 -0.251446 2.03175 
1.15981 0.0209418 0.278662 
0.983764 -0.0255832 0.0681938 
0.929875 0.15595 0.161913 
0.874024 0.0849357 0.3238 
0.951465 -0.0155435 0.0644873 
1.1139 0.0735005 0.20297 
