0
003
0
0
0
0
0
0
0
0
-1
0
0
-0.013638 0 0 0 0 
-0.027097 0 0 0 0 
-0.013638 0 0 0 0 
-0.010355 0 0 0 0 
-0.013638 0 0 0 0 
-0.00937 0 0 0 0 
-1.39368 0 0 0 0 
-1.24301 0 0 0 0 
0 0 0 0 0 
0 0 0 0 0 
0 0 0 0 0 
0 0 0 0 0 
0 0 0 0 0 
0 0 0 0 0 
0 0 0 0 0 
0 0 0 0 0 
-0.000668702 -0.000197048 -0.00126562 -0.000312486 -0.00302771 -0.00355044 0.00197115 -0.002175 
0.00128727 -0.000395558 -0.00260673 0.0031816 -0.00245789 -0.00110347 -0.0015338 0.0006 
-0.0011774 0.00100031 -0.000791335 0.00311477 -0.000955298 0.00182785 0.00142592 -0.0003 
-0.00371061 0.000699829 0.000658675 0.00968037 0.000370775 0.000684976 0.00328232 0.0024 
0.00148995 -0.000686756 -0.00335326 0.0156583 -0.00326235 -0.00113894 -0.00165685 0.002325 
-0.00184871 0.00112455 -0.00134913 0.030099 0.000685552 0.000497068 0.000715235 -0.00045 
0.00224944 -0.00136176 0.00224759 0.0386646 -0.00120293 0.00207595 -0.000698038 0.00345 
0.000808564 0.00025063 -0.00298935 0.0622693 0.00201598 0.00434117 0.000625545 -0.0021 
0.00117534 -0.00035299 0.00213512 0.0790479 0.0056674 0.00404166 0.000249854 -0.001575 
0.00139386 0.00362611 0.00321218 0.09797 -0.000943136 0.00143083 -0.001695 0.000825 
-0.00296877 -0.000747119 -0.00156993 0.112295 0.00110011 0.00462156 0.000989475 -0.001125 
7.89663e-005 0.000889754 0.000301174 0.129519 0.000258559 0.00297221 0.00227483 0 
0.0028049 0.00512985 -0.0012352 0.134255 0.00315328 0.00332628 -0.000788064 0.001725 
-0.0012451 0.00152985 0.0023648 0.13523 0.000528282 0.00122628 0.00183694 0.0012 
0.00127897 0.00486475 0.00217617 0.128694 0.00633356 0.00589721 0.000699827 -0.00045 
0.00348123 -0.00149712 -0.000969933 0.11777 -0.000549888 0.00679656 -0.000660525 0.000675 
0.00371886 0.000776106 0.00253718 0.10097 0.00595686 0.000605826 0.00333 0.00315 
-0.000324655 0.00062201 0.00213512 0.0774729 0.0046924 0.00224166 0.00437485 -0.000825 
-0.00151644 0.00197563 0.00383565 0.0555943 0.00479098 -0.000533834 0.00347554 0.000225 
-0.000900557 0.000513243 -0.00262741 0.0424146 0.000597074 0.00485095 -0.00107304 -0.00195 
0.00317629 0.000149552 0.00285087 0.031824 -0.00126445 0.00132207 0.000265235 0.0003 
-0.00338505 -0.00308676 0.00309674 0.0173833 0.00326265 0.00246106 -0.000756848 -0.003 
-0.00356061 0.00317483 0.000883675 0.0129804 -0.00240422 0.00345998 0.00133232 -0.000375 
0.000247602 -0.00147469 -0.00101634 0.00416477 -0.0033553 0.00310285 9.16641e-007 -7.5e-005 
0.00316227 0.00155444 0.000393271 0.0069316 -5.78946e-005 0.00197153 0.0032662 0.0027 
0.00240252 1.18199e-005 0.00128422 -0.000296465 -0.00372408 -0.00283315 0.00337932 -0.002775 
-0.00217009 -0.00327698 0.000392957 0.00350889 0.000650481 -0.00371718 0.00353342 0.0018 
-0.00254095 -0.00363258 0.00183308 0.0104164 -0.00230699 -0.00293954 -0.00253448 -0.0021 
-0.00238423 0.00329893 -0.00136734 0.0130997 0.00241211 -0.00341962 0.00272704 0.00135 
0.00340101 -2.81099e-005 0.000245071 0.0219219 0.00371727 0.00159875 -0.00333041 -0.0024 
-0.000184439 -0.0013849 0.000148274 0.0325379 0.00401685 0.00109598 0.00291954 0.002775 
-0.00174016 -0.00174453 0.000218755 0.0433744 0.00293999 0.00324979 0.00250259 -0.003375 
0.00165852 0.00294142 -0.000369703 0.0624335 0.00378329 -0.00311705 0.000518179 0.0006 
-0.000789743 0.000816753 -0.00154695 0.0858023 0.0047331 0.0036616 -0.00101098 0.003075 
0.00156269 0.00109535 0.00170335 0.100165 -0.00165992 0.0012949 -0.00246394 -0.0036 
-0.00268733 1.23864e-005 -0.000905362 0.120266 0.00219671 -0.000938269 -0.00339612 -0.001875 
0.00145678 0.00205198 -0.00256048 0.131655 0.00351817 -0.00238556 -0.00223835 0.002025 
0.00386717 0.00285065 0.00377748 0.14599 -0.000125102 0.00390882 0.00190445 -0.0027 
-0.000932832 -0.000524347 -0.00252252 0.141415 0.0010749 0.00368382 0.00302945 -0.0027 
0.00348178 -0.00229802 -0.000310481 0.13668 0.00501817 0.00383944 0.00128665 -0.00195 
-0.00336233 0.000312386 0.00111964 0.119516 0.000771715 0.00393673 -0.00249612 -0.0012 
-0.00278731 -0.000179654 0.00327835 0.10579 0.00359008 -0.000880102 0.000611063 0.0018 
-0.00198974 -0.00128325 0.000628051 0.0819773 0.0041331 -0.0017384 0.00281402 0.00165 
-0.00119148 -0.00163358 0.0027803 0.0646835 0.00138329 0.00108295 0.000368179 0.000675 
0.00178484 -0.000694534 -0.000156245 0.0413494 0.00121499 -0.000950214 -0.00274741 -0.001275 
0.00109056 -0.000709897 -0.00292673 0.0280379 0.00349185 -0.00107902 -0.00308046 0.0015 
-0.000648993 -0.00227811 -0.00297993 0.0163719 -0.00235773 0.00159875 -0.00130541 0.002775 
-0.00290923 0.00247393 0.000657663 0.00927468 0.00301211 0.000405382 -0.000347957 0.003525 
0.00023405 -0.00153258 -0.00214192 0.00396642 0.000543011 -0.00211454 -0.00275948 -0.0024 
0.00135491 -0.000651978 0.00286796 0.000958887 -0.00287452 0.00295782 0.000458421 0.002025 
23.5
0 0 0 
0 0 0 
0.700765 2.09256 0.808766 
0.82977 1.77101 0.625362 
2.221 -1.45442 0.523381 
1.00586 0.283105 0.174648 
0.921137 -0.129067 0.234324 
0.92495 0.187715 0.137829 
0.85955 0.103791 0.0962592 
0.933093 -0.169651 0.089904 
0.987466 0.222319 0.105496 
0.950288 0.0785789 0.0317029 
0.915504 -0.0681748 0.0667255 
0.955884 0.0480838 0.0369131 
0.858278 0.0299102 0.0384741 
0.94693 0.0368427 0.103365 
0.856441 0.0162225 0.033749 
0.849351 0.218114 0.097314 
0.822135 0.161373 0.12506 
0.968926 0.260022 0.176692 
0.830403 -0.274073 0.213939 
0.916111 1.00901 0.439625 
0.818108 0.753871 0.533581 
2.49415 3.63876 4.2898 
0.402499 0.0403459 0.0564523 
-1.3224 -34.649 39.3872 
0 0 0 
0 0 0 
0.911816 0.395095 1.0865 
0.796423 -0.489304 0.4298 
0.831126 0.463413 0.241472 
0.888804 0.521265 0.245043 
0.920195 -0.167801 0.167312 
0.936031 0.123339 0.101958 
0.984931 -0.14793 0.0746282 
1.04992 -0.00808054 0.041568 
1.0012 -0.105567 0.108073 
0.900209 -0.047322 0.0426916 
0.973775 0.164578 0.0810326 
0.925405 0.0745996 0.0924948 
0.997646 0.0792953 0.0403887 
0.966803 0.0832185 0.0403077 
0.969674 0.201157 0.103665 
0.958655 0.129163 0.0840808 
1.03891 -0.320016 0.15475 
1.12946 -0.275245 0.441452 
1.94892 0.76265 0.61371 
0.738043 0.469591 0.555781 
0 0 0 
0.189074 -0.239053 2.02086 
1.09934 0.08464 0.268815 
0.935349 0.0254156 0.0675114 
0.884328 0.203931 0.169963 
0.895618 0.0997252 0.335245 
0.976155 0.0013675 0.0686967 
1.1443 0.0943176 0.211194 
