0
003
0
0
0
0
0
0
0
0
1
0
0
0.001134 0 0 0 0 
-0.014623 0 0 0 0 
-0.00379 0 0 0 0 
-0.001492 0 0 0 0 
-0.002805 0 0 0 0 
0.006058 0 0 0 0 
-1.25548 0 0 0 0 
-1.28765 0 0 0 0 
0 0 0 0 0 
0 0 0 0 0 
0 0 0 0 0 
0 0 0 0 0 
0 0 0 0 0 
0 0 0 0 0 
0 0 0 0 0 
0 0 0 0 0 
-0.00060576 -1.01931e-005 -0.000720624 -0.00208118 -0.00267346 -0.00319848 0.00223815 -0.002175 
0.00140986 -3.16132e-005 -0.00154522 -0.000263342 -0.00176791 -0.000417941 -0.00101375 0.0006 
-0.000951521 0.00167087 0.00116446 -0.00323246 0.000315984 0.00309093 0.00238408 -0.0003 
-0.00331692 0.00186855 0.00406745 -0.00138228 0.0025865 0.0028864 0.00495231 0.0024 
0.00213902 0.00124014 0.00226686 -0.00258091 0.00039077 0.0024906 0.00109651 0.002325 
-0.000836393 0.00412979 0.00741616 0.0016527 0.00638304 0.00615778 0.00500944 -0.00045 
0.00374295 0.00307199 0.0151794 -0.00330341 0.00720281 0.0104274 0.00563738 0.00345 
0.00289292 0.00643843 0.0150584 0.00369826 0.0137471 0.0159966 0.00946733 -0.0021 
0.0039271 0.0078161 0.0259616 0.00172283 0.0211548 0.0194291 0.0119227 -0.001575 
0.00483039 0.0138281 0.0329679 0.00140259 0.0183983 0.0206474 0.0128826 0.000825 
0.001091 0.0113051 0.0335823 -0.00178605 0.0239493 0.0273232 0.0182109 -0.001125 
0.00461584 0.0143583 0.0395844 0.00203161 0.0257929 0.0283418 0.0215201 0 
0.00760096 0.0193678 0.0402922 -0.000515886 0.0301464 0.0301451 0.0195567 0.001725 
0.00355096 0.0157678 0.0438922 0.000459114 0.0275214 0.0280451 0.0221817 0.0012 
0.00581584 0.0183333 0.0414594 0.00120661 0.0318679 0.0312668 0.0199451 -0.00045 
0.007541 0.0105551 0.0341823 0.00368895 0.0222993 0.0294982 0.0165609 0.000675 
0.00715539 0.0109781 0.0322929 0.00440259 0.0252983 0.0198224 0.0179076 0.00315 
0.0024271 0.0087911 0.0259616 0.000147828 0.0201798 0.0176291 0.0160477 -0.000825 
0.000567922 0.00816343 0.0218834 -0.00297674 0.0165221 0.0111216 0.0123173 0.000225 
0.00059295 0.00494699 0.0103044 0.000446588 0.00900281 0.0132024 0.00526238 -0.00195 
0.00418861 0.00315479 0.0116162 0.0033777 0.00443304 0.00698278 0.00455944 0.0003 
-0.00273598 -0.00115986 0.00871686 -0.000855914 0.00691577 0.0060906 0.00199651 -0.003 
-0.00316692 0.00434355 0.00429245 0.00191772 -0.000188496 0.0056614 0.00300231 -0.000375 
0.000473479 -0.000804132 0.000939463 -0.00218246 -0.00208402 0.00436593 0.000959083 -7.5e-005 
0.00328486 0.00191839 0.00145478 0.00348666 0.00063209 0.00265706 0.00378625 0.0027 
0.0024699 0.000221465 0.00180408 -0.00216036 -0.00334463 -0.00243373 0.00366673 -0.002775 
-0.00203886 -0.00286865 0.0014055 -0.000121485 0.00138955 -0.00293921 0.00409321 0.0018 
-0.00229916 -0.00288024 0.00369868 0.00372754 -0.000945268 -0.00150613 -0.00150309 -0.0021 
-0.00196281 0.0046102 0.00188423 0.00144157 0.00478547 -0.000921328 0.00452466 0.00135 
0.00409581 0.0021338 0.00560599 0.00270097 0.00763028 0.00571773 -0.000366636 -0.0024 
0.000899193 0.00198687 0.0085093 0.00256046 0.0101197 0.00752004 0.00754191 0.002775 
-0.000141432 0.00322997 0.0125541 -0.00085262 0.0119437 0.0127275 0.00932217 -0.003375 
0.00388972 0.0098839 0.0168457 0.000709807 0.016349 0.0101101 0.0100357 0.0006 
0.00215587 0.00998217 0.0211807 0.00431504 0.0213223 0.021124 0.0115539 0.003075 
0.00524132 0.0125416 0.0300867 -0.00160069 0.0190574 0.0231028 0.0132278 -0.0036 
0.00165845 0.0135345 0.0326256 4.4276e-005 0.0266714 0.0248247 0.0151414 -0.001875 
0.00631328 0.0171632 0.034911 -0.00269475 0.0308691 0.0264051 0.0184777 0.002025 
0.00900111 0.0188251 0.0433897 0.00396553 0.0287883 0.0343442 0.023804 -0.0027 
0.00420111 0.0154501 0.0370896 -0.00060947 0.0299883 0.0341192 0.024929 -0.0027 
0.00833828 0.0128132 0.037161 0.00233025 0.0323691 0.0326301 0.0220027 -0.00195 
0.000983454 0.0138345 0.0346506 -0.000705724 0.0252464 0.0296997 0.0160414 -0.0012 
0.000891324 0.0112666 0.0316617 0.00402431 0.0243074 0.0209278 0.0163028 0.0018 
0.000955873 0.00788217 0.0233557 0.000490039 0.0207223 0.015724 0.0153789 0.00165 
0.00103972 0.0053089 0.0199957 0.00295981 0.013949 0.0143101 0.00988567 0.000675 
0.00338357 0.00427997 0.0121791 -0.00287762 0.0102187 0.00852747 0.00407217 -0.001275 
0.00217419 0.00266187 0.0054343 -0.00193954 0.00959466 0.00534504 0.00154192 0.0015 
4.58105e-005 -0.000116199 0.00238099 -0.00284903 0.00155528 0.00571773 0.00165836 0.002775 
-0.00248781 0.0037852 0.00390923 -0.00238343 0.00538547 0.00290367 0.00144966 0.003525 
0.000475841 -0.000780239 -0.000276319 -0.00272246 0.00190473 -0.000681135 -0.00172809 -0.0024 
0.00148614 -0.000243646 0.0038805 -0.00267149 -0.00213545 0.00373579 0.00101821 0.002025 
23.5
0 0 0 
0 0 0 
-0.727647 2.70093 1.26153 
-0.118528 2.17479 0.923342 
-0.366451 -0.355348 0.591944 
0.0552512 0.68735 0.297766 
-0.0787304 0.295949 0.410558 
0.0549527 0.557635 0.259199 
0.0187398 0.461264 0.265575 
0.0133634 0.221288 0.280507 
-0.0157118 0.64889 0.376255 
0.0149115 0.476261 0.327933 
-0.00351917 0.322497 0.224286 
0.00324649 0.453095 0.334319 
0.00804972 0.391362 0.244533 
0.0296717 0.426807 0.320497 
0.0373553 0.364431 0.225622 
0.0016212 0.578564 0.309707 
-0.0440352 0.529642 0.29688 
0.0102057 0.667701 0.325112 
0.0881618 0.0413797 0.297081 
-0.0451241 1.41803 0.7267 
0.1209 1.05046 0.754509 
-1.30894 5.26193 5.20536 
0.202476 0.125366 0.119787 
-9.6681 -30.7385 40.2803 
0 0 0 
0 0 0 
0.100374 0.786841 1.03887 
0.0981531 -0.152453 0.365967 
0.0654222 0.833087 0.352252 
-0.0174777 0.958839 0.401192 
0.0104654 0.271196 0.101275 
0.04709 0.55241 0.225697 
-0.015746 0.334975 0.290949 
0.000386688 0.498471 0.268361 
-0.0205011 0.387502 0.193604 
0.0244608 0.375316 0.277103 
-0.00419838 0.636645 0.320307 
0.0157828 0.513633 0.259226 
-0.00589329 0.563674 0.336763 
0.0367914 0.532104 0.296456 
0.00579867 0.666432 0.294623 
0.0438822 0.570708 0.354251 
-0.0723322 0.216181 0.173351 
-0.0781682 0.307502 0.301293 
-0.339455 1.86821 0.985613 
-0.189734 0.917498 0.501134 
0 0 0 
-0.526913 0.106332 2.06375 
-0.0602004 0.577561 0.432699 
0.00714455 0.420029 0.30119 
0.0111223 0.575223 0.357371 
0.041183 0.512128 0.3966 
-0.000815491 0.472888 0.278045 
-0.0584824 0.674973 0.391764 
