0
003
0
0
0
0
0
0
0
0
-1
0
0
-0.01134 0 0 0 0 
-0.024471 0 0 0 0 
-0.011668 0 0 0 0 
-0.00937 0 0 0 0 
-0.012653 0 0 0 0 
-0.007072 0 0 0 0 
-1.2092 0 0 0 0 
-1.20591 0 0 0 0 
0 0 0 0 0 
0 0 0 0 0 
0 0 0 0 0 
0 0 0 0 0 
0 0 0 0 0 
0 0 0 0 0 
0 0 0 0 0 
0 0 0 0 0 
-0.000640975 -0.000128943 -0.000931604 -0.0011352 -0.002872 -0.00342886 0.00208641 -0.002175 
0.00134127 -0.000262907 -0.00195616 0.00157918 -0.00215461 -0.000866662 -0.00130931 0.0006 
-0.0010779 0.00124472 0.000407329 0.00016235 -0.0003965 0.00226417 0.00183953 -0.0003 
-0.00353718 0.00112581 0.00274784 0.00453456 0.00134471 0.00144544 0.00400321 0.0024 
0.00177587 1.55634e-005 9.11854e-005 0.00717431 -0.0016566 0.000114856 -0.000468287 0.002325 
-0.00140277 0.00221991 0.00402292 0.0168672 0.00318991 0.00245251 0.00256894 -0.00045 
0.00290735 0.000254262 0.0101732 0.0191431 0.00249186 0.00496089 0.00203681 0.00345 
0.00172675 0.00250597 0.0080717 0.0350249 0.00717246 0.00836743 0.00444234 -0.0021 
0.00238753 0.00262449 0.0167378 0.0430801 0.0124749 0.0093571 0.00528875 -0.001575 
0.0029077 0.00734453 0.0214488 0.0530515 0.00755847 0.00806901 0.00459783 0.000825 
-0.00118039 0.00364568 0.0199741 0.05923 0.0111436 0.0124636 0.00842357 -0.001125 
0.00207752 0.00579879 0.024377 0.0702182 0.0114823 0.0117359 0.0105826 0 
0.00491763 0.0103193 0.024216 0.071566 0.0150182 0.0125906 0.00799428 0.001725 
0.000867625 0.00671933 0.027816 0.072541 0.0123932 0.0104906 0.0106193 0.0012 
0.00327752 0.00977379 0.026252 0.0693932 0.0175573 0.0146609 0.00900757 -0.00045 
0.00526961 0.00289568 0.0205741 0.064705 0.00949357 0.0146386 0.00677357 0.000675 
0.0052327 0.00449453 0.0207738 0.0560515 0.0144585 0.00724401 0.00962283 0.00315 
0.000887528 0.00359949 0.0167378 0.0415051 0.0114999 0.0075571 0.00941375 -0.000825 
-0.00059825 0.00423097 0.0148967 0.0283499 0.00994746 0.00349243 0.00729234 0.000225 
-0.000242648 0.00212926 0.00529818 0.0228931 0.00429186 0.00773589 0.00166181 -0.00195 
0.00362223 0.00124491 0.00822292 0.0185922 0.00123991 0.00327751 0.00211894 0.0003 
-0.00309913 -0.00238444 0.00654119 0.00889931 0.0048684 0.00371486 0.000431713 -0.003 
-0.00338718 0.00360081 0.00297284 0.00783456 -0.00143029 0.00422044 0.00205321 -0.000375 
0.000347104 -0.00123028 0.000182329 0.00121235 -0.0027965 0.00353917 0.000414535 -7.5e-005 
0.00321627 0.00168709 0.00104384 0.00532918 0.000245392 0.00220834 0.00349069 0.0027 
0.00244666 0.000135859 0.00171248 -0.00155801 -0.00347586 -0.00260279 0.00356537 -0.002775 
-0.00208413 -0.00303538 0.00122709 0.00105173 0.00113395 -0.00326851 0.00389579 0.0018 
-0.00238257 -0.00318745 0.00336996 0.00588916 -0.00141621 -0.00211286 -0.00186683 -0.0021 
-0.00210818 0.00407476 0.0013113 0.00520908 0.00396465 -0.0019788 0.00389071 0.00135 
0.00385612 0.00125102 0.00466139 0.00891255 0.00627698 0.00397426 -0.00141186 -0.0024 
0.000525369 0.000610058 0.00703608 0.0122482 0.00800903 0.00480088 0.00591176 0.002775 
-0.000692951 0.0011987 0.0103806 0.0134401 0.00882982 0.00871578 0.00691715 -0.003375 
0.00312001 0.00704904 0.0138123 0.0206569 0.0120032 0.00451136 0.00667918 0.0006 
0.00113971 0.0062396 0.017176 0.030649 0.015585 0.0137326 0.00712274 0.003075 
0.00397229 0.00786767 0.0250855 0.0312864 0.0118924 0.013872 0.00769384 -0.0036 
0.000159273 0.00801294 0.0267174 0.0388958 0.0182069 0.0139199 0.00860388 -0.001875 
0.00463792 0.0109928 0.0283085 0.0407226 0.0214099 0.0142187 0.0111719 0.002025 
0.00723004 0.0123022 0.0364099 0.0498632 0.0187887 0.0214616 0.0160808 -0.0027 
0.00243004 0.00892719 0.0301099 0.0452882 0.0199887 0.0212366 0.0172058 -0.0027 
0.00666292 0.00664275 0.0305585 0.0457476 0.0229099 0.0204437 0.0146969 -0.00195 
-0.000515728 0.00831294 0.0287424 0.0381458 0.0167819 0.0187949 0.00950388 -0.0012 
-0.000377706 0.00659267 0.0266605 0.0369114 0.0171424 0.011697 0.0107688 0.0018 
-6.02863e-005 0.0041396 0.019351 0.026824 0.014985 0.00833258 0.0109477 0.00165 
0.000270012 0.00247404 0.0169623 0.0229069 0.00960321 0.00871136 0.00652918 0.000675 
0.00283205 0.0022487 0.0100056 0.0114151 0.00710482 0.00451578 0.00166715 -0.001275 
0.00180037 0.00128506 0.00396108 0.00774818 0.00748403 0.00262588 -8.82352e-005 0.0015 
-0.000193878 -0.000998984 0.00143639 0.00336255 0.000201984 0.00397426 0.000613143 0.002775 
-0.00263318 0.00324976 0.0033363 0.00138408 0.00456465 0.0018462 0.000815707 0.003525 
0.00039243 -0.00108745 -0.000605039 -0.00056084 0.00143379 -0.00128786 -0.00209183 -0.0024 
0.00144087 -0.000410382 0.00370209 -0.00149827 -0.00239105 0.00340649 0.00082079 0.002025 
23.5
0 0 0 
0 0 0 
0.0365349 2.24753 1.06684 
0.388753 1.87385 0.79414 
1.01808 -1.17522 0.580574 
0.563769 0.385959 0.168368 
0.456142 -0.0209612 0.315923 
0.52034 0.28183 0.140782 
0.468512 0.194735 0.151132 
0.505359 -0.0702143 0.155318 
0.520932 0.330847 0.239687 
0.515279 0.179748 0.200605 
0.488098 0.031201 0.0992056 
0.512849 0.151115 0.20464 
0.462861 0.121861 0.128812 
0.520345 0.136046 0.195636 
0.475505 0.104804 0.114143 
0.455096 0.309822 0.194316 
0.419306 0.255066 0.200829 
0.523062 0.363748 0.194606 
0.4852 -0.19384 0.274512 
0.469078 1.11314 0.595772 
0.493846 0.829363 0.659538 
0.726523 4.05248 4.68371 
0.309462 0.0619776 0.0925693 
-6.96483 -32.6759 40.4373 
0 0 0 
0 0 0 
0.36266 0.594765 1.02383 
0.323852 -0.317649 0.349079 
0.312922 0.651837 0.26954 
0.275472 0.744297 0.341837 
0.30453 0.0559184 0.116552 
0.334433 0.342016 0.164407 
0.307725 0.0981632 0.225425 
0.339654 0.250071 0.19964 
0.309766 0.145708 0.126717 
0.307538 0.168068 0.219762 
0.311931 0.405168 0.256266 
0.309812 0.298351 0.199668 
0.318503 0.326154 0.271045 
0.337414 0.31199 0.235559 
0.31737 0.438288 0.231509 
0.339577 0.354197 0.294345 
0.286889 -0.04678 0.159158 
0.312221 0.0217113 0.272094 
0.400519 1.32609 0.835531 
0.110167 0.697887 0.484005 
0 0 0 
-0.295485 -0.0630387 2.07672 
0.560137 0.209997 0.329462 
0.503675 0.125801 0.174843 
0.478228 0.298398 0.25283 
0.31737 0.309907 0.35581 
0.31499 0.241669 0.214075 
0.330356 0.390236 0.328463 
