0
003
0
0
0
0
0
0
0
0
1
0
0
-0.013638 0 0 0 0 
-0.026769 0 0 0 0 
-0.013309 0 0 0 0 
-0.010355 0 0 0 0 
-0.012981 0 0 0 0 
-0.007729 0 0 0 0 
-1.33656 0 0 0 0 
-1.25023 0 0 0 0 
0 0 0 0 0 
0 0 0 0 0 
0 0 0 0 0 
0 0 0 0 0 
0 0 0 0 0 
0 0 0 0 0 
0 0 0 0 0 
0 0 0 0 0 
-0.000631482 -7.51548e-005 -0.00101851 -0.00132363 -0.00281793 -0.00331548 0.00213093 -0.002175 
0.00135976 -0.000158141 -0.00212543 0.00121216 -0.0020493 -0.000645824 -0.0012226 0.0006 
-0.00104383 0.00143774 9.54426e-005 -0.00051388 -0.000202463 0.00267106 0.00199929 -0.0003 
-0.00347781 0.00146224 0.00220425 0.00335595 0.0016829 0.00215461 0.00428165 0.0024 
0.00187377 0.000570242 -0.000805043 0.00523112 -0.00109902 0.00128408 -9.21808e-006 0.002325 
-0.00125009 0.003085 0.00262514 0.0138365 0.00405952 0.00427606 0.00328492 -0.00045 
0.00313261 0.00153056 0.00811098 0.0146719 0.00377483 0.00765125 0.00309312 0.00345 
0.00204112 0.00428719 0.00519367 0.0287848 0.008963 0.0121221 0.00591653 -0.0021 
0.00280255 0.00497605 0.0129383 0.0348419 0.0148388 0.014314 0.00723498 -0.001575 
0.003426 0.0102813 0.0167037 0.0427633 0.0105106 0.0142595 0.00702836 0.000825 
-0.000568086 0.00711503 0.0143684 0.0470759 0.0146311 0.0197768 0.0112949 -0.001125 
0.00276178 0.00967585 0.0181126 0.0566357 0.0153797 0.0199085 0.0137913 0 
0.00564098 0.0144179 0.0175937 0.0572076 0.0191382 0.0212301 0.0113864 0.001725 
0.00159098 0.0108179 0.0211937 0.0581826 0.0165132 0.0191301 0.0140114 0.0012 
0.00396178 0.0136509 0.0199876 0.0558107 0.0214547 0.0228335 0.0122163 -0.00045 
0.00588191 0.00636503 0.0149684 0.0525509 0.0129811 0.0219518 0.00964491 0.000675 
0.005751 0.00743127 0.0160287 0.0457633 0.0174106 0.0134345 0.0120534 0.00315 
0.00130255 0.00595105 0.0129383 0.0332669 0.0138638 0.012514 0.01136 -0.000825 
-0.000283882 0.00601219 0.0120187 0.0221098 0.011738 0.00724713 0.00876653 0.000225 
-1.73941e-005 0.00340556 0.00323598 0.0184219 0.00557483 0.0104263 0.00271812 -0.00195 
0.00377491 0.00211 0.00682514 0.0155615 0.00210952 0.00510106 0.00283492 0.0003 
-0.00300123 -0.00182976 0.00564496 0.00695612 0.00542598 0.00488408 0.000890782 -0.003 
-0.00332781 0.00393724 0.00242925 0.00665595 -0.0010921 0.00492961 0.00233165 -0.000375 
0.000381171 -0.00103726 -0.000129557 0.00053612 -0.00260246 0.00394606 0.00057429 -7.5e-005 
0.00323476 0.00179186 0.000874568 0.00496216 0.000350705 0.00242918 0.0035774 0.0027 
0.0024308 0.000110443 0.00143216 -0.0010462 -0.00356456 -0.00264046 0.0035017 -0.002775 
-0.00211501 -0.00308489 0.000681105 0.00204861 0.000961182 -0.00334188 0.00377178 0.0018 
-0.00243947 -0.00327866 0.00236399 0.00772589 -0.00173453 -0.00224805 -0.00209531 -0.0021 
-0.00220736 0.00391579 -0.000442013 0.00841034 0.00340985 -0.00221442 0.00349248 0.00135 
0.00369261 0.000988914 0.00177067 0.0141905 0.00536228 0.00358578 -0.00206843 -0.0024 
0.000270348 0.000201277 0.00252764 0.0204798 0.00658243 0.00419501 0.00488776 0.002775 
-0.00106919 0.000595614 0.00372912 0.0255846 0.0067251 0.00782191 0.00540639 -0.003375 
0.00259492 0.00620736 0.00452941 0.0376059 0.00906583 0.00326386 0.00457076 0.0006 
0.000446497 0.00512842 0.00492083 0.053025 0.0117071 0.0120856 0.00433921 0.003075 
0.00310657 0.00647997 0.00978063 0.0592306 0.00704952 0.0118152 0.00421764 -0.0036 
-0.000863459 0.00637357 0.00863681 0.071908 0.0124857 0.0114901 0.00449722 -0.001875 
0.003495 0.00916072 0.00810308 0.0776143 0.0150163 0.0115033 0.00658261 0.002025 
0.00602182 0.0103655 0.0150502 0.0888625 0.0120299 0.0185911 0.0112293 -0.0027 
0.00122182 0.0069905 0.00875023 0.0842875 0.0132299 0.0183661 0.0123543 -0.0027 
0.00552 0.00481072 0.0103531 0.0826393 0.0165163 0.0177283 0.0101076 -0.00195 
-0.00153846 0.00667357 0.0106618 0.071158 0.0110607 0.0163651 0.00539722 -0.0012 
-0.00124343 0.00520497 0.0113556 0.0648556 0.0122995 0.00964025 0.00729264 0.0018 
-0.000753503 0.00302842 0.00709583 0.0492 0.0111071 0.00668563 0.00816421 0.00165 
-0.000255076 0.00163236 0.00767941 0.0398559 0.00666583 0.00746386 0.00442076 0.000675 
0.00245581 0.00164561 0.00335412 0.0235596 0.0050001 0.00362191 0.000156393 -0.001275 
0.00154535 0.000876277 -0.000547364 0.0159798 0.00605743 0.00202001 -0.00111224 0.0015 
-0.000357392 -0.00126109 -0.00145433 0.00864052 -0.000712725 0.00358578 -4.34272e-005 0.002775 
-0.00273236 0.00309079 0.00158299 0.00458534 0.00400985 0.00161058 0.000417476 0.003525 
0.000335527 -0.00117866 -0.00161101 0.00127589 0.00111547 -0.00142305 -0.00232031 -0.0024 
0.00140999 -0.000459887 0.00315611 -0.000501389 -0.00256382 0.00333312 0.00069678 0.002025 
23.5
0 0 0 
0 0 0 
-0.115651 2.54269 1.02948 
0.287724 2.06981 0.76932 
0.742432 -0.640834 0.410281 
0.462496 0.582328 0.239344 
0.34962 0.185553 0.25012 
0.427655 0.461539 0.229981 
0.378936 0.368407 0.170435 
0.407376 0.119749 0.131212 
0.414058 0.538069 0.218019 
0.415628 0.372956 0.176091 
0.39019 0.221022 0.0961844 
0.411359 0.347887 0.179674 
0.372281 0.297475 0.1261 
0.422625 0.32551 0.171598 
0.388244 0.273985 0.11612 
0.364782 0.484928 0.192397 
0.327027 0.433976 0.156283 
0.420925 0.561787 0.276362 
0.406125 -0.0405422 0.225661 
0.366672 1.31173 0.570601 
0.419569 0.973398 0.641283 
0.321345 4.83893 4.58494 
0.288152 0.103288 0.0873267 
-4.67303 -32.5435 39.3896 
0 0 0 
0 0 0 
0.585488 0.605024 1.0917 
0.5156 -0.308759 0.434175 
0.523188 0.661514 0.32357 
0.524344 0.755742 0.342215 
0.554348 0.0674684 0.139387 
0.578543 0.353278 0.192424 
0.582519 0.110864 0.0902579 
0.627864 0.263376 0.125088 
0.590333 0.158671 0.0938842 
0.548025 0.179176 0.10147 
0.580491 0.417551 0.185866 
0.559601 0.309878 0.160274 
0.594083 0.338868 0.142147 
0.592802 0.323775 0.12719 
0.582058 0.45049 0.196222 
0.590781 0.365784 0.170774 
0.592045 -0.0326605 0.14881 
0.643847 0.0370476 0.419275 
1.02896 1.35486 0.702893 
0.364939 0.709607 0.561648 
0 0 0 
-0.0988757 -0.0539425 2.01663 
0.436606 0.449507 0.314385 
0.404788 0.317524 0.156983 
0.3852 0.478768 0.244146 
0.552004 0.320733 0.37339 
0.583274 0.254055 0.128427 
0.660654 0.405452 0.272473 
