64
0 1 0.969251 0.884174 
1 -1 0.978954 0.910916 
2 -1 0.983808 0.93342 
3 1 0.983764 0.951465 
4 -1 0.978823 0.964869 
5 1 0.969035 0.973502 
6 1 0.954495 0.977276 
7 -1 0.935349 0.976155 
8 -1 0.911787 0.970149 
9 1 0.884042 0.959318 
10 1 0.85239 0.94377 
11 -1 0.817145 0.923658 
12 1 0.778658 0.899184 
13 -1 0.73731 0.870589 
14 -1 0.693512 0.838157 
15 1 0.647699 0.802211 
16 -1 0.600327 0.763107 
17 1 0.551866 0.721235 
18 1 0.502797 0.677009 
19 -1 0.453608 0.630869 
20 1 0.404788 0.583274 
21 -1 0.356823 0.534696 
22 -1 0.310188 0.485617 
23 1 0.265349 0.436527 
24 1 0.22275 0.387912 
25 -1 0.182815 0.340257 
26 -1 0.145942 0.294033 
27 1 0.112497 0.249703 
28 -1 0.0828126 0.207705 
29 1 0.0571846 0.168458 
30 1 0.0358675 0.132352 
31 -1 0.0190737 0.0997465 
32 -1 0.00697007 0.0709654 
33 1 -0.0003229 0.046295 
34 1 -0.00273265 0.0259809 
35 -1 -0.00023522 0.0102252 
36 1 0.00714455 -0.000815491 
37 -1 0.0193332 -0.0070312 
38 -1 0.0362095 -0.00836012 
39 1 0.0576055 -0.00478904 
40 1 0.0833084 0.00364651 
41 -1 0.113063 0.0168626 
42 -1 0.146572 0.0347277 
43 1 0.183503 0.0570641 
44 -1 0.223489 0.0836497 
45 1 0.266132 0.11422 
46 1 0.311007 0.148471 
47 -1 0.357669 0.186061 
48 1 0.405654 0.226618 
49 -1 0.454484 0.269737 
50 -1 0.503675 0.31499 
51 1 0.552737 0.361927 
52 -1 0.601182 0.410081 
53 1 0.648531 0.458973 
54 1 0.694311 0.508118 
55 -1 0.738069 0.557028 
56 -1 0.779369 0.605215 
57 1 0.817802 0.652202 
58 1 0.852986 0.697521 
59 -1 0.884571 0.740723 
60 1 0.912244 0.781377 
61 -1 0.93573 0.819082 
62 -1 0.954795 0.853461 
63 1 0.969251 0.884174 
