19
0 3 0 0 0 0 0 
0 0 0 0 0 0 0 
0 0 0 0 0 0 0 
0 0 0 0 0 0 0 
0 0 0 0 0 0 0 
0 0 0 0 0 0 0 
0 0 0 0 0 0 0 
0 0 0 0 0 0 0 
0 0 0 0 0 0 0 
0 0 0 0 0 0 0 
0 0 0 0 0 0 0 
0 0 0 0 0 0 0 
0 0 0 0 0 0 0 
0 0 -0.000244141 0.000488281 -0.00195313 -0.000244141 0.00146484 
0.00219727 -0.000976563 0.627441 -0.000244141 0.00292969 -0.00195313 -0.00268555 
-0.000976563 0.00219727 -0.000976563 0.64209 -0.000244141 0.000488281 -0.00195313 
-0.00268555 0.00146484 -0.000244141 -0.00341797 0.651855 -0.000244141 0.000488281 
-0.00195313 -0.00268555 0.00146484 -0.000244141 -0.000976563 0.632324 0.00219727 
0.000488281 -0.00195313 -0.000244141 -0.000976563 -0.000244141 -0.000976563 0.622559 
1.66667 1.5 0 
0 0 0 
0 0 0 
0 0 0 
0 0 0 
0 0 0 
0 0 0 
0 0 0 
0 0 0 
0 0 0 
0 0 0 
0 0 0 
0 0 0 
0.000135634 0.000976565 0.00146484 
-0.349121 0.312744 -0.00268555 
0.00176324 0.000488283 -0.00195313 
0.000949434 -0.325195 0.000488281 
-0.00230577 -0.316284 0.00219727 
-0.000949438 -0.000488283 0.622559 
0.0731376 0.0652967 
-0.116508 -0.10995 
0.62775 0.593877 
